[107, 60, 162]
[110, 59, 165]
[108, 61, 166]
[108, 68, 169]
[109, 71, 169]
[107, 70, 165]
[105, 72, 166]
[107, 72, 167]
[105, 73, 164]
[107, 67, 164]
[108, 62, 164]
[110, 59, 165]
[110, 58, 166]
[109, 65, 166]
[107, 66, 165]
[109, 66, 163]
[111, 65, 166]
[109, 66, 163]
[109, 65, 164]
[110, 59, 163]
[110, 60, 162]
[108, 63, 162]
[110, 60, 162]
[109, 65, 164]
[110, 70, 168]
[111, 65, 166]
[109, 68, 166]
[112, 75, 169]
[113, 73, 168]
[111, 82, 171]
[111, 81, 166]
[112, 83, 165]
[112, 82, 162]
[113, 76, 162]
[112, 70, 161]
[110, 73, 160]
[112, 66, 158]
[113, 68, 161]
[112, 69, 162]
[111, 75, 163]
[112, 70, 161]
[112, 69, 162]
[112, 70, 161]
[111, 67, 159]
[111, 67, 160]
[109, 74, 162]
[109, 71, 159]
[110, 77, 163]
[110, 84, 166]
[109, 86, 164]
[109, 86, 164]
[110, 82, 164]
[111, 80, 162]
[112, 82, 162]
[112, 81, 163]
[113, 76, 161]
[112, 82, 162]
[113, 76, 161]
[112, 79, 162]
[113, 78, 164]
[115, 78, 166]
[115, 79, 164]
[112, 84, 163]
[114, 82, 162]
[113, 80, 159]
[110, 88, 159]
[109, 89, 157]
[111, 86, 163]
[111, 88, 159]
[114, 83, 159]
[115, 88, 163]
[114, 86, 160]
[112, 93, 157]
[113, 93, 159]
[112, 95, 158]
[109, 97, 155]
[110, 103, 156]
[111, 91, 154]
[111, 93, 157]
[111, 95, 158]
[110, 99, 157]
[110, 103, 156]
[111, 106, 157]
[113, 105, 158]
[111, 109, 157]
[111, 119, 159]
[111, 123, 158]
[110, 125, 157]
[110, 125, 161]
[111, 120, 161]
[112, 119, 163]
[114, 124, 162]
[111, 137, 155]
[113, 136, 157]
[111, 141, 157]
[110, 139, 152]
[109, 140, 151]
[109, 140, 151]
[108, 139, 150]
[109, 133, 152]
[112, 132, 158]
[111, 136, 156]
[110, 142, 153]
[110, 144, 151]
[110, 134, 150]
[112, 134, 152]
[112, 140, 155]
[113, 135, 151]
[113, 140, 153]
[112, 130, 149]
[113, 128, 149]
[112, 138, 148]
[110, 143, 148]
[110, 140, 151]
[111, 135, 153]
[111, 135, 153]
[111, 132, 151]
[112, 128, 152]
[111, 128, 152]
[112, 133, 157]
[107, 58, 168]
[110, 58, 166]
[109, 64, 167]
[107, 66, 167]
[108, 73, 171]
[107, 66, 167]
[105, 72, 167]
[107, 71, 169]
[107, 77, 170]
[108, 69, 167]
[107, 59, 163]
[110, 58, 168]
[108, 56, 164]
[109, 65, 166]
[107, 64, 163]
[109, 65, 164]
[110, 62, 164]
[109, 65, 164]
[109, 65, 165]
[109, 65, 165]
[108, 57, 160]
[108, 63, 162]
[107, 61, 160]
[112, 61, 164]
[111, 65, 166]
[111, 65, 166]
[107, 72, 166]
[109, 77, 170]
[111, 76, 172]
[111, 82, 172]
[111, 77, 169]
[112, 76, 174]
[112, 76, 168]
[113, 73, 167]
[110, 71, 165]
[112, 62, 168]
[114, 60, 165]
[115, 59, 161]
[112, 68, 164]
[110, 76, 165]
[110, 72, 162]
[112, 70, 160]
[111, 67, 159]
[110, 73, 161]
[111, 75, 163]
[109, 80, 162]
[108, 83, 162]
[111, 80, 162]
[110, 84, 161]
[109, 89, 163]
[109, 86, 164]
[110, 77, 162]
[111, 76, 162]
[111, 76, 162]
[112, 70, 160]
[110, 77, 162]
[112, 72, 162]
[110, 74, 158]
[112, 74, 159]
[114, 75, 159]
[116, 73, 158]
[115, 78, 160]
[113, 77, 159]
[113, 79, 161]
[113, 77, 159]
[111, 85, 159]
[109, 89, 157]
[111, 85, 159]
[112, 82, 161]
[114, 82, 162]
[114, 87, 159]
[115, 89, 160]
[113, 91, 157]
[113, 92, 160]
[114, 87, 159]
[112, 87, 158]
[111, 88, 159]
[112, 87, 158]
[110, 90, 155]
[111, 96, 157]
[112, 103, 151]
[110, 106, 152]
[112, 98, 159]
[111, 107, 160]
[110, 114, 157]
[111, 116, 162]
[110, 120, 164]
[111, 121, 164]
[111, 122, 159]
[110, 123, 156]
[113, 118, 158]
[113, 119, 157]
[113, 122, 161]
[112, 130, 161]
[110, 134, 162]
[110, 136, 159]
[109, 136, 157]
[109, 136, 156]
[109, 137, 154]
[110, 131, 150]
[111, 127, 156]
[110, 133, 159]
[110, 138, 157]
[110, 138, 153]
[111, 133, 150]
[111, 137, 151]
[110, 144, 150]
[112, 140, 155]
[112, 135, 155]
[113, 127, 156]
[112, 132, 158]
[111, 136, 156]
[109, 144, 156]
[110, 141, 154]
[111, 135, 153]
[111, 133, 155]
[111, 129, 154]
[112, 123, 154]
[112, 122, 155]
[112, 129, 158]
[108, 55, 168]
[108, 61, 168]
[111, 63, 170]
[109, 64, 167]
[108, 56, 163]
[108, 61, 166]
[109, 66, 170]
[107, 70, 172]
[108, 73, 172]
[107, 66, 167]
[108, 61, 166]
[108, 55, 166]
[108, 55, 166]
[108, 61, 166]
[108, 56, 163]
[109, 65, 166]
[110, 69, 169]
[111, 65, 166]
[112, 67, 168]
[109, 65, 164]
[109, 68, 166]
[112, 61, 164]
[112, 63, 167]
[112, 63, 167]
[112, 66, 169]
[108, 69, 166]
[106, 75, 166]
[109, 77, 169]
[108, 80, 169]
[110, 74, 170]
[111, 72, 170]
[110, 74, 169]
[112, 69, 169]
[110, 70, 167]
[116, 60, 167]
[114, 59, 161]
[114, 58, 164]
[114, 60, 165]
[111, 73, 167]
[110, 76, 165]
[110, 76, 165]
[111, 78, 167]
[113, 74, 166]
[112, 77, 166]
[113, 74, 166]
[112, 76, 168]
[112, 79, 168]
[110, 82, 164]
[109, 86, 164]
[109, 88, 166]
[110, 82, 164]
[112, 80, 166]
[111, 77, 160]
[110, 65, 156]
[110, 63, 155]
[108, 73, 158]
[109, 71, 158]
[110, 74, 158]
[112, 66, 158]
[113, 71, 162]
[112, 72, 163]
[112, 69, 162]
[110, 72, 162]
[113, 75, 164]
[112, 79, 161]
[114, 82, 162]
[115, 88, 162]
[112, 87, 158]
[113, 89, 161]
[114, 82, 161]
[112, 82, 161]
[111, 90, 162]
[115, 88, 163]
[114, 83, 159]
[114, 84, 158]
[113, 82, 156]
[112, 87, 158]
[111, 87, 156]
[111, 95, 158]
[109, 101, 157]
[110, 112, 160]
[111, 109, 159]
[112, 102, 157]
[111, 106, 157]
[110, 112, 159]
[111, 108, 160]
[110, 113, 158]
[112, 117, 157]
[111, 113, 158]
[111, 112, 159]
[111, 109, 159]
[112, 112, 161]
[113, 111, 159]
[111, 122, 159]
[109, 132, 157]
[109, 141, 156]
[109, 141, 155]
[111, 131, 158]
[111, 127, 156]
[110, 129, 156]
[110, 127, 154]
[110, 141, 154]
[110, 146, 157]
[110, 140, 155]
[111, 141, 157]
[110, 142, 153]
[109, 140, 151]
[110, 131, 154]
[111, 124, 156]
[112, 123, 157]
[112, 131, 156]
[111, 134, 154]
[109, 140, 151]
[110, 140, 151]
[111, 141, 147]
[110, 138, 146]
[111, 135, 144]
[113, 130, 147]
[113, 126, 152]
[114, 119, 157]
[110, 54, 166]
[107, 66, 167]
[107, 69, 167]
[107, 66, 167]
[107, 58, 166]
[108, 61, 168]
[112, 65, 172]
[109, 67, 167]
[111, 65, 166]
[108, 63, 163]
[110, 59, 163]
[108, 57, 161]
[107, 60, 161]
[110, 59, 164]
[108, 61, 166]
[111, 63, 169]
[111, 65, 166]
[112, 67, 168]
[112, 67, 168]
[110, 62, 164]
[112, 61, 164]
[112, 63, 166]
[113, 65, 169]
[111, 64, 167]
[111, 64, 167]
[110, 70, 168]
[111, 65, 166]
[111, 72, 170]
[111, 65, 166]
[110, 70, 168]
[109, 68, 166]
[110, 70, 168]
[109, 68, 166]
[112, 67, 168]
[113, 67, 164]
[113, 67, 164]
[115, 63, 165]
[112, 64, 163]
[112, 67, 167]
[111, 73, 167]
[111, 74, 166]
[113, 74, 166]
[111, 76, 162]
[112, 71, 165]
[110, 70, 168]
[113, 65, 170]
[113, 68, 170]
[112, 71, 166]
[109, 78, 166]
[108, 81, 166]
[110, 81, 167]
[112, 77, 166]
[110, 72, 162]
[113, 68, 162]
[110, 65, 157]
[111, 67, 160]
[110, 73, 160]
[111, 76, 162]
[112, 72, 163]
[111, 75, 163]
[109, 71, 159]
[110, 73, 161]
[110, 72, 162]
[112, 70, 160]
[112, 82, 162]
[113, 77, 159]
[114, 82, 168]
[113, 86, 167]
[113, 89, 166]
[111, 88, 159]
[111, 91, 159]
[109, 93, 161]
[110, 88, 160]
[112, 86, 161]
[114, 83, 159]
[112, 84, 157]
[112, 83, 159]
[110, 86, 157]
[110, 97, 161]
[108, 102, 160]
[109, 105, 161]
[111, 102, 162]
[111, 103, 161]
[112, 100, 161]
[112, 102, 158]
[111, 106, 157]
[111, 106, 157]
[113, 104, 160]
[113, 104, 159]
[111, 113, 158]
[111, 110, 157]
[112, 112, 161]
[113, 120, 159]
[114, 115, 157]
[110, 127, 159]
[110, 135, 161]
[110, 132, 164]
[111, 129, 164]
[112, 127, 161]
[111, 131, 158]
[111, 132, 156]
[112, 131, 160]
[112, 132, 158]
[112, 137, 158]
[110, 131, 154]
[110, 128, 157]
[110, 129, 152]
[110, 133, 151]
[110, 132, 149]
[111, 133, 149]
[112, 138, 148]
[111, 137, 154]
[113, 137, 156]
[111, 137, 155]
[112, 138, 157]
[112, 134, 156]
[112, 132, 158]
[111, 131, 158]
[114, 121, 150]
[113, 128, 153]
[108, 56, 164]
[108, 62, 165]
[108, 57, 162]
[107, 64, 163]
[105, 70, 165]
[106, 66, 166]
[110, 58, 168]
[109, 64, 167]
[110, 61, 167]
[111, 57, 165]
[111, 57, 165]
[108, 56, 163]
[108, 56, 163]
[110, 61, 167]
[112, 66, 170]
[112, 62, 168]
[114, 59, 169]
[113, 63, 174]
[112, 59, 170]
[111, 56, 169]
[108, 61, 168]
[111, 64, 168]
[109, 71, 169]
[109, 67, 167]
[112, 67, 168]
[109, 67, 167]
[110, 70, 168]
[111, 65, 166]
[111, 64, 167]
[109, 71, 168]
[111, 65, 166]
[109, 65, 164]
[109, 67, 167]
[112, 63, 166]
[112, 64, 163]
[111, 65, 165]
[109, 69, 163]
[112, 67, 167]
[110, 70, 168]
[112, 69, 169]
[111, 73, 167]
[112, 70, 167]
[110, 70, 167]
[112, 67, 167]
[109, 69, 163]
[112, 68, 165]
[112, 71, 166]
[111, 74, 166]
[110, 71, 165]
[109, 66, 163]
[109, 68, 166]
[111, 65, 165]
[114, 71, 169]
[114, 72, 167]
[111, 75, 163]
[112, 72, 162]
[112, 77, 165]
[111, 79, 165]
[113, 74, 165]
[111, 79, 165]
[111, 81, 166]
[110, 84, 161]
[110, 76, 155]
[109, 77, 156]
[111, 77, 160]
[111, 77, 160]
[112, 72, 162]
[112, 79, 162]
[112, 83, 160]
[111, 92, 163]
[111, 92, 163]
[110, 98, 166]
[109, 88, 160]
[111, 83, 162]
[113, 79, 162]
[111, 77, 159]
[112, 75, 157]
[112, 81, 157]
[109, 90, 155]
[110, 88, 160]
[111, 90, 161]
[112, 84, 157]
[113, 88, 163]
[114, 86, 161]
[112, 102, 158]
[112, 101, 154]
[110, 104, 155]
[111, 98, 154]
[111, 105, 158]
[111, 109, 159]
[110, 113, 162]
[112, 115, 164]
[113, 117, 159]
[112, 122, 159]
[112, 128, 160]
[112, 128, 159]
[112, 128, 160]
[111, 128, 161]
[111, 129, 154]
[113, 127, 154]
[115, 128, 157]
[113, 132, 155]
[112, 134, 156]
[112, 135, 160]
[111, 134, 158]
[112, 129, 158]
[112, 135, 155]
[113, 136, 157]
[112, 134, 156]
[112, 133, 157]
[112, 135, 155]
[113, 136, 157]
[112, 138, 157]
[112, 132, 154]
[111, 134, 154]
[111, 131, 152]
[110, 132, 149]
[112, 133, 153]
[112, 124, 152]
[112, 123, 157]
[108, 61, 168]
[108, 56, 164]
[107, 59, 163]
[110, 59, 165]
[105, 60, 166]
[107, 62, 168]
[107, 58, 166]
[109, 63, 170]
[108, 61, 168]
[110, 58, 168]
[111, 56, 168]
[110, 54, 166]
[114, 56, 170]
[112, 62, 168]
[114, 59, 168]
[113, 65, 170]
[115, 56, 168]
[115, 62, 169]
[111, 59, 161]
[111, 58, 162]
[110, 59, 165]
[110, 61, 166]
[109, 70, 171]
[109, 66, 169]
[110, 69, 170]
[111, 64, 167]
[113, 65, 169]
[111, 64, 167]
[111, 65, 166]
[109, 71, 168]
[109, 65, 164]
[108, 63, 163]
[110, 59, 163]
[112, 60, 165]
[115, 62, 169]
[112, 63, 167]
[109, 68, 166]
[112, 68, 165]
[112, 68, 164]
[112, 71, 165]
[111, 74, 165]
[112, 71, 166]
[113, 72, 171]
[111, 72, 169]
[110, 70, 167]
[112, 67, 167]
[112, 71, 166]
[111, 75, 163]
[112, 69, 163]
[109, 67, 160]
[111, 65, 165]
[111, 65, 165]
[114, 72, 167]
[114, 73, 164]
[113, 75, 164]
[111, 76, 162]
[111, 79, 165]
[110, 76, 165]
[112, 77, 166]
[111, 75, 164]
[110, 81, 166]
[110, 82, 164]
[110, 77, 162]
[111, 76, 162]
[110, 77, 162]
[110, 73, 160]
[112, 72, 163]
[112, 78, 164]
[111, 84, 161]
[111, 91, 165]
[112, 93, 168]
[111, 88, 166]
[109, 86, 164]
[110, 86, 164]
[109, 81, 160]
[109, 75, 160]
[111, 69, 156]
[111, 77, 159]
[111, 82, 159]
[110, 88, 160]
[111, 87, 162]
[112, 87, 159]
[114, 86, 160]
[114, 87, 159]
[112, 94, 160]
[112, 100, 156]
[110, 102, 153]
[112, 100, 155]
[111, 107, 159]
[111, 111, 156]
[111, 110, 158]
[112, 115, 159]
[113, 120, 159]
[112, 122, 155]
[111, 126, 158]
[112, 130, 161]
[110, 132, 160]
[110, 127, 159]
[112, 128, 160]
[114, 126, 160]
[115, 127, 155]
[113, 136, 157]
[110, 146, 157]
[110, 137, 158]
[112, 135, 160]
[113, 131, 156]
[113, 133, 157]
[113, 134, 156]
[112, 135, 155]
[113, 132, 158]
[115, 127, 155]
[114, 131, 158]
[113, 132, 159]
[111, 133, 155]
[112, 131, 156]
[110, 127, 154]
[111, 129, 154]
[113, 128, 155]
[114, 123, 155]
[112, 127, 153]
[109, 51, 164]
[109, 52, 161]
[110, 55, 162]
[111, 58, 164]
[110, 59, 164]
[107, 59, 164]
[103, 67, 164]
[107, 69, 166]
[107, 66, 166]
[110, 61, 167]
[114, 56, 167]
[114, 59, 168]
[115, 56, 167]
[113, 68, 170]
[109, 67, 167]
[112, 66, 170]
[109, 67, 168]
[112, 66, 171]
[112, 66, 170]
[114, 57, 166]
[111, 64, 168]
[111, 65, 166]
[109, 77, 170]
[109, 71, 169]
[109, 71, 169]
[112, 60, 166]
[112, 60, 167]
[111, 63, 169]
[112, 66, 171]
[109, 67, 168]
[110, 59, 163]
[107, 64, 163]
[107, 64, 163]
[109, 65, 165]
[109, 65, 165]
[111, 65, 166]
[111, 65, 166]
[113, 68, 170]
[115, 73, 171]
[113, 73, 168]
[112, 78, 170]
[113, 73, 168]
[116, 68, 168]
[114, 71, 169]
[112, 68, 165]
[112, 67, 168]
[113, 65, 168]
[112, 63, 166]
[113, 65, 168]
[112, 63, 166]
[113, 65, 168]
[111, 65, 166]
[112, 70, 167]
[112, 76, 167]
[111, 80, 168]
[111, 78, 166]
[108, 81, 166]
[110, 75, 166]
[113, 73, 168]
[111, 75, 164]
[113, 76, 168]
[112, 76, 167]
[113, 75, 169]
[112, 77, 166]
[113, 75, 164]
[112, 81, 164]
[113, 76, 162]
[111, 79, 165]
[111, 79, 164]
[111, 83, 168]
[112, 79, 162]
[112, 80, 166]
[111, 81, 161]
[111, 84, 161]
[110, 83, 162]
[110, 72, 162]
[111, 68, 158]
[111, 77, 160]
[111, 83, 163]
[111, 89, 164]
[111, 92, 164]
[111, 91, 159]
[114, 86, 161]
[112, 90, 161]
[111, 95, 159]
[112, 100, 156]
[113, 99, 157]
[113, 101, 159]
[111, 107, 159]
[113, 107, 160]
[111, 109, 159]
[111, 116, 163]
[111, 116, 162]
[112, 117, 157]
[112, 122, 159]
[110, 126, 156]
[109, 139, 154]
[109, 143, 153]
[110, 142, 153]
[110, 129, 156]
[111, 124, 161]
[109, 127, 159]
[109, 134, 158]
[111, 132, 156]
[113, 136, 157]
[115, 127, 154]
[115, 127, 154]
[114, 132, 157]
[113, 131, 156]
[113, 132, 159]
[113, 131, 160]
[113, 130, 157]
[112, 131, 156]
[110, 132, 157]
[110, 131, 158]
[110, 129, 156]
[110, 133, 151]
[113, 130, 153]
[114, 119, 157]
[113, 121, 158]
[108, 52, 166]
[108, 55, 166]
[110, 58, 166]
[110, 59, 164]
[108, 56, 163]
[110, 58, 168]
[108, 55, 166]
[109, 63, 170]
[110, 60, 170]
[111, 56, 168]
[113, 53, 169]
[115, 55, 172]
[115, 61, 172]
[112, 66, 170]
[107, 71, 168]
[109, 71, 169]
[111, 65, 166]
[110, 70, 168]
[112, 67, 168]
[114, 60, 166]
[112, 63, 166]
[111, 65, 166]
[110, 74, 170]
[109, 76, 171]
[109, 71, 168]
[112, 60, 165]
[112, 60, 166]
[110, 62, 165]
[110, 62, 165]
[110, 59, 164]
[108, 62, 164]
[110, 59, 163]
[110, 60, 162]
[109, 65, 165]
[108, 68, 169]
[108, 68, 168]
[111, 64, 167]
[110, 69, 169]
[111, 64, 167]
[110, 69, 169]
[109, 67, 168]
[110, 69, 170]
[111, 72, 171]
[113, 71, 172]
[112, 75, 171]
[113, 67, 163]
[113, 67, 164]
[112, 65, 162]
[112, 63, 166]
[112, 67, 168]
[109, 68, 166]
[112, 67, 167]
[112, 69, 169]
[112, 75, 171]
[113, 73, 167]
[111, 75, 164]
[111, 66, 162]
[110, 71, 165]
[112, 69, 169]
[112, 75, 169]
[112, 76, 168]
[111, 74, 165]
[112, 77, 165]
[112, 78, 164]
[113, 78, 164]
[112, 77, 165]
[113, 76, 167]
[111, 79, 164]
[111, 81, 166]
[111, 79, 164]
[113, 76, 162]
[112, 81, 163]
[114, 81, 164]
[112, 84, 163]
[113, 78, 164]
[112, 78, 164]
[109, 80, 162]
[110, 83, 162]
[110, 86, 163]
[109, 92, 163]
[109, 95, 159]
[111, 85, 159]
[114, 82, 162]
[111, 87, 161]
[112, 95, 163]
[110, 95, 163]
[110, 97, 161]
[113, 95, 164]
[113, 98, 164]
[113, 102, 163]
[111, 105, 162]
[110, 115, 160]
[110, 119, 161]
[111, 113, 158]
[111, 110, 157]
[110, 115, 159]
[109, 124, 162]
[109, 128, 158]
[110, 128, 157]
[110, 125, 153]
[111, 123, 154]
[110, 126, 156]
[110, 128, 157]
[111, 134, 158]
[114, 129, 160]
[114, 128, 158]
[115, 126, 156]
[114, 130, 155]
[111, 131, 158]
[112, 131, 160]
[113, 134, 160]
[111, 132, 160]
[111, 137, 162]
[110, 136, 156]
[109, 141, 156]
[110, 140, 158]
[110, 136, 156]
[110, 129, 156]
[111, 123, 157]
[113, 120, 160]
[110, 53, 168]
[111, 56, 169]
[108, 60, 170]
[108, 55, 168]
[108, 60, 170]
[110, 54, 166]
[113, 54, 166]
[112, 51, 164]
[113, 53, 169]
[113, 47, 167]
[115, 50, 169]
[113, 47, 167]
[112, 50, 167]
[110, 57, 170]
[107, 58, 168]
[110, 58, 168]
[110, 61, 168]
[109, 67, 167]
[112, 67, 168]
[109, 67, 167]
[109, 67, 167]
[111, 64, 167]
[110, 69, 169]
[108, 69, 166]
[109, 71, 168]
[109, 68, 166]
[112, 67, 168]
[108, 69, 166]
[109, 71, 170]
[108, 69, 167]
[112, 66, 169]
[109, 68, 166]
[108, 69, 167]
[109, 71, 169]
[108, 74, 170]
[107, 66, 167]
[109, 65, 166]
[109, 67, 167]
[112, 67, 168]
[109, 68, 166]
[109, 71, 169]
[107, 72, 166]
[106, 75, 166]
[108, 74, 168]
[108, 74, 168]
[110, 70, 168]
[110, 62, 164]
[109, 67, 161]
[110, 72, 162]
[111, 67, 160]
[112, 69, 162]
[113, 69, 166]
[116, 63, 167]
[115, 65, 169]
[115, 63, 165]
[115, 63, 165]
[112, 67, 167]
[111, 65, 165]
[108, 70, 163]
[110, 76, 165]
[111, 75, 164]
[109, 73, 164]
[106, 77, 162]
[108, 76, 164]
[109, 78, 166]
[110, 80, 169]
[109, 86, 170]
[110, 81, 166]
[108, 83, 163]
[110, 77, 162]
[113, 75, 164]
[112, 78, 164]
[111, 81, 161]
[111, 82, 164]
[109, 88, 166]
[110, 86, 163]
[109, 88, 160]
[111, 89, 164]
[109, 92, 164]
[111, 88, 165]
[112, 87, 167]
[112, 84, 164]
[115, 86, 166]
[112, 90, 161]
[112, 95, 163]
[109, 95, 161]
[110, 97, 166]
[110, 95, 164]
[112, 95, 163]
[110, 101, 162]
[108, 110, 160]
[110, 112, 159]
[110, 112, 159]
[109, 116, 161]
[109, 114, 159]
[109, 110, 158]
[110, 107, 157]
[112, 110, 160]
[111, 113, 158]
[112, 119, 159]
[112, 121, 156]
[112, 133, 157]
[112, 135, 155]
[112, 141, 161]
[113, 144, 165]
[112, 141, 161]
[112, 134, 156]
[112, 138, 157]
[111, 145, 157]
[109, 145, 155]
[110, 150, 153]
[111, 149, 152]
[110, 145, 153]
[110, 153, 160]
[109, 150, 156]
[109, 149, 157]
[109, 145, 155]
[109, 139, 152]
[109, 136, 156]
[109, 131, 154]
[110, 54, 166]
[111, 57, 166]
[107, 59, 163]
[110, 59, 165]
[108, 61, 168]
[108, 55, 167]
[110, 54, 166]
[111, 48, 164]
[112, 51, 166]
[113, 48, 166]
[113, 53, 169]
[113, 47, 167]
[113, 47, 167]
[113, 54, 166]
[113, 54, 165]
[110, 55, 163]
[108, 56, 163]
[109, 65, 166]
[111, 63, 169]
[109, 66, 169]
[112, 66, 170]
[109, 68, 166]
[110, 70, 168]
[108, 69, 167]
[108, 69, 167]
[109, 71, 169]
[109, 67, 167]
[108, 74, 169]
[106, 75, 167]
[109, 71, 168]
[111, 65, 166]
[110, 69, 169]
[111, 64, 167]
[110, 70, 168]
[112, 67, 168]
[109, 65, 165]
[108, 62, 164]
[110, 62, 165]
[111, 64, 167]
[112, 67, 168]
[108, 69, 166]
[108, 74, 169]
[107, 77, 169]
[107, 72, 167]
[108, 69, 167]
[110, 70, 168]
[110, 60, 162]
[108, 63, 162]
[109, 65, 164]
[111, 65, 166]
[111, 65, 165]
[113, 66, 167]
[112, 64, 163]
[113, 66, 167]
[112, 63, 166]
[113, 66, 165]
[112, 68, 164]
[111, 66, 162]
[110, 72, 163]
[110, 81, 166]
[111, 81, 167]
[109, 74, 162]
[109, 73, 164]
[108, 70, 163]
[108, 77, 163]
[110, 81, 166]
[109, 86, 164]
[109, 80, 163]
[109, 79, 164]
[110, 77, 163]
[113, 74, 165]
[112, 76, 167]
[112, 78, 169]
[111, 78, 166]
[109, 86, 164]
[110, 84, 166]
[110, 82, 164]
[109, 88, 166]
[111, 87, 168]
[111, 83, 168]
[111, 88, 166]
[111, 85, 165]
[115, 84, 169]
[112, 88, 166]
[110, 97, 161]
[109, 103, 163]
[110, 99, 165]
[110, 97, 161]
[110, 97, 161]
[110, 99, 162]
[109, 106, 163]
[109, 110, 165]
[109, 111, 163]
[110, 115, 160]
[109, 116, 161]
[110, 112, 159]
[111, 110, 158]
[111, 110, 155]
[111, 113, 151]
[112, 118, 155]
[110, 125, 157]
[112, 126, 162]
[112, 133, 163]
[112, 140, 162]
[111, 149, 163]
[111, 145, 160]
[110, 142, 156]
[111, 144, 158]
[110, 145, 158]
[109, 148, 155]
[110, 146, 157]
[111, 145, 157]
[110, 145, 158]
[110, 142, 156]
[109, 143, 157]
[110, 143, 160]
[110, 136, 159]
[110, 132, 156]
[109, 141, 152]
[110, 132, 157]
[112, 59, 168]
[111, 64, 168]
[109, 67, 168]
[107, 66, 167]
[107, 62, 168]
[108, 61, 166]
[108, 61, 168]
[110, 54, 166]
[110, 58, 168]
[110, 58, 168]
[113, 53, 168]
[113, 53, 168]
[112, 51, 166]
[115, 51, 166]
[111, 57, 166]
[112, 59, 170]
[110, 57, 170]
[108, 60, 170]
[110, 59, 172]
[109, 64, 167]
[110, 59, 164]
[108, 63, 163]
[107, 63, 165]
[108, 68, 168]
[110, 69, 169]
[109, 67, 167]
[109, 67, 167]
[112, 66, 169]
[110, 69, 169]
[108, 69, 167]
[109, 70, 171]
[110, 61, 168]
[113, 64, 172]
[112, 62, 170]
[112, 66, 171]
[109, 66, 169]
[110, 69, 170]
[111, 65, 166]
[109, 68, 166]
[112, 67, 168]
[112, 69, 170]
[111, 72, 170]
[112, 67, 168]
[111, 72, 170]
[111, 65, 166]
[113, 65, 168]
[114, 58, 164]
[111, 58, 162]
[108, 57, 160]
[110, 63, 161]
[110, 70, 167]
[112, 64, 163]
[113, 65, 168]
[112, 63, 166]
[113, 66, 165]
[114, 59, 159]
[113, 55, 161]
[114, 57, 165]
[112, 63, 167]
[110, 74, 169]
[110, 81, 167]
[111, 78, 166]
[109, 73, 164]
[108, 70, 163]
[109, 72, 167]
[110, 74, 169]
[112, 71, 166]
[111, 74, 165]
[114, 73, 165]
[116, 70, 164]
[114, 73, 165]
[111, 80, 169]
[111, 77, 168]
[111, 80, 170]
[111, 78, 167]
[110, 83, 169]
[110, 83, 169]
[112, 77, 166]
[113, 75, 164]
[111, 82, 164]
[112, 80, 166]
[112, 78, 164]
[115, 78, 160]
[113, 89, 161]
[110, 100, 161]
[111, 100, 165]
[111, 93, 161]
[110, 99, 162]
[110, 99, 162]
[111, 96, 157]
[111, 107, 159]
[111, 109, 159]
[110, 118, 162]
[111, 118, 160]
[110, 116, 158]
[109, 123, 159]
[109, 128, 158]
[109, 120, 155]
[109, 120, 155]
[112, 117, 157]
[112, 116, 156]
[112, 122, 159]
[113, 125, 159]
[112, 128, 159]
[111, 129, 160]
[111, 127, 157]
[110, 133, 159]
[109, 143, 160]
[108, 155, 156]
[109, 148, 155]
[110, 145, 158]
[111, 147, 161]
[111, 141, 157]
[111, 134, 154]
[111, 131, 152]
[110, 133, 151]
[110, 131, 150]
[111, 132, 151]
[110, 132, 153]
[110, 126, 156]
[110, 58, 166]
[111, 64, 167]
[107, 72, 167]
[107, 71, 168]
[105, 72, 167]
[107, 62, 168]
[110, 57, 169]
[108, 61, 166]
[110, 59, 164]
[111, 58, 164]
[115, 56, 167]
[114, 58, 164]
[112, 52, 162]
[115, 52, 163]
[110, 59, 165]
[110, 61, 166]
[109, 65, 166]
[110, 59, 165]
[110, 59, 165]
[109, 64, 168]
[107, 59, 164]
[110, 59, 165]
[107, 60, 162]
[110, 59, 165]
[107, 59, 163]
[110, 61, 167]
[110, 69, 170]
[111, 64, 167]
[112, 66, 169]
[109, 67, 167]
[112, 66, 171]
[109, 67, 168]
[109, 67, 168]
[112, 66, 170]
[112, 68, 172]
[111, 72, 171]
[111, 64, 167]
[110, 69, 169]
[109, 67, 168]
[112, 66, 169]
[112, 67, 168]
[112, 69, 170]
[110, 70, 168]
[112, 67, 168]
[112, 67, 167]
[115, 63, 167]
[114, 58, 164]
[112, 60, 165]
[111, 65, 166]
[111, 65, 166]
[112, 67, 168]
[109, 66, 163]
[113, 66, 167]
[114, 61, 163]
[114, 61, 163]
[116, 60, 165]
[113, 55, 161]
[115, 55, 163]
[114, 61, 162]
[112, 71, 165]
[111, 77, 168]
[109, 78, 167]
[107, 79, 164]
[108, 77, 163]
[109, 79, 165]
[112, 77, 166]
[110, 73, 161]
[112, 72, 164]
[112, 76, 167]
[114, 72, 167]
[113, 74, 166]
[111, 86, 170]
[110, 84, 167]
[112, 81, 169]
[113, 74, 165]
[111, 80, 168]
[111, 80, 169]
[112, 77, 166]
[112, 72, 164]
[110, 76, 165]
[112, 70, 161]
[111, 76, 162]
[116, 71, 162]
[114, 82, 168]
[112, 92, 169]
[112, 95, 170]
[110, 97, 166]
[112, 94, 165]
[112, 95, 163]
[111, 106, 163]
[110, 113, 158]
[111, 117, 161]
[111, 118, 160]
[110, 120, 159]
[110, 120, 163]
[109, 127, 162]
[109, 129, 164]
[108, 130, 161]
[110, 125, 161]
[110, 123, 156]
[112, 121, 156]
[113, 124, 161]
[112, 123, 158]
[112, 123, 158]
[112, 120, 157]
[112, 128, 159]
[110, 133, 151]
[110, 139, 156]
[111, 145, 164]
[110, 153, 163]
[111, 152, 159]
[112, 141, 161]
[111, 132, 160]
[112, 133, 157]
[110, 129, 152]
[111, 129, 154]
[110, 131, 150]
[111, 129, 154]
[111, 126, 158]
[111, 123, 157]
[112, 50, 168]
[111, 57, 166]
[110, 59, 165]
[107, 59, 163]
[108, 56, 163]
[108, 62, 165]
[108, 62, 165]
[110, 59, 165]
[111, 57, 165]
[111, 57, 165]
[114, 57, 173]
[117, 53, 172]
[117, 54, 169]
[115, 51, 165]
[112, 52, 163]
[110, 59, 165]
[110, 59, 165]
[110, 55, 163]
[112, 60, 167]
[112, 59, 168]
[112, 59, 168]
[112, 62, 170]
[115, 56, 169]
[113, 54, 164]
[108, 57, 162]
[110, 61, 166]
[111, 64, 168]
[110, 69, 169]
[109, 71, 169]
[110, 73, 172]
[110, 72, 173]
[111, 71, 172]
[111, 72, 170]
[112, 69, 170]
[112, 67, 168]
[112, 63, 167]
[112, 66, 169]
[111, 64, 167]
[111, 64, 167]
[115, 62, 168]
[115, 62, 168]
[115, 57, 166]
[115, 57, 166]
[112, 67, 168]
[111, 65, 166]
[110, 69, 169]
[111, 64, 168]
[109, 65, 165]
[110, 69, 169]
[114, 57, 165]
[112, 60, 165]
[110, 62, 165]
[113, 65, 170]
[114, 59, 168]
[115, 62, 168]
[115, 56, 167]
[115, 54, 164]
[114, 60, 166]
[114, 60, 166]
[112, 67, 168]
[111, 65, 166]
[110, 70, 168]
[112, 67, 168]
[112, 75, 171]
[112, 77, 166]
[112, 72, 164]
[112, 65, 161]
[112, 68, 165]
[112, 69, 163]
[111, 75, 164]
[110, 84, 167]
[110, 82, 165]
[110, 82, 165]
[112, 79, 168]
[112, 77, 166]
[113, 76, 168]
[113, 76, 167]
[112, 79, 167]
[113, 74, 165]
[111, 76, 162]
[112, 77, 165]
[113, 75, 164]
[113, 75, 164]
[112, 82, 168]
[111, 89, 164]
[112, 94, 166]
[112, 95, 163]
[110, 99, 162]
[111, 95, 158]
[110, 102, 160]
[110, 104, 162]
[111, 110, 162]
[110, 112, 160]
[111, 116, 163]
[110, 118, 162]
[109, 124, 163]
[109, 121, 166]
[109, 124, 163]
[109, 129, 164]
[110, 123, 159]
[112, 133, 163]
[113, 128, 160]
[113, 124, 158]
[114, 118, 158]
[113, 124, 161]
[113, 124, 160]
[112, 128, 160]
[113, 126, 158]
[113, 130, 157]
[112, 132, 158]
[113, 130, 157]
[114, 130, 155]
[113, 124, 150]
[114, 118, 158]
[110, 126, 156]
[109, 134, 158]
[109, 133, 152]
[110, 135, 153]
[110, 130, 151]
[110, 131, 154]
[113, 53, 169]
[110, 53, 168]
[111, 56, 170]
[110, 53, 167]
[108, 55, 166]
[109, 64, 167]
[109, 64, 167]
[110, 59, 164]
[110, 61, 167]
[110, 54, 166]
[114, 58, 172]
[117, 53, 173]
[115, 55, 161]
[115, 51, 164]
[108, 56, 164]
[110, 58, 166]
[108, 55, 166]
[111, 56, 168]
[112, 59, 168]
[112, 62, 168]
[112, 63, 166]
[114, 60, 167]
[116, 58, 171]
[114, 59, 169]
[110, 61, 166]
[111, 64, 168]
[111, 64, 167]
[110, 69, 169]
[108, 68, 169]
[109, 70, 172]
[110, 68, 172]
[111, 72, 171]
[111, 72, 170]
[112, 69, 170]
[112, 66, 170]
[112, 62, 170]
[114, 59, 170]
[112, 62, 168]
[114, 60, 166]
[115, 62, 168]
[115, 62, 168]
[117, 55, 167]
[116, 59, 170]
[111, 64, 167]
[111, 65, 166]
[110, 70, 168]
[112, 67, 168]
[109, 67, 167]
[111, 64, 168]
[114, 57, 166]
[111, 64, 168]
[111, 64, 167]
[112, 67, 168]
[114, 60, 166]
[116, 60, 167]
[112, 63, 166]
[113, 65, 168]
[112, 63, 166]
[113, 65, 168]
[111, 64, 167]
[111, 64, 167]
[110, 70, 168]
[109, 69, 163]
[112, 67, 167]
[111, 72, 169]
[112, 68, 165]
[111, 66, 163]
[111, 65, 166]
[111, 65, 166]
[112, 68, 165]
[109, 80, 163]
[110, 82, 164]
[109, 87, 168]
[111, 78, 167]
[113, 75, 169]
[112, 79, 162]
[113, 75, 164]
[112, 79, 167]
[113, 74, 165]
[114, 73, 164]
[113, 77, 166]
[111, 79, 164]
[111, 79, 164]
[111, 83, 168]
[109, 92, 163]
[112, 94, 165]
[110, 99, 162]
[112, 95, 163]
[112, 95, 163]
[110, 95, 163]
[110, 99, 163]
[113, 100, 165]
[111, 108, 165]
[111, 107, 162]
[110, 114, 161]
[109, 117, 159]
[108, 121, 158]
[109, 123, 159]
[110, 123, 159]
[112, 122, 159]
[112, 130, 161]
[113, 132, 159]
[114, 128, 158]
[114, 117, 159]
[113, 115, 162]
[112, 119, 163]
[112, 121, 160]
[113, 122, 161]
[114, 120, 160]
[113, 123, 159]
[115, 124, 158]
[113, 127, 155]
[115, 118, 153]
[113, 117, 150]
[112, 126, 154]
[110, 129, 152]
[111, 128, 152]
[111, 131, 158]
[110, 134, 158]
[111, 131, 158]
[107, 58, 168]
[108, 52, 167]
[106, 55, 166]
[110, 53, 167]
[110, 57, 169]
[108, 55, 167]
[110, 53, 167]
[111, 48, 166]
[115, 50, 169]
[110, 54, 164]
[110, 55, 163]
[113, 54, 166]
[113, 53, 168]
[108, 56, 163]
[110, 57, 169]
[106, 56, 164]
[108, 53, 164]
[109, 52, 162]
[111, 57, 165]
[112, 62, 168]
[115, 62, 170]
[112, 62, 169]
[111, 63, 169]
[112, 66, 171]
[109, 66, 169]
[109, 70, 172]
[110, 68, 172]
[109, 66, 170]
[109, 66, 170]
[112, 59, 170]
[110, 60, 170]
[111, 64, 168]
[112, 63, 166]
[115, 62, 169]
[114, 57, 166]
[115, 53, 167]
[112, 62, 169]
[112, 63, 167]
[115, 57, 166]
[115, 62, 169]
[114, 60, 167]
[115, 54, 165]
[113, 54, 164]
[111, 64, 167]
[112, 67, 168]
[113, 66, 167]
[115, 62, 168]
[114, 60, 166]
[115, 62, 169]
[115, 56, 167]
[114, 60, 167]
[112, 66, 169]
[112, 66, 169]
[115, 64, 171]
[116, 62, 170]
[113, 66, 167]
[113, 65, 168]
[114, 60, 166]
[115, 52, 162]
[110, 62, 164]
[111, 65, 166]
[109, 68, 166]
[111, 65, 165]
[112, 64, 163]
[113, 67, 164]
[114, 59, 160]
[115, 53, 159]
[114, 58, 163]
[110, 63, 163]
[111, 65, 166]
[110, 70, 168]
[107, 72, 166]
[108, 74, 169]
[106, 75, 166]
[110, 76, 165]
[112, 77, 165]
[113, 74, 165]
[114, 73, 164]
[117, 67, 164]
[115, 75, 167]
[113, 73, 167]
[111, 74, 165]
[112, 76, 167]
[111, 79, 165]
[110, 93, 168]
[112, 93, 168]
[112, 89, 163]
[112, 91, 165]
[110, 99, 163]
[111, 91, 159]
[112, 90, 161]
[112, 96, 162]
[110, 97, 160]
[110, 107, 167]
[110, 111, 166]
[111, 107, 160]
[112, 116, 163]
[112, 119, 159]
[114, 114, 159]
[114, 119, 161]
[113, 130, 165]
[112, 128, 163]
[111, 124, 160]
[113, 120, 160]
[113, 119, 156]
[114, 119, 156]
[114, 128, 158]
[114, 128, 158]
[113, 124, 158]
[114, 122, 153]
[114, 119, 152]
[112, 124, 156]
[114, 118, 154]
[113, 123, 156]
[113, 121, 158]
[114, 117, 155]
[113, 125, 149]
[114, 124, 150]
[112, 128, 151]
[110, 140, 151]
[107, 58, 167]
[110, 57, 169]
[108, 55, 167]
[108, 61, 168]
[109, 51, 165]
[109, 51, 164]
[110, 46, 162]
[110, 46, 162]
[113, 45, 165]
[110, 53, 167]
[111, 56, 170]
[108, 55, 167]
[108, 61, 168]
[108, 56, 164]
[110, 58, 166]
[107, 58, 166]
[108, 55, 166]
[111, 57, 166]
[115, 53, 168]
[114, 59, 168]
[115, 54, 166]
[114, 56, 167]
[112, 62, 169]
[108, 68, 169]
[105, 72, 167]
[107, 65, 170]
[109, 65, 172]
[109, 66, 169]
[110, 70, 168]
[112, 60, 165]
[112, 60, 166]
[112, 60, 165]
[114, 60, 167]
[114, 57, 165]
[116, 50, 164]
[113, 48, 163]
[110, 61, 166]
[112, 66, 170]
[111, 71, 172]
[112, 62, 168]
[114, 60, 167]
[115, 62, 169]
[112, 60, 166]
[111, 64, 167]
[112, 67, 168]
[115, 62, 168]
[115, 62, 169]
[115, 54, 165]
[114, 57, 165]
[115, 57, 166]
[115, 57, 166]
[113, 65, 168]
[112, 69, 171]
[114, 70, 172]
[116, 67, 171]
[116, 62, 170]
[116, 59, 168]
[114, 60, 166]
[115, 57, 166]
[112, 61, 164]
[110, 62, 165]
[113, 65, 168]
[113, 65, 168]
[112, 63, 166]
[112, 67, 168]
[114, 60, 166]
[114, 60, 166]
[115, 55, 163]
[115, 63, 165]
[111, 67, 161]
[112, 72, 162]
[111, 76, 162]
[107, 81, 161]
[107, 74, 162]
[107, 78, 167]
[110, 75, 167]
[112, 76, 168]
[113, 76, 168]
[116, 72, 166]
[113, 77, 166]
[110, 73, 160]
[111, 75, 163]
[112, 77, 166]
[111, 78, 166]
[112, 87, 172]
[112, 87, 172]
[113, 87, 165]
[112, 90, 167]
[110, 95, 164]
[112, 95, 163]
[111, 94, 160]
[112, 98, 159]
[110, 112, 160]
[110, 112, 159]
[112, 111, 159]
[111, 108, 158]
[110, 114, 161]
[112, 115, 164]
[113, 117, 163]
[116, 114, 161]
[115, 124, 158]
[112, 133, 157]
[112, 132, 158]
[112, 129, 158]
[113, 123, 160]
[113, 127, 161]
[112, 132, 158]
[113, 133, 157]
[113, 127, 156]
[113, 127, 156]
[112, 132, 155]
[112, 132, 154]
[111, 131, 161]
[112, 127, 161]
[112, 123, 158]
[112, 121, 156]
[113, 124, 158]
[114, 123, 151]
[113, 130, 153]
[112, 135, 155]
[108, 55, 168]
[110, 59, 172]
[110, 60, 171]
[113, 53, 168]
[113, 53, 168]
[113, 48, 163]
[113, 54, 164]
[113, 48, 163]
[113, 48, 166]
[109, 51, 164]
[110, 57, 169]
[105, 60, 167]
[107, 58, 168]
[110, 57, 169]
[110, 57, 170]
[110, 53, 168]
[111, 56, 169]
[112, 60, 173]
[115, 60, 174]
[114, 59, 169]
[115, 56, 168]
[112, 60, 166]
[110, 59, 165]
[108, 62, 165]
[108, 61, 166]
[108, 56, 163]
[107, 66, 166]
[110, 74, 170]
[108, 69, 166]
[110, 69, 169]
[111, 62, 172]
[111, 56, 168]
[115, 51, 166]
[113, 54, 165]
[112, 52, 163]
[115, 53, 167]
[111, 63, 169]
[112, 66, 169]
[110, 69, 169]
[112, 66, 170]
[113, 65, 169]
[115, 62, 169]
[115, 56, 167]
[114, 57, 165]
[115, 57, 166]
[114, 58, 164]
[113, 55, 163]
[115, 52, 162]
[115, 52, 162]
[110, 56, 160]
[112, 63, 166]
[111, 65, 165]
[112, 75, 171]
[111, 76, 171]
[112, 74, 172]
[113, 66, 167]
[113, 66, 167]
[112, 63, 166]
[112, 63, 165]
[115, 63, 167]
[115, 62, 168]
[116, 67, 172]
[116, 59, 168]
[115, 62, 168]
[115, 62, 168]
[112, 63, 166]
[112, 63, 166]
[113, 65, 168]
[115, 62, 168]
[113, 68, 170]
[113, 72, 171]
[113, 75, 170]
[113, 73, 167]
[109, 74, 163]
[107, 80, 163]
[109, 79, 165]
[112, 79, 168]
[112, 77, 166]
[112, 79, 167]
[113, 74, 166]
[112, 71, 166]
[112, 70, 167]
[112, 76, 168]
[113, 74, 166]
[112, 81, 164]
[114, 86, 161]
[113, 90, 165]
[114, 83, 165]
[115, 85, 168]
[112, 89, 163]
[110, 97, 161]
[109, 106, 164]
[110, 109, 164]
[110, 114, 161]
[112, 113, 160]
[113, 116, 161]
[111, 122, 163]
[110, 125, 157]
[112, 118, 155]
[115, 107, 157]
[114, 115, 158]
[113, 124, 161]
[112, 128, 159]
[111, 132, 160]
[111, 131, 158]
[111, 130, 159]
[112, 132, 164]
[112, 131, 160]
[112, 132, 164]
[110, 133, 163]
[111, 132, 160]
[111, 135, 157]
[113, 141, 152]
[112, 141, 148]
[110, 134, 150]
[112, 132, 154]
[111, 136, 156]
[112, 135, 155]
[112, 138, 157]
[114, 136, 161]
[107, 58, 166]
[110, 61, 168]
[113, 54, 166]
[113, 53, 168]
[112, 50, 167]
[115, 51, 166]
[115, 50, 168]
[112, 50, 167]
[113, 45, 165]
[109, 51, 166]
[108, 60, 170]
[108, 55, 166]
[107, 59, 164]
[111, 56, 168]
[108, 61, 168]
[108, 55, 166]
[109, 64, 168]
[111, 64, 167]
[112, 62, 168]
[112, 60, 165]
[112, 63, 167]
[112, 60, 166]
[110, 55, 162]
[111, 58, 163]
[108, 57, 162]
[110, 61, 167]
[109, 66, 169]
[109, 71, 169]
[108, 68, 168]
[110, 69, 170]
[109, 64, 167]
[109, 64, 167]
[113, 54, 165]
[113, 54, 166]
[115, 51, 166]
[112, 62, 168]
[112, 63, 166]
[115, 62, 170]
[114, 59, 168]
[116, 59, 169]
[114, 60, 166]
[115, 62, 168]
[115, 54, 166]
[114, 56, 167]
[115, 54, 165]
[114, 58, 164]
[112, 52, 161]
[113, 54, 165]
[115, 50, 168]
[110, 54, 164]
[110, 61, 166]
[111, 64, 167]
[111, 72, 170]
[111, 76, 172]
[112, 66, 169]
[110, 69, 170]
[113, 65, 170]
[112, 63, 167]
[115, 57, 166]
[115, 65, 170]
[117, 64, 172]
[116, 67, 171]
[117, 64, 171]
[115, 63, 165]
[115, 64, 164]
[112, 64, 163]
[111, 66, 163]
[113, 68, 170]
[113, 65, 168]
[113, 68, 170]
[113, 74, 173]
[113, 72, 169]
[112, 76, 168]
[112, 70, 167]
[110, 76, 165]
[110, 76, 164]
[111, 74, 165]
[112, 71, 165]
[112, 72, 163]
[111, 76, 162]
[112, 77, 165]
[113, 74, 166]
[112, 79, 168]
[112, 77, 166]
[114, 81, 171]
[113, 86, 167]
[114, 84, 164]
[111, 87, 162]
[115, 87, 165]
[112, 90, 161]
[109, 99, 160]
[109, 106, 164]
[110, 110, 167]
[110, 108, 166]
[112, 106, 166]
[114, 109, 166]
[111, 119, 163]
[110, 120, 159]
[112, 111, 158]
[113, 112, 157]
[114, 115, 158]
[113, 118, 158]
[111, 125, 159]
[112, 128, 159]
[111, 131, 158]
[110, 136, 156]
[112, 132, 154]
[111, 137, 155]
[112, 138, 157]
[110, 135, 160]
[112, 130, 161]
[111, 132, 160]
[112, 137, 158]
[112, 135, 155]
[112, 133, 153]
[112, 133, 153]
[112, 135, 155]
[111, 136, 156]
[112, 138, 157]
[113, 133, 157]
[109, 64, 167]
[108, 62, 165]
[108, 55, 167]
[113, 53, 169]
[113, 53, 169]
[113, 45, 165]
[110, 45, 163]
[111, 42, 164]
[109, 42, 163]
[110, 53, 168]
[111, 57, 166]
[110, 61, 167]
[108, 62, 165]
[110, 58, 168]
[107, 58, 167]
[112, 59, 170]
[108, 61, 168]
[110, 60, 171]
[111, 62, 172]
[109, 66, 169]
[112, 66, 170]
[109, 67, 167]
[110, 69, 171]
[111, 63, 170]
[111, 63, 170]
[113, 64, 172]
[114, 69, 174]
[112, 69, 171]
[110, 69, 170]
[112, 65, 172]
[112, 65, 172]
[109, 67, 168]
[109, 67, 168]
[112, 60, 166]
[111, 64, 168]
[109, 67, 167]
[112, 62, 168]
[115, 62, 168]
[116, 53, 165]
[117, 55, 167]
[115, 62, 169]
[112, 63, 167]
[113, 65, 168]
[112, 63, 166]
[111, 65, 166]
[109, 71, 168]
[109, 68, 166]
[112, 61, 164]
[112, 52, 161]
[115, 51, 164]
[115, 52, 163]
[112, 63, 166]
[109, 67, 167]
[112, 66, 169]
[112, 67, 168]
[109, 68, 166]
[112, 63, 166]
[113, 68, 169]
[117, 67, 171]
[116, 68, 169]
[116, 62, 170]
[115, 62, 168]
[114, 60, 166]
[113, 66, 167]
[111, 65, 165]
[112, 69, 169]
[112, 70, 167]
[112, 70, 167]
[111, 73, 167]
[113, 69, 167]
[115, 58, 163]
[115, 63, 165]
[111, 73, 167]
[112, 69, 169]
[112, 78, 170]
[114, 72, 167]
[115, 74, 169]
[112, 76, 167]
[111, 80, 170]
[110, 80, 168]
[112, 78, 169]
[113, 83, 172]
[114, 81, 171]
[112, 80, 166]
[113, 76, 167]
[112, 77, 166]
[112, 79, 167]
[110, 82, 165]
[109, 86, 164]
[109, 91, 160]
[107, 99, 159]
[108, 101, 161]
[108, 106, 161]
[109, 105, 160]
[109, 112, 162]
[110, 112, 159]
[110, 120, 160]
[111, 118, 160]
[109, 120, 155]
[112, 119, 154]
[113, 119, 156]
[114, 115, 157]
[114, 116, 156]
[113, 124, 160]
[111, 129, 160]
[110, 137, 158]
[110, 138, 157]
[111, 136, 156]
[111, 131, 158]
[110, 135, 161]
[110, 141, 157]
[112, 138, 157]
[112, 135, 155]
[111, 135, 153]
[112, 137, 153]
[111, 142, 156]
[110, 140, 158]
[110, 132, 157]
[112, 128, 159]
[111, 132, 160]
[108, 56, 163]
[108, 61, 166]
[111, 56, 168]
[110, 53, 167]
[113, 53, 169]
[113, 45, 166]
[110, 45, 164]
[110, 39, 162]
[109, 42, 162]
[109, 51, 166]
[110, 58, 168]
[110, 61, 168]
[110, 60, 171]
[107, 58, 167]
[108, 62, 165]
[114, 60, 167]
[115, 51, 165]
[111, 57, 166]
[108, 55, 166]
[110, 60, 170]
[110, 60, 170]
[109, 64, 168]
[111, 63, 170]
[109, 66, 169]
[110, 69, 171]
[112, 61, 172]
[113, 63, 174]
[112, 67, 174]
[112, 65, 172]
[110, 68, 172]
[109, 66, 169]
[112, 66, 170]
[112, 66, 170]
[109, 66, 169]
[111, 63, 169]
[110, 69, 171]
[112, 66, 170]
[112, 62, 168]
[114, 59, 168]
[113, 65, 169]
[111, 64, 168]
[112, 66, 170]
[111, 71, 172]
[113, 70, 174]
[112, 76, 175]
[110, 73, 171]
[110, 69, 169]
[112, 67, 168]
[114, 60, 166]
[114, 58, 164]
[114, 58, 164]
[114, 60, 167]
[111, 64, 168]
[112, 66, 169]
[109, 68, 166]
[112, 67, 168]
[110, 70, 168]
[113, 71, 172]
[113, 73, 174]
[113, 68, 170]
[113, 65, 168]
[112, 63, 166]
[112, 63, 166]
[113, 65, 168]
[112, 63, 166]
[113, 65, 168]
[114, 60, 165]
[112, 71, 165]
[112, 69, 163]
[115, 64, 164]
[114, 62, 161]
[116, 61, 164]
[112, 65, 162]
[111, 73, 167]
[112, 78, 170]
[113, 74, 166]
[112, 79, 167]
[113, 74, 165]
[111, 79, 165]
[110, 84, 166]
[111, 79, 165]
[112, 81, 169]
[113, 85, 168]
[113, 78, 164]
[112, 80, 166]
[112, 72, 162]
[109, 71, 158]
[109, 80, 162]
[109, 87, 162]
[108, 91, 163]
[108, 99, 165]
[109, 97, 163]
[109, 103, 163]
[109, 106, 163]
[110, 112, 164]
[109, 116, 161]
[111, 116, 163]
[110, 119, 161]
[110, 120, 160]
[112, 115, 159]
[113, 120, 159]
[113, 119, 157]
[111, 124, 156]
[112, 131, 156]
[111, 134, 158]
[110, 138, 157]
[111, 140, 159]
[110, 140, 155]
[111, 145, 156]
[110, 143, 155]
[110, 146, 157]
[111, 143, 155]
[113, 136, 157]
[113, 131, 156]
[111, 136, 156]
[113, 136, 157]
[110, 138, 153]
[110, 138, 153]
[112, 136, 154]
[111, 136, 152]
[103, 49, 165]
[109, 51, 166]
[110, 53, 167]
[110, 53, 168]
[112, 50, 168]
[115, 50, 170]
[113, 47, 168]
[112, 50, 168]
[111, 56, 170]
[110, 54, 166]
[113, 53, 168]
[113, 54, 165]
[115, 51, 166]
[112, 51, 164]
[113, 47, 167]
[112, 51, 166]
[113, 53, 168]
[113, 48, 164]
[112, 51, 164]
[115, 51, 166]
[115, 51, 165]
[111, 57, 165]
[113, 54, 165]
[110, 54, 164]
[108, 60, 169]
[110, 59, 172]
[110, 59, 172]
[107, 65, 170]
[108, 67, 172]
[110, 69, 171]
[111, 64, 168]
[113, 65, 170]
[112, 66, 171]
[111, 63, 169]
[109, 67, 168]
[113, 65, 170]
[112, 62, 168]
[112, 60, 167]
[112, 65, 172]
[111, 63, 169]
[111, 64, 168]
[110, 69, 170]
[113, 65, 170]
[113, 67, 172]
[112, 69, 171]
[112, 69, 170]
[109, 68, 166]
[110, 70, 168]
[110, 62, 165]
[112, 60, 165]
[110, 61, 166]
[110, 62, 165]
[111, 58, 164]
[112, 60, 166]
[114, 60, 167]
[113, 65, 168]
[111, 65, 166]
[109, 71, 168]
[109, 68, 166]
[110, 70, 168]
[112, 67, 168]
[109, 68, 166]
[111, 72, 170]
[113, 65, 168]
[112, 67, 168]
[111, 65, 166]
[112, 67, 168]
[112, 63, 165]
[112, 64, 163]
[113, 66, 165]
[115, 62, 168]
[113, 65, 168]
[111, 65, 166]
[112, 69, 169]
[112, 75, 169]
[111, 77, 169]
[111, 74, 166]
[111, 73, 167]
[111, 74, 166]
[109, 79, 165]
[111, 80, 169]
[112, 77, 166]
[113, 76, 167]
[112, 78, 164]
[111, 79, 164]
[111, 83, 162]
[111, 87, 162]
[112, 90, 161]
[110, 99, 163]
[112, 97, 165]
[111, 99, 167]
[110, 101, 167]
[111, 105, 165]
[111, 108, 160]
[111, 116, 163]
[111, 119, 163]
[111, 120, 161]
[110, 123, 156]
[110, 125, 161]
[111, 123, 157]
[111, 127, 157]
[109, 128, 157]
[109, 132, 156]
[109, 137, 160]
[109, 142, 162]
[109, 139, 162]
[110, 142, 162]
[111, 144, 161]
[113, 139, 161]
[111, 144, 161]
[109, 144, 156]
[111, 143, 159]
[112, 135, 160]
[111, 137, 155]
[115, 127, 154]
[113, 134, 156]
[112, 139, 156]
[112, 136, 154]
[111, 137, 155]
[112, 138, 157]
[104, 53, 164]
[109, 51, 166]
[110, 53, 168]
[112, 51, 164]
[113, 48, 163]
[113, 54, 166]
[115, 50, 168]
[112, 51, 166]
[111, 57, 166]
[112, 59, 168]
[114, 56, 170]
[113, 54, 166]
[112, 50, 167]
[113, 45, 165]
[111, 48, 164]
[113, 48, 164]
[113, 46, 162]
[111, 49, 162]
[113, 48, 164]
[113, 54, 165]
[115, 53, 167]
[113, 54, 165]
[113, 48, 163]
[113, 54, 166]
[110, 61, 168]
[110, 61, 166]
[110, 61, 166]
[107, 66, 166]
[110, 69, 169]
[109, 67, 168]
[111, 62, 172]
[113, 63, 174]
[112, 62, 170]
[113, 64, 172]
[112, 62, 169]
[113, 64, 171]
[113, 65, 169]
[112, 62, 168]
[113, 64, 171]
[111, 63, 169]
[111, 63, 169]
[110, 69, 169]
[111, 64, 167]
[113, 65, 169]
[109, 68, 166]
[112, 69, 170]
[112, 66, 170]
[109, 64, 167]
[109, 65, 166]
[110, 61, 166]
[109, 65, 166]
[110, 59, 164]
[110, 55, 162]
[113, 55, 163]
[114, 60, 166]
[113, 65, 168]
[112, 67, 168]
[109, 71, 168]
[108, 70, 165]
[109, 71, 168]
[111, 65, 166]
[110, 70, 168]
[113, 68, 170]
[113, 65, 168]
[112, 67, 168]
[111, 64, 167]
[112, 67, 168]
[112, 63, 166]
[109, 68, 166]
[112, 67, 168]
[113, 65, 168]
[113, 65, 168]
[111, 65, 166]
[110, 74, 169]
[110, 83, 170]
[110, 81, 167]
[111, 77, 169]
[111, 72, 169]
[112, 69, 169]
[110, 75, 167]
[113, 75, 170]
[112, 76, 167]
[113, 75, 169]
[112, 77, 165]
[110, 83, 162]
[111, 89, 164]
[110, 97, 161]
[113, 95, 164]
[113, 100, 160]
[112, 102, 157]
[111, 106, 157]
[110, 107, 157]
[111, 107, 162]
[111, 106, 163]
[112, 110, 164]
[113, 113, 165]
[112, 116, 163]
[111, 117, 161]
[110, 123, 159]
[112, 127, 161]
[111, 127, 157]
[111, 131, 158]
[110, 127, 155]
[109, 133, 159]
[109, 141, 163]
[109, 140, 160]
[110, 145, 158]
[111, 140, 158]
[112, 138, 157]
[111, 141, 157]
[110, 146, 157]
[110, 141, 157]
[109, 141, 155]
[111, 136, 156]
[111, 137, 155]
[113, 137, 156]
[112, 135, 160]
[110, 133, 163]
[112, 127, 165]
[111, 136, 163]
[110, 57, 171]
[112, 50, 169]
[113, 53, 170]
[112, 50, 168]
[112, 50, 167]
[115, 50, 170]
[113, 47, 168]
[113, 53, 170]
[111, 62, 173]
[111, 63, 170]
[112, 62, 170]
[113, 53, 168]
[113, 47, 168]
[111, 48, 165]
[113, 47, 167]
[112, 50, 167]
[108, 55, 167]
[110, 57, 169]
[108, 55, 167]
[109, 62, 172]
[111, 62, 172]
[110, 69, 171]
[111, 63, 169]
[114, 56, 168]
[114, 56, 167]
[115, 54, 166]
[114, 56, 167]
[110, 61, 168]
[110, 61, 167]
[109, 64, 167]
[114, 56, 167]
[114, 56, 170]
[115, 55, 172]
[113, 66, 173]
[111, 72, 171]
[112, 69, 171]
[112, 66, 169]
[110, 69, 169]
[111, 64, 168]
[113, 65, 170]
[111, 65, 166]
[112, 66, 169]
[113, 65, 170]
[114, 57, 166]
[115, 54, 166]
[114, 57, 166]
[112, 60, 166]
[110, 62, 165]
[110, 62, 165]
[109, 65, 165]
[107, 60, 161]
[111, 58, 162]
[110, 56, 160]
[111, 58, 162]
[112, 61, 164]
[113, 65, 168]
[111, 65, 166]
[112, 66, 169]
[110, 69, 169]
[108, 69, 167]
[108, 69, 167]
[112, 67, 168]
[112, 63, 166]
[110, 62, 164]
[112, 62, 161]
[112, 61, 163]
[114, 58, 164]
[112, 63, 167]
[110, 69, 169]
[113, 71, 172]
[112, 75, 171]
[111, 85, 172]
[107, 91, 169]
[108, 87, 165]
[109, 85, 165]
[110, 83, 168]
[110, 81, 167]
[110, 75, 166]
[112, 71, 165]
[111, 74, 166]
[112, 68, 164]
[111, 73, 167]
[113, 73, 167]
[112, 82, 168]
[114, 83, 165]
[112, 89, 164]
[112, 93, 167]
[112, 88, 166]
[112, 91, 166]
[112, 97, 165]
[113, 99, 167]
[111, 108, 166]
[110, 112, 160]
[110, 114, 161]
[111, 110, 162]
[112, 111, 163]
[112, 113, 163]
[111, 119, 163]
[109, 134, 158]
[109, 132, 156]
[109, 128, 158]
[110, 133, 159]
[110, 139, 156]
[110, 143, 155]
[109, 145, 155]
[111, 141, 157]
[113, 136, 157]
[112, 137, 158]
[112, 132, 158]
[111, 137, 162]
[110, 139, 160]
[108, 141, 159]
[108, 138, 155]
[108, 141, 159]
[110, 140, 158]
[109, 150, 150]
[109, 147, 153]
[110, 137, 154]
[111, 130, 159]
[112, 138, 157]
[111, 47, 167]
[111, 47, 167]
[110, 53, 169]
[110, 53, 168]
[115, 50, 169]
[115, 46, 167]
[115, 50, 169]
[110, 54, 166]
[108, 61, 168]
[110, 60, 170]
[110, 60, 171]
[111, 56, 170]
[108, 60, 170]
[108, 55, 168]
[111, 56, 170]
[114, 56, 170]
[113, 54, 165]
[110, 58, 166]
[107, 58, 166]
[107, 68, 168]
[109, 69, 174]
[109, 65, 173]
[109, 63, 171]
[113, 54, 166]
[112, 51, 164]
[115, 51, 165]
[114, 56, 167]
[111, 64, 168]
[111, 64, 167]
[110, 69, 170]
[110, 61, 167]
[114, 56, 167]
[115, 56, 167]
[113, 65, 168]
[112, 66, 169]
[109, 71, 169]
[109, 66, 169]
[110, 68, 172]
[109, 66, 170]
[112, 69, 171]
[111, 72, 170]
[110, 61, 166]
[114, 56, 167]
[114, 56, 167]
[112, 60, 166]
[112, 60, 166]
[112, 60, 165]
[114, 57, 165]
[111, 58, 163]
[113, 55, 163]
[112, 52, 161]
[111, 58, 164]
[115, 53, 168]
[114, 56, 167]
[113, 55, 163]
[112, 61, 164]
[115, 56, 167]
[114, 60, 167]
[111, 64, 167]
[112, 67, 168]
[110, 71, 165]
[111, 65, 165]
[109, 65, 164]
[110, 60, 162]
[111, 65, 166]
[114, 60, 166]
[112, 67, 168]
[111, 65, 166]
[111, 65, 166]
[112, 69, 170]
[111, 76, 172]
[110, 82, 171]
[106, 91, 171]
[107, 92, 171]
[109, 86, 164]
[109, 87, 167]
[110, 83, 170]
[110, 81, 167]
[111, 78, 167]
[111, 74, 165]
[109, 69, 162]
[112, 70, 167]
[113, 74, 165]
[112, 79, 167]
[112, 81, 164]
[112, 83, 165]
[113, 78, 163]
[111, 84, 166]
[111, 88, 166]
[112, 93, 168]
[111, 101, 169]
[111, 104, 167]
[110, 107, 167]
[111, 108, 166]
[111, 108, 160]
[111, 116, 163]
[111, 118, 164]
[110, 120, 163]
[110, 126, 164]
[109, 125, 161]
[109, 125, 161]
[110, 131, 162]
[110, 135, 161]
[110, 139, 160]
[110, 138, 157]
[111, 141, 164]
[112, 137, 166]
[113, 141, 163]
[112, 145, 157]
[113, 138, 155]
[111, 145, 156]
[110, 143, 155]
[108, 147, 153]
[109, 145, 155]
[109, 150, 153]
[110, 150, 153]
[109, 147, 153]
[111, 146, 155]
[111, 142, 156]
[111, 149, 159]
[107, 57, 170]
[108, 55, 168]
[108, 55, 168]
[108, 60, 169]
[110, 57, 169]
[110, 54, 166]
[111, 57, 165]
[110, 54, 166]
[110, 57, 170]
[112, 50, 168]
[112, 50, 168]
[112, 58, 171]
[111, 62, 172]
[109, 66, 169]
[112, 60, 167]
[115, 53, 168]
[115, 53, 168]
[112, 59, 168]
[110, 61, 168]
[109, 64, 167]
[107, 58, 166]
[110, 57, 170]
[107, 58, 167]
[111, 56, 170]
[108, 55, 168]
[110, 58, 168]
[110, 61, 167]
[108, 68, 169]
[109, 71, 170]
[110, 73, 171]
[109, 67, 168]
[113, 64, 171]
[112, 62, 168]
[112, 66, 169]
[109, 67, 167]
[112, 66, 169]
[109, 67, 167]
[110, 62, 165]
[110, 69, 170]
[111, 63, 169]
[111, 64, 168]
[110, 69, 170]
[110, 69, 171]
[111, 63, 170]
[110, 69, 171]
[109, 65, 165]
[110, 62, 164]
[114, 57, 165]
[112, 52, 161]
[115, 51, 164]
[115, 51, 164]
[115, 54, 165]
[112, 63, 167]
[112, 63, 167]
[115, 57, 166]
[114, 58, 164]
[115, 57, 166]
[114, 60, 165]
[117, 64, 172]
[114, 70, 172]
[112, 74, 172]
[112, 67, 168]
[110, 70, 168]
[111, 65, 166]
[110, 70, 167]
[113, 71, 172]
[113, 73, 174]
[111, 72, 170]
[109, 68, 166]
[112, 67, 168]
[112, 75, 171]
[111, 77, 168]
[109, 87, 168]
[110, 80, 168]
[109, 86, 170]
[110, 81, 166]
[112, 79, 168]
[112, 77, 165]
[112, 79, 167]
[111, 75, 164]
[113, 73, 168]
[113, 69, 166]
[114, 71, 168]
[109, 79, 165]
[110, 81, 167]
[111, 78, 166]
[111, 79, 164]
[111, 88, 166]
[109, 98, 161]
[110, 97, 161]
[112, 95, 163]
[110, 97, 161]
[110, 97, 161]
[112, 96, 162]
[110, 99, 162]
[110, 108, 165]
[109, 125, 161]
[109, 128, 157]
[110, 125, 157]
[111, 123, 157]
[110, 127, 155]
[111, 126, 154]
[112, 131, 160]
[110, 138, 157]
[110, 143, 155]
[111, 143, 159]
[112, 133, 163]
[113, 143, 162]
[114, 147, 160]
[113, 146, 154]
[112, 142, 153]
[111, 143, 155]
[111, 145, 156]
[110, 150, 160]
[111, 151, 162]
[111, 148, 160]
[111, 151, 162]
[111, 148, 160]
[113, 143, 162]
[111, 144, 161]
[108, 55, 168]
[105, 59, 168]
[105, 59, 168]
[108, 60, 169]
[110, 58, 168]
[110, 53, 167]
[111, 56, 170]
[108, 52, 166]
[108, 52, 167]
[112, 50, 168]
[113, 47, 167]
[112, 59, 170]
[110, 60, 170]
[109, 66, 169]
[112, 62, 169]
[115, 53, 167]
[115, 56, 169]
[112, 60, 167]
[111, 64, 168]
[109, 64, 168]
[107, 60, 162]
[110, 59, 164]
[107, 59, 163]
[110, 58, 166]
[111, 56, 168]
[110, 60, 170]
[109, 63, 170]
[111, 62, 172]
[111, 62, 172]
[110, 68, 172]
[110, 69, 171]
[111, 63, 169]
[110, 67, 174]
[111, 63, 170]
[112, 66, 169]
[109, 65, 164]
[109, 65, 164]
[111, 64, 167]
[112, 66, 171]
[111, 63, 169]
[111, 63, 169]
[110, 69, 171]
[111, 64, 168]
[109, 71, 168]
[112, 67, 168]
[109, 67, 168]
[110, 61, 168]
[113, 54, 165]
[113, 48, 163]
[113, 54, 164]
[113, 55, 163]
[112, 63, 166]
[109, 68, 166]
[113, 65, 168]
[115, 62, 168]
[114, 58, 164]
[115, 62, 168]
[116, 60, 165]
[116, 70, 165]
[112, 71, 165]
[112, 70, 167]
[111, 73, 167]
[111, 66, 162]
[110, 72, 163]
[111, 73, 167]
[113, 72, 169]
[113, 72, 169]
[112, 75, 169]
[110, 70, 168]
[112, 67, 168]
[112, 69, 169]
[111, 75, 164]
[110, 72, 164]
[109, 73, 165]
[110, 80, 168]
[111, 78, 167]
[113, 73, 167]
[112, 79, 168]
[112, 79, 167]
[112, 77, 166]
[112, 72, 164]
[113, 70, 165]
[112, 69, 163]
[112, 72, 164]
[110, 81, 166]
[110, 81, 166]
[111, 81, 166]
[109, 93, 170]
[108, 98, 167]
[110, 96, 168]
[110, 94, 166]
[111, 90, 167]
[110, 95, 169]
[111, 89, 164]
[110, 96, 167]
[110, 106, 169]
[111, 116, 163]
[109, 116, 161]
[111, 114, 166]
[111, 115, 168]
[111, 118, 164]
[112, 127, 161]
[111, 134, 158]
[110, 142, 156]
[111, 145, 157]
[110, 150, 160]
[111, 141, 157]
[112, 141, 161]
[113, 140, 164]
[113, 139, 161]
[111, 137, 154]
[111, 142, 156]
[110, 144, 154]
[110, 149, 161]
[110, 149, 161]
[111, 152, 156]
[111, 149, 159]
[111, 148, 157]
[111, 140, 158]
[111, 142, 163]
[105, 63, 167]
[104, 60, 166]
[105, 59, 168]
[107, 58, 167]
[110, 57, 169]
[109, 51, 165]
[109, 43, 161]
[109, 51, 164]
[113, 48, 166]
[112, 51, 164]
[113, 55, 163]
[110, 62, 165]
[110, 61, 166]
[113, 54, 165]
[112, 51, 164]
[116, 49, 165]
[114, 59, 169]
[115, 56, 168]
[113, 65, 169]
[112, 63, 167]
[114, 56, 167]
[115, 53, 167]
[114, 57, 166]
[112, 60, 166]
[114, 60, 167]
[114, 60, 167]
[116, 58, 171]
[114, 58, 172]
[113, 48, 166]
[112, 60, 167]
[109, 68, 166]
[111, 64, 167]
[111, 64, 168]
[109, 64, 167]
[110, 59, 165]
[109, 64, 167]
[110, 59, 165]
[109, 64, 167]
[109, 66, 169]
[111, 63, 169]
[112, 65, 172]
[111, 71, 173]
[112, 75, 177]
[113, 67, 171]
[112, 63, 167]
[111, 58, 164]
[112, 60, 166]
[112, 60, 165]
[112, 63, 167]
[112, 67, 168]
[111, 65, 166]
[110, 69, 169]
[111, 64, 168]
[110, 69, 171]
[111, 63, 169]
[111, 71, 172]
[109, 67, 167]
[112, 66, 169]
[112, 66, 170]
[109, 67, 167]
[110, 63, 163]
[111, 74, 165]
[113, 73, 167]
[112, 78, 170]
[112, 76, 168]
[115, 74, 168]
[114, 73, 164]
[113, 74, 166]
[111, 66, 162]
[113, 70, 164]
[113, 70, 163]
[113, 68, 162]
[111, 67, 161]
[110, 72, 164]
[110, 71, 165]
[111, 65, 166]
[113, 74, 173]
[112, 76, 167]
[113, 73, 167]
[112, 78, 169]
[112, 79, 162]
[113, 76, 167]
[112, 78, 170]
[111, 78, 167]
[111, 81, 167]
[111, 87, 168]
[112, 87, 172]
[108, 98, 167]
[107, 104, 169]
[108, 99, 167]
[112, 93, 167]
[112, 88, 165]
[111, 89, 163]
[111, 90, 162]
[109, 95, 159]
[112, 99, 163]
[112, 105, 168]
[111, 105, 165]
[111, 107, 167]
[112, 114, 165]
[112, 121, 156]
[113, 124, 161]
[112, 128, 163]
[112, 130, 161]
[113, 138, 166]
[113, 141, 164]
[113, 141, 163]
[112, 138, 157]
[112, 135, 155]
[113, 128, 155]
[113, 127, 156]
[111, 135, 157]
[110, 145, 158]
[109, 145, 155]
[109, 151, 157]
[111, 155, 158]
[112, 154, 161]
[111, 149, 163]
[111, 149, 163]
[111, 150, 162]
[105, 61, 164]
[105, 60, 167]
[108, 60, 169]
[108, 52, 166]
[109, 51, 166]
[107, 49, 162]
[110, 40, 160]
[110, 45, 163]
[113, 48, 166]
[113, 54, 166]
[108, 62, 165]
[112, 59, 168]
[111, 56, 169]
[113, 53, 170]
[113, 53, 169]
[113, 48, 166]
[114, 56, 167]
[115, 57, 166]
[114, 56, 167]
[114, 56, 168]
[115, 53, 168]
[116, 49, 166]
[113, 48, 166]
[112, 59, 170]
[112, 60, 174]
[112, 61, 172]
[116, 58, 171]
[114, 57, 166]
[113, 49, 162]
[113, 54, 165]
[110, 57, 169]
[110, 60, 171]
[110, 60, 170]
[109, 63, 170]
[110, 58, 166]
[110, 59, 165]
[110, 55, 163]
[111, 57, 166]
[110, 61, 167]
[108, 68, 169]
[108, 68, 169]
[110, 69, 170]
[112, 66, 170]
[113, 64, 171]
[113, 64, 172]
[110, 61, 167]
[109, 66, 170]
[111, 63, 169]
[112, 66, 169]
[111, 72, 170]
[111, 72, 170]
[112, 69, 170]
[111, 65, 166]
[110, 70, 168]
[111, 65, 166]
[110, 70, 168]
[111, 65, 166]
[110, 70, 168]
[108, 63, 163]
[110, 62, 165]
[110, 62, 165]
[112, 67, 168]
[111, 76, 172]
[111, 79, 171]
[112, 76, 168]
[111, 82, 171]
[112, 81, 170]
[113, 76, 168]
[111, 74, 166]
[113, 69, 167]
[112, 65, 162]
[113, 66, 165]
[109, 68, 166]
[111, 64, 167]
[113, 65, 168]
[114, 61, 163]
[113, 73, 168]
[113, 73, 168]
[113, 73, 168]
[112, 78, 169]
[112, 79, 168]
[113, 76, 167]
[110, 82, 164]
[111, 87, 168]
[112, 83, 166]
[113, 84, 170]
[112, 90, 172]
[110, 93, 168]
[107, 95, 166]
[109, 91, 165]
[112, 93, 168]
[111, 90, 168]
[112, 92, 169]
[109, 91, 166]
[111, 90, 167]
[111, 99, 167]
[112, 97, 165]
[111, 103, 166]
[113, 105, 162]
[113, 114, 163]
[114, 115, 157]
[113, 121, 158]
[114, 117, 155]
[113, 124, 158]
[112, 132, 158]
[113, 139, 165]
[114, 139, 165]
[113, 135, 155]
[114, 131, 154]
[114, 125, 153]
[114, 128, 157]
[112, 135, 155]
[110, 144, 151]
[111, 157, 156]
[111, 156, 155]
[111, 154, 159]
[111, 150, 162]
[111, 144, 161]
[112, 140, 162]
[111, 148, 164]
[110, 56, 172]
[110, 53, 168]
[111, 56, 170]
[109, 51, 165]
[109, 42, 162]
[109, 51, 166]
[108, 55, 166]
[110, 58, 166]
[110, 58, 166]
[106, 57, 162]
[106, 50, 162]
[111, 48, 164]
[113, 45, 164]
[110, 54, 166]
[115, 50, 168]
[112, 51, 164]
[110, 58, 166]
[111, 63, 169]
[112, 66, 171]
[109, 66, 169]
[110, 69, 170]
[111, 64, 168]
[112, 66, 171]
[109, 67, 168]
[112, 66, 170]
[109, 67, 167]
[112, 67, 168]
[109, 65, 164]
[111, 58, 163]
[110, 55, 162]
[111, 57, 165]
[108, 56, 164]
[110, 61, 167]
[111, 64, 167]
[112, 63, 167]
[112, 60, 165]
[112, 60, 166]
[110, 61, 166]
[109, 64, 167]
[107, 69, 167]
[110, 61, 167]
[110, 61, 167]
[112, 52, 163]
[111, 57, 165]
[110, 59, 163]
[107, 66, 165]
[110, 62, 165]
[109, 67, 167]
[109, 67, 168]
[112, 67, 168]
[112, 69, 171]
[111, 72, 170]
[113, 71, 173]
[111, 72, 171]
[112, 69, 170]
[112, 69, 170]
[110, 69, 169]
[112, 66, 169]
[109, 67, 167]
[111, 65, 166]
[109, 67, 167]
[112, 67, 167]
[111, 73, 167]
[111, 77, 169]
[109, 82, 171]
[110, 81, 173]
[109, 84, 174]
[109, 77, 170]
[111, 72, 169]
[113, 68, 169]
[113, 65, 168]
[112, 63, 166]
[114, 60, 165]
[113, 67, 163]
[116, 61, 163]
[116, 68, 168]
[115, 66, 165]
[112, 71, 166]
[113, 72, 171]
[110, 80, 169]
[110, 83, 170]
[109, 83, 169]
[110, 83, 169]
[110, 82, 165]
[111, 81, 167]
[113, 74, 166]
[113, 74, 166]
[111, 81, 166]
[111, 81, 166]
[111, 80, 162]
[112, 87, 168]
[112, 87, 167]
[111, 98, 169]
[111, 101, 169]
[113, 100, 166]
[111, 100, 165]
[112, 95, 163]
[111, 102, 167]
[111, 104, 164]
[113, 104, 164]
[112, 112, 162]
[113, 109, 161]
[114, 112, 162]
[113, 118, 158]
[110, 129, 156]
[110, 139, 156]
[112, 137, 153]
[112, 139, 156]
[112, 135, 160]
[110, 138, 157]
[112, 143, 159]
[113, 148, 157]
[112, 153, 158]
[111, 156, 155]
[112, 154, 157]
[111, 154, 154]
[112, 146, 155]
[112, 143, 159]
[111, 137, 154]
[113, 134, 156]
[108, 60, 171]
[110, 55, 162]
[112, 51, 166]
[113, 53, 168]
[110, 54, 166]
[108, 56, 163]
[108, 57, 162]
[110, 59, 165]
[108, 62, 165]
[108, 54, 161]
[111, 49, 161]
[110, 46, 160]
[113, 45, 164]
[110, 55, 163]
[112, 52, 163]
[111, 56, 168]
[111, 63, 170]
[109, 67, 168]
[110, 69, 170]
[111, 64, 168]
[111, 63, 169]
[109, 71, 170]
[109, 71, 170]
[109, 66, 169]
[111, 63, 169]
[109, 71, 169]
[109, 71, 169]
[110, 69, 169]
[108, 63, 163]
[110, 59, 164]
[108, 57, 162]
[112, 60, 166]
[110, 69, 170]
[111, 63, 169]
[110, 69, 170]
[111, 63, 170]
[109, 63, 171]
[110, 60, 170]
[110, 58, 166]
[107, 65, 168]
[111, 63, 169]
[114, 56, 167]
[112, 52, 161]
[110, 59, 163]
[110, 62, 164]
[109, 65, 164]
[110, 62, 164]
[109, 67, 167]
[109, 67, 167]
[112, 67, 168]
[112, 69, 171]
[110, 73, 171]
[110, 74, 170]
[112, 75, 171]
[112, 75, 171]
[112, 69, 169]
[110, 70, 168]
[112, 67, 167]
[110, 71, 165]
[111, 65, 166]
[111, 65, 166]
[111, 72, 169]
[112, 70, 167]
[110, 74, 170]
[110, 81, 174]
[110, 79, 172]
[107, 77, 168]
[110, 74, 170]
[112, 69, 169]
[111, 74, 165]
[111, 74, 165]
[112, 71, 166]
[111, 66, 163]
[112, 67, 167]
[115, 64, 164]
[115, 68, 162]
[116, 65, 160]
[113, 71, 162]
[113, 76, 167]
[111, 78, 166]
[110, 83, 169]
[108, 82, 165]
[110, 83, 170]
[111, 78, 167]
[113, 76, 168]
[114, 72, 166]
[112, 76, 168]
[113, 74, 166]
[112, 79, 167]
[113, 75, 164]
[111, 91, 165]
[112, 94, 165]
[111, 100, 165]
[113, 102, 168]
[112, 105, 167]
[113, 94, 165]
[112, 90, 161]
[112, 97, 165]
[113, 100, 166]
[114, 100, 166]
[113, 98, 164]
[114, 98, 166]
[113, 105, 162]
[114, 112, 161]
[111, 125, 159]
[110, 133, 163]
[110, 135, 160]
[111, 140, 158]
[110, 140, 155]
[111, 140, 158]
[111, 147, 161]
[111, 142, 163]
[111, 140, 166]
[112, 144, 165]
[111, 149, 163]
[110, 151, 159]
[110, 148, 155]
[112, 145, 157]
[113, 133, 153]
[114, 132, 156]
[110, 57, 170]
[114, 56, 170]
[115, 52, 172]
[113, 53, 168]
[113, 48, 164]
[114, 56, 168]
[115, 53, 167]
[114, 56, 168]
[112, 51, 166]
[111, 56, 168]
[113, 53, 169]
[112, 50, 167]
[112, 50, 168]
[108, 55, 168]
[109, 65, 173]
[112, 62, 170]
[113, 65, 170]
[114, 59, 168]
[114, 60, 167]
[116, 59, 168]
[115, 62, 169]
[112, 60, 166]
[109, 66, 170]
[111, 63, 170]
[110, 69, 171]
[111, 62, 172]
[109, 65, 173]
[110, 60, 171]
[111, 62, 172]
[108, 62, 164]
[112, 66, 170]
[109, 67, 168]
[110, 69, 171]
[112, 69, 171]
[111, 72, 171]
[112, 66, 169]
[112, 66, 169]
[112, 62, 168]
[115, 54, 164]
[114, 57, 165]
[114, 59, 168]
[112, 63, 167]
[112, 66, 169]
[111, 64, 167]
[109, 67, 168]
[112, 60, 167]
[113, 64, 171]
[114, 60, 167]
[115, 56, 167]
[115, 62, 168]
[114, 70, 172]
[114, 70, 172]
[115, 72, 173]
[113, 72, 171]
[112, 76, 174]
[113, 71, 172]
[112, 74, 172]
[109, 72, 167]
[108, 74, 168]
[109, 68, 166]
[110, 70, 167]
[113, 72, 169]
[112, 79, 168]
[112, 72, 164]
[112, 71, 166]
[109, 66, 163]
[108, 63, 162]
[110, 62, 164]
[111, 65, 166]
[111, 72, 170]
[113, 75, 171]
[112, 76, 167]
[112, 72, 164]
[110, 75, 166]
[111, 74, 166]
[113, 73, 167]
[114, 72, 166]
[115, 74, 168]
[113, 69, 166]
[112, 71, 166]
[113, 75, 169]
[113, 74, 166]
[111, 78, 166]
[111, 75, 164]
[112, 72, 164]
[116, 69, 166]
[117, 66, 165]
[115, 68, 162]
[116, 72, 166]
[113, 75, 164]
[111, 89, 170]
[111, 90, 168]
[112, 92, 169]
[113, 88, 169]
[117, 80, 169]
[117, 78, 166]
[118, 78, 167]
[115, 81, 166]
[114, 83, 166]
[115, 87, 170]
[116, 92, 167]
[113, 95, 163]
[114, 98, 167]
[113, 97, 165]
[112, 109, 162]
[111, 110, 156]
[110, 128, 157]
[110, 143, 155]
[110, 146, 157]
[110, 143, 155]
[110, 145, 153]
[110, 158, 155]
[110, 157, 159]
[110, 159, 159]
[109, 160, 161]
[110, 152, 161]
[112, 147, 165]
[113, 144, 159]
[114, 144, 159]
[114, 142, 158]
[112, 50, 168]
[114, 55, 172]
[112, 50, 168]
[113, 53, 169]
[111, 56, 170]
[112, 58, 171]
[114, 56, 170]
[114, 56, 170]
[113, 53, 169]
[110, 54, 166]
[111, 56, 168]
[108, 56, 164]
[108, 56, 164]
[109, 63, 170]
[109, 65, 172]
[112, 64, 174]
[115, 61, 172]
[114, 59, 168]
[114, 60, 167]
[116, 59, 170]
[112, 62, 169]
[112, 59, 168]
[112, 50, 168]
[113, 53, 170]
[112, 51, 166]
[111, 57, 166]
[111, 56, 168]
[110, 53, 167]
[107, 58, 167]
[110, 61, 168]
[110, 69, 171]
[111, 63, 170]
[109, 66, 169]
[112, 68, 172]
[112, 68, 172]
[111, 72, 171]
[111, 72, 170]
[112, 67, 168]
[113, 65, 169]
[114, 56, 167]
[115, 53, 168]
[112, 62, 169]
[111, 63, 169]
[113, 64, 171]
[116, 59, 170]
[114, 57, 165]
[113, 55, 162]
[115, 54, 165]
[114, 60, 167]
[116, 59, 168]
[116, 59, 168]
[115, 65, 169]
[116, 70, 171]
[114, 70, 171]
[113, 73, 168]
[111, 80, 169]
[106, 77, 163]
[108, 74, 168]
[107, 72, 166]
[108, 80, 169]
[111, 77, 168]
[113, 73, 168]
[112, 76, 168]
[113, 75, 171]
[110, 72, 164]
[110, 71, 165]
[110, 63, 163]
[110, 63, 163]
[109, 69, 163]
[111, 66, 162]
[108, 71, 161]
[111, 74, 165]
[111, 74, 165]
[112, 72, 164]
[113, 76, 168]
[111, 78, 167]
[113, 73, 167]
[112, 78, 170]
[112, 68, 164]
[113, 66, 165]
[114, 71, 169]
[114, 72, 167]
[112, 69, 162]
[112, 68, 164]
[112, 69, 163]
[115, 68, 162]
[116, 65, 162]
[116, 65, 162]
[116, 72, 167]
[113, 75, 164]
[111, 81, 167]
[111, 83, 168]
[113, 86, 167]
[112, 85, 162]
[115, 78, 160]
[115, 82, 164]
[116, 85, 165]
[115, 82, 165]
[115, 86, 166]
[114, 84, 164]
[113, 87, 164]
[115, 86, 166]
[114, 84, 164]
[113, 89, 166]
[115, 86, 166]
[112, 94, 165]
[112, 109, 168]
[109, 128, 165]
[109, 138, 159]
[109, 146, 157]
[109, 148, 159]
[110, 152, 161]
[110, 155, 164]
[110, 154, 162]
[111, 152, 159]
[110, 156, 154]
[112, 148, 153]
[113, 148, 155]
[113, 149, 156]
[113, 143, 157]
[113, 48, 166]
[114, 55, 171]
[111, 56, 169]
[112, 58, 172]
[109, 64, 175]
[111, 62, 174]
[110, 59, 172]
[114, 55, 172]
[113, 53, 169]
[109, 51, 165]
[108, 53, 165]
[105, 60, 167]
[107, 62, 168]
[109, 64, 168]
[111, 63, 170]
[110, 60, 170]
[109, 63, 170]
[111, 63, 169]
[111, 57, 165]
[111, 57, 165]
[107, 59, 163]
[110, 61, 168]
[109, 64, 168]
[110, 61, 167]
[114, 56, 167]
[114, 56, 167]
[113, 54, 165]
[115, 52, 163]
[113, 49, 162]
[111, 58, 163]
[110, 55, 162]
[112, 60, 167]
[112, 62, 170]
[110, 61, 167]
[109, 65, 165]
[107, 72, 167]
[107, 72, 167]
[109, 71, 168]
[109, 68, 166]
[110, 62, 165]
[110, 61, 167]
[112, 62, 169]
[115, 62, 170]
[113, 67, 171]
[112, 67, 168]
[112, 67, 168]
[110, 70, 168]
[111, 65, 165]
[112, 63, 166]
[113, 65, 168]
[116, 59, 169]
[112, 63, 167]
[112, 67, 168]
[113, 72, 171]
[113, 73, 174]
[110, 74, 170]
[108, 74, 168]
[109, 71, 168]
[112, 75, 171]
[112, 78, 169]
[112, 78, 170]
[113, 72, 171]
[112, 78, 171]
[112, 70, 167]
[111, 65, 166]
[109, 71, 168]
[110, 70, 167]
[110, 71, 165]
[112, 68, 165]
[109, 69, 163]
[108, 71, 161]
[110, 73, 160]
[111, 67, 159]
[113, 68, 162]
[112, 72, 164]
[113, 74, 166]
[112, 79, 167]
[110, 76, 164]
[111, 74, 166]
[111, 74, 165]
[112, 72, 162]
[110, 73, 161]
[112, 65, 160]
[114, 60, 158]
[114, 60, 158]
[115, 56, 158]
[116, 62, 160]
[112, 66, 158]
[112, 70, 160]
[112, 78, 164]
[112, 79, 161]
[112, 81, 164]
[113, 75, 164]
[113, 78, 164]
[113, 77, 160]
[112, 84, 163]
[112, 88, 166]
[112, 94, 166]
[112, 89, 163]
[111, 87, 161]
[111, 84, 155]
[111, 85, 159]
[111, 86, 163]
[112, 88, 165]
[115, 83, 163]
[115, 82, 159]
[112, 88, 157]
[112, 100, 160]
[111, 117, 161]
[110, 127, 154]
[111, 137, 155]
[111, 137, 154]
[112, 138, 157]
[112, 135, 155]
[113, 137, 156]
[111, 137, 155]
[112, 135, 155]
[111, 141, 157]
[111, 137, 155]
[112, 138, 157]
[115, 53, 170]
[114, 56, 170]
[112, 58, 171]
[110, 59, 172]
[112, 63, 177]
[112, 58, 172]
[115, 52, 172]
[113, 53, 170]
[112, 50, 167]
[109, 51, 166]
[108, 52, 166]
[105, 59, 168]
[107, 62, 170]
[109, 63, 171]
[111, 62, 173]
[110, 60, 170]
[110, 60, 170]
[109, 63, 170]
[108, 55, 167]
[111, 56, 170]
[111, 56, 170]
[110, 59, 172]
[112, 64, 176]
[109, 65, 172]
[111, 62, 172]
[114, 57, 166]
[113, 49, 162]
[115, 51, 164]
[115, 51, 165]
[110, 55, 163]
[110, 53, 167]
[112, 59, 170]
[112, 59, 168]
[110, 61, 167]
[109, 64, 168]
[107, 68, 168]
[107, 70, 172]
[108, 68, 169]
[111, 64, 167]
[109, 65, 165]
[111, 64, 167]
[112, 63, 167]
[115, 64, 171]
[113, 68, 169]
[112, 67, 167]
[112, 68, 165]
[111, 65, 165]
[111, 72, 169]
[110, 70, 168]
[113, 66, 167]
[115, 54, 164]
[112, 60, 165]
[112, 66, 169]
[112, 69, 170]
[113, 71, 172]
[110, 70, 168]
[111, 65, 165]
[110, 71, 165]
[112, 71, 166]
[112, 78, 171]
[112, 78, 171]
[113, 71, 172]
[113, 73, 174]
[111, 72, 169]
[109, 68, 165]
[112, 67, 168]
[112, 67, 168]
[111, 72, 169]
[111, 65, 165]
[110, 70, 167]
[108, 70, 165]
[109, 73, 165]
[112, 68, 165]
[113, 69, 167]
[115, 75, 167]
[113, 75, 164]
[113, 76, 167]
[111, 75, 164]
[109, 73, 164]
[110, 76, 165]
[112, 72, 162]
[111, 76, 162]
[109, 70, 160]
[112, 62, 161]
[115, 52, 162]
[111, 59, 161]
[114, 61, 162]
[111, 66, 162]
[110, 72, 163]
[112, 78, 164]
[110, 86, 164]
[111, 83, 163]
[112, 81, 163]
[112, 79, 161]
[113, 79, 161]
[112, 84, 163]
[113, 87, 164]
[112, 94, 166]
[112, 89, 164]
[111, 87, 162]
[110, 87, 161]
[111, 89, 164]
[109, 90, 161]
[112, 89, 164]
[115, 81, 166]
[117, 78, 166]
[117, 79, 165]
[112, 94, 165]
[111, 111, 161]
[110, 120, 163]
[111, 130, 163]
[113, 127, 156]
[112, 135, 155]
[112, 136, 154]
[112, 139, 156]
[112, 136, 154]
[113, 138, 155]
[111, 143, 155]
[110, 140, 155]
[112, 137, 158]
[116, 57, 174]
[114, 58, 172]
[116, 57, 174]
[114, 58, 172]
[114, 58, 172]
[115, 50, 169]
[115, 50, 170]
[115, 46, 168]
[113, 47, 167]
[111, 48, 164]
[110, 53, 167]
[108, 55, 166]
[108, 55, 166]
[109, 63, 170]
[109, 63, 170]
[110, 61, 168]
[108, 56, 163]
[110, 61, 167]
[108, 56, 163]
[108, 62, 165]
[110, 58, 166]
[111, 63, 170]
[109, 65, 172]
[110, 60, 170]
[111, 56, 168]
[113, 53, 168]
[112, 51, 166]
[115, 51, 166]
[113, 54, 166]
[112, 62, 170]
[110, 69, 171]
[111, 63, 170]
[112, 65, 172]
[110, 69, 171]
[112, 66, 171]
[109, 67, 168]
[110, 69, 170]
[109, 65, 164]
[109, 65, 165]
[112, 60, 165]
[114, 58, 164]
[114, 57, 165]
[116, 59, 169]
[113, 67, 171]
[112, 74, 172]
[112, 69, 169]
[113, 68, 170]
[113, 71, 172]
[112, 76, 174]
[110, 75, 167]
[110, 72, 163]
[111, 65, 165]
[111, 65, 166]
[110, 70, 168]
[111, 72, 171]
[112, 67, 168]
[110, 70, 168]
[111, 65, 166]
[110, 70, 167]
[112, 70, 167]
[112, 78, 170]
[112, 71, 165]
[112, 71, 166]
[111, 73, 167]
[110, 70, 168]
[112, 63, 166]
[112, 63, 166]
[111, 66, 163]
[112, 71, 166]
[111, 73, 167]
[111, 65, 166]
[110, 70, 167]
[111, 73, 167]
[114, 71, 168]
[114, 72, 167]
[116, 71, 168]
[113, 76, 167]
[112, 72, 164]
[109, 68, 166]
[110, 70, 168]
[111, 74, 166]
[112, 72, 163]
[109, 71, 158]
[110, 65, 158]
[111, 67, 161]
[110, 76, 164]
[112, 78, 164]
[111, 79, 164]
[112, 78, 164]
[113, 78, 164]
[114, 80, 166]
[111, 85, 165]
[109, 89, 164]
[111, 88, 165]
[111, 89, 164]
[110, 97, 166]
[110, 99, 163]
[112, 89, 163]
[114, 83, 165]
[113, 90, 165]
[112, 95, 163]
[111, 92, 163]
[110, 98, 167]
[110, 95, 164]
[112, 91, 166]
[114, 84, 163]
[115, 88, 163]
[112, 90, 161]
[111, 102, 162]
[111, 117, 165]
[110, 127, 155]
[112, 124, 156]
[113, 124, 154]
[113, 131, 156]
[113, 140, 160]
[113, 144, 161]
[114, 147, 160]
[113, 146, 159]
[110, 143, 155]
[111, 143, 159]
[115, 52, 172]
[114, 55, 171]
[111, 56, 169]
[111, 56, 168]
[113, 53, 170]
[111, 47, 167]
[111, 47, 168]
[113, 44, 167]
[113, 45, 165]
[111, 48, 165]
[112, 50, 168]
[108, 55, 167]
[108, 61, 168]
[110, 60, 170]
[108, 55, 167]
[111, 56, 170]
[113, 47, 167]
[112, 59, 168]
[108, 61, 168]
[108, 60, 169]
[108, 60, 170]
[110, 60, 170]
[110, 58, 168]
[111, 57, 166]
[111, 57, 166]
[110, 55, 163]
[110, 55, 163]
[110, 61, 168]
[110, 60, 170]
[111, 63, 170]
[109, 67, 168]
[112, 66, 169]
[112, 66, 170]
[110, 73, 172]
[110, 69, 169]
[110, 69, 169]
[112, 60, 166]
[112, 60, 166]
[111, 58, 164]
[112, 59, 168]
[110, 54, 164]
[114, 56, 167]
[111, 64, 168]
[112, 69, 171]
[112, 74, 172]
[114, 70, 172]
[113, 73, 174]
[113, 71, 172]
[112, 74, 172]
[110, 81, 174]
[110, 79, 172]
[111, 72, 169]
[112, 67, 167]
[110, 70, 168]
[112, 67, 168]
[109, 67, 167]
[110, 69, 169]
[111, 65, 166]
[109, 68, 166]
[113, 65, 168]
[111, 72, 169]
[112, 69, 169]
[110, 74, 169]
[109, 72, 167]
[112, 67, 168]
[109, 67, 161]
[112, 62, 161]
[112, 63, 166]
[111, 65, 166]
[110, 70, 167]
[112, 71, 166]
[110, 72, 164]
[112, 68, 164]
[113, 70, 165]
[117, 66, 166]
[116, 70, 165]
[115, 75, 166]
[112, 72, 162]
[109, 74, 161]
[109, 74, 161]
[111, 76, 162]
[113, 71, 162]
[109, 71, 158]
[112, 70, 160]
[113, 75, 164]
[112, 78, 164]
[110, 86, 164]
[111, 84, 166]
[113, 85, 168]
[113, 85, 168]
[114, 80, 166]
[112, 81, 163]
[112, 79, 161]
[110, 87, 162]
[112, 93, 167]
[109, 95, 166]
[109, 92, 164]
[111, 86, 164]
[113, 87, 164]
[115, 88, 163]
[115, 87, 165]
[112, 88, 166]
[111, 89, 170]
[110, 93, 167]
[111, 90, 167]
[112, 88, 166]
[112, 91, 166]
[111, 92, 163]
[111, 102, 162]
[111, 118, 160]
[109, 128, 157]
[110, 128, 157]
[112, 132, 158]
[112, 135, 155]
[112, 147, 161]
[112, 149, 159]
[113, 148, 160]
[112, 149, 159]
[110, 150, 160]
[111, 145, 157]
[113, 53, 170]
[113, 47, 168]
[110, 53, 168]
[108, 52, 167]
[104, 52, 167]
[105, 46, 165]
[105, 47, 164]
[107, 48, 164]
[106, 50, 164]
[107, 46, 162]
[112, 50, 167]
[110, 53, 167]
[108, 55, 167]
[112, 58, 172]
[111, 56, 170]
[113, 53, 169]
[115, 50, 168]
[110, 54, 166]
[108, 56, 164]
[110, 58, 168]
[107, 58, 166]
[110, 59, 165]
[108, 62, 165]
[110, 55, 163]
[113, 54, 166]
[110, 54, 164]
[112, 51, 164]
[111, 56, 168]
[108, 55, 167]
[111, 56, 169]
[112, 62, 170]
[113, 64, 171]
[115, 56, 170]
[112, 60, 167]
[112, 60, 167]
[112, 63, 167]
[113, 65, 169]
[112, 63, 166]
[109, 65, 165]
[110, 61, 166]
[111, 64, 168]
[109, 67, 167]
[109, 67, 167]
[112, 67, 168]
[112, 69, 170]
[112, 75, 171]
[113, 74, 173]
[111, 76, 172]
[112, 74, 172]
[111, 72, 171]
[111, 72, 171]
[113, 71, 173]
[113, 73, 174]
[113, 72, 171]
[111, 73, 167]
[112, 67, 168]
[112, 67, 168]
[109, 68, 166]
[110, 70, 168]
[111, 65, 166]
[111, 65, 166]
[110, 70, 168]
[111, 65, 166]
[111, 72, 171]
[111, 72, 170]
[112, 67, 168]
[115, 63, 167]
[114, 61, 163]
[111, 66, 163]
[112, 67, 167]
[108, 69, 166]
[110, 70, 168]
[112, 68, 164]
[109, 69, 163]
[112, 76, 168]
[113, 73, 167]
[113, 76, 168]
[110, 82, 164]
[110, 83, 162]
[109, 90, 162]
[111, 82, 164]
[112, 79, 162]
[112, 74, 159]
[112, 74, 158]
[113, 76, 161]
[111, 83, 163]
[109, 87, 161]
[111, 88, 165]
[109, 91, 165]
[111, 89, 164]
[112, 81, 164]
[112, 80, 166]
[113, 75, 164]
[112, 80, 166]
[110, 86, 163]
[109, 89, 163]
[110, 86, 163]
[111, 83, 163]
[113, 79, 162]
[116, 76, 164]
[117, 75, 159]
[115, 80, 162]
[112, 84, 163]
[111, 89, 164]
[111, 89, 164]
[112, 83, 165]
[112, 90, 168]
[111, 92, 164]
[110, 109, 164]
[111, 118, 160]
[110, 129, 152]
[110, 138, 153]
[111, 137, 154]
[110, 141, 154]
[109, 145, 155]
[111, 147, 161]
[111, 147, 161]
[110, 146, 164]
[111, 140, 166]
[113, 141, 164]
[112, 50, 167]
[113, 45, 166]
[106, 49, 166]
[106, 50, 164]
[104, 52, 167]
[105, 47, 164]
[105, 47, 164]
[106, 49, 165]
[106, 49, 165]
[107, 46, 162]
[112, 50, 169]
[108, 55, 168]
[107, 58, 167]
[112, 58, 171]
[114, 55, 173]
[113, 53, 170]
[113, 53, 170]
[113, 47, 167]
[110, 53, 167]
[111, 57, 166]
[110, 53, 167]
[111, 56, 169]
[111, 56, 168]
[110, 55, 163]
[113, 48, 163]
[112, 61, 172]
[110, 61, 168]
[111, 57, 166]
[110, 54, 164]
[112, 60, 166]
[111, 64, 168]
[112, 62, 169]
[114, 56, 170]
[115, 53, 170]
[115, 56, 170]
[112, 62, 169]
[112, 63, 166]
[113, 65, 168]
[110, 70, 168]
[111, 65, 166]
[112, 68, 165]
[109, 68, 166]
[110, 70, 168]
[111, 64, 167]
[111, 64, 167]
[111, 72, 171]
[111, 72, 170]
[112, 69, 169]
[111, 72, 170]
[112, 67, 168]
[111, 72, 171]
[112, 69, 171]
[115, 72, 174]
[114, 70, 172]
[112, 69, 170]
[110, 70, 168]
[110, 70, 168]
[111, 65, 165]
[110, 70, 167]
[111, 65, 165]
[111, 66, 163]
[110, 72, 163]
[111, 74, 166]
[113, 70, 165]
[113, 67, 163]
[113, 67, 163]
[115, 65, 162]
[114, 62, 160]
[112, 65, 161]
[112, 68, 164]
[108, 71, 161]
[109, 74, 163]
[111, 66, 163]
[110, 70, 167]
[112, 76, 167]
[112, 78, 164]
[111, 80, 168]
[110, 82, 165]
[110, 82, 164]
[109, 88, 166]
[110, 84, 166]
[112, 78, 164]
[113, 74, 165]
[112, 72, 162]
[112, 80, 166]
[111, 79, 164]
[109, 86, 164]
[110, 86, 164]
[110, 82, 165]
[109, 88, 171]
[111, 78, 166]
[112, 79, 167]
[112, 77, 166]
[113, 77, 166]
[110, 84, 161]
[110, 86, 163]
[109, 87, 161]
[111, 82, 164]
[112, 79, 162]
[113, 78, 164]
[114, 80, 166]
[114, 80, 165]
[112, 84, 164]
[111, 89, 164]
[109, 92, 164]
[111, 87, 162]
[112, 92, 163]
[112, 97, 160]
[111, 113, 158]
[111, 123, 157]
[110, 127, 154]
[110, 134, 158]
[110, 139, 156]
[110, 142, 156]
[110, 143, 155]
[110, 147, 156]
[110, 146, 157]
[110, 137, 158]
[111, 140, 159]
[113, 140, 160]
[111, 41, 167]
[107, 47, 167]
[110, 44, 167]
[109, 42, 164]
[107, 45, 164]
[107, 48, 165]
[107, 48, 165]
[107, 45, 163]
[107, 45, 163]
[109, 51, 166]
[110, 53, 169]
[111, 56, 170]
[110, 53, 169]
[111, 56, 170]
[109, 62, 172]
[112, 59, 170]
[115, 50, 168]
[112, 59, 168]
[110, 59, 165]
[110, 54, 164]
[111, 56, 169]
[110, 53, 167]
[111, 56, 169]
[110, 53, 167]
[108, 55, 167]
[110, 60, 170]
[111, 63, 170]
[109, 66, 170]
[112, 65, 172]
[112, 62, 169]
[113, 64, 172]
[114, 56, 170]
[114, 56, 170]
[115, 55, 173]
[116, 58, 172]
[112, 68, 173]
[111, 72, 171]
[112, 69, 170]
[109, 68, 166]
[112, 67, 168]
[111, 65, 166]
[110, 70, 168]
[110, 70, 168]
[112, 63, 166]
[111, 65, 166]
[112, 67, 168]
[114, 60, 165]
[115, 63, 165]
[116, 59, 168]
[112, 63, 166]
[112, 63, 166]
[113, 65, 168]
[114, 60, 166]
[112, 69, 170]
[112, 69, 169]
[111, 72, 169]
[112, 67, 168]
[113, 65, 168]
[111, 66, 163]
[112, 68, 165]
[111, 72, 169]
[113, 72, 169]
[116, 71, 170]
[116, 69, 167]
[114, 71, 168]
[112, 69, 163]
[113, 67, 164]
[112, 64, 163]
[112, 65, 162]
[113, 66, 165]
[112, 68, 164]
[111, 67, 161]
[111, 67, 161]
[110, 72, 162]
[113, 74, 166]
[112, 79, 168]
[112, 82, 168]
[114, 81, 170]
[114, 82, 168]
[112, 82, 168]
[112, 82, 168]
[112, 72, 162]
[111, 68, 158]
[110, 73, 160]
[110, 77, 163]
[111, 79, 165]
[110, 82, 165]
[110, 86, 163]
[109, 82, 158]
[110, 77, 162]
[112, 77, 165]
[113, 75, 164]
[115, 75, 166]
[113, 74, 165]
[113, 75, 164]
[112, 80, 166]
[113, 77, 166]
[110, 77, 162]
[111, 81, 166]
[112, 78, 164]
[113, 78, 164]
[111, 79, 164]
[110, 86, 164]
[110, 83, 162]
[109, 92, 164]
[111, 90, 161]
[112, 95, 163]
[110, 100, 161]
[111, 115, 155]
[110, 127, 154]
[109, 142, 154]
[108, 148, 152]
[109, 147, 153]
[110, 151, 152]
[109, 151, 149]
[111, 146, 152]
[112, 135, 151]
[111, 135, 153]
[112, 133, 153]
[114, 130, 155]
[107, 45, 163]
[107, 47, 167]
[111, 41, 167]
[107, 45, 163]
[107, 48, 164]
[109, 51, 166]
[107, 47, 168]
[107, 44, 168]
[106, 49, 167]
[110, 53, 170]
[113, 52, 172]
[113, 52, 171]
[115, 49, 171]
[108, 54, 170]
[108, 54, 169]
[108, 60, 170]
[110, 57, 169]
[108, 55, 167]
[111, 56, 170]
[109, 51, 166]
[113, 45, 165]
[112, 50, 167]
[113, 53, 168]
[110, 54, 164]
[108, 61, 168]
[108, 56, 164]
[110, 58, 168]
[109, 63, 170]
[110, 60, 171]
[109, 62, 172]
[109, 64, 174]
[112, 61, 172]
[114, 59, 169]
[112, 60, 167]
[111, 64, 167]
[112, 69, 171]
[112, 68, 172]
[111, 72, 171]
[112, 66, 169]
[110, 69, 169]
[109, 67, 167]
[112, 66, 169]
[109, 68, 166]
[112, 67, 168]
[110, 70, 168]
[112, 67, 168]
[112, 67, 168]
[112, 62, 168]
[112, 60, 166]
[110, 59, 163]
[108, 63, 163]
[110, 59, 163]
[110, 70, 168]
[111, 65, 166]
[111, 65, 166]
[112, 66, 169]
[115, 56, 167]
[115, 63, 167]
[112, 63, 167]
[113, 65, 168]
[112, 69, 170]
[114, 70, 172]
[114, 70, 172]
[115, 73, 171]
[115, 74, 169]
[113, 70, 165]
[114, 62, 161]
[115, 64, 163]
[113, 70, 164]
[113, 70, 163]
[116, 62, 161]
[111, 67, 160]
[111, 67, 160]
[113, 68, 162]
[113, 74, 165]
[115, 77, 168]
[115, 80, 168]
[115, 80, 170]
[114, 79, 168]
[114, 78, 169]
[112, 80, 166]
[112, 72, 162]
[111, 67, 160]
[107, 69, 159]
[106, 78, 161]
[110, 76, 164]
[111, 81, 166]
[110, 77, 162]
[108, 78, 160]
[110, 73, 161]
[111, 75, 164]
[113, 73, 167]
[115, 75, 167]
[114, 74, 162]
[112, 81, 164]
[113, 71, 162]
[112, 66, 159]
[112, 72, 163]
[110, 84, 166]
[111, 79, 164]
[111, 79, 164]
[111, 81, 166]
[111, 83, 163]
[111, 82, 159]
[114, 84, 164]
[113, 88, 163]
[112, 95, 163]
[110, 100, 161]
[111, 116, 163]
[109, 132, 157]
[110, 139, 156]
[109, 145, 155]
[110, 155, 155]
[111, 153, 155]
[111, 149, 152]
[111, 143, 155]
[113, 137, 156]
[110, 133, 152]
[110, 131, 154]
[111, 126, 154]
[106, 55, 168]
[109, 51, 166]
[109, 51, 166]
[108, 52, 167]
[107, 57, 170]
[108, 52, 168]
[106, 49, 167]
[106, 55, 168]
[106, 54, 169]
[109, 50, 168]
[109, 50, 168]
[110, 53, 169]
[111, 55, 172]
[108, 54, 170]
[110, 57, 171]
[108, 52, 167]
[107, 45, 165]
[107, 48, 166]
[109, 51, 166]
[109, 51, 165]
[115, 50, 169]
[110, 54, 166]
[110, 59, 165]
[110, 61, 167]
[110, 59, 165]
[110, 54, 166]
[108, 55, 168]
[110, 57, 170]
[107, 58, 167]
[110, 58, 166]
[112, 62, 169]
[109, 67, 168]
[110, 59, 163]
[112, 60, 165]
[109, 65, 165]
[112, 69, 171]
[109, 67, 167]
[111, 64, 167]
[111, 65, 166]
[113, 65, 168]
[115, 57, 166]
[115, 62, 170]
[114, 59, 168]
[112, 66, 169]
[110, 69, 169]
[111, 64, 167]
[108, 69, 167]
[109, 71, 168]
[110, 70, 168]
[109, 67, 168]
[111, 64, 168]
[112, 60, 165]
[113, 65, 168]
[112, 63, 166]
[116, 59, 168]
[114, 60, 167]
[114, 60, 167]
[115, 57, 166]
[112, 63, 166]
[115, 62, 168]
[116, 60, 167]
[113, 70, 163]
[114, 71, 169]
[113, 72, 169]
[115, 73, 171]
[113, 69, 167]
[112, 71, 166]
[113, 73, 167]
[112, 76, 168]
[112, 68, 164]
[109, 70, 161]
[109, 79, 164]
[109, 87, 167]
[111, 81, 167]
[111, 89, 170]
[112, 92, 169]
[112, 88, 166]
[112, 82, 168]
[113, 75, 164]
[112, 80, 166]
[112, 79, 162]
[112, 72, 162]
[110, 73, 161]
[111, 67, 160]
[108, 77, 163]
[110, 77, 162]
[111, 76, 162]
[111, 76, 162]
[110, 73, 161]
[112, 72, 164]
[111, 67, 159]
[109, 69, 162]
[111, 67, 161]
[112, 77, 166]
[111, 75, 164]
[115, 67, 164]
[117, 67, 164]
[113, 76, 162]
[112, 79, 162]
[112, 83, 166]
[113, 86, 167]
[115, 82, 165]
[113, 87, 165]
[114, 81, 163]
[113, 87, 165]
[114, 86, 161]
[112, 102, 158]
[112, 115, 164]
[111, 125, 159]
[112, 129, 158]
[112, 144, 150]
[112, 135, 155]
[113, 142, 162]
[112, 149, 159]
[111, 158, 158]
[112, 152, 156]
[113, 142, 151]
[112, 143, 152]
[109, 142, 149]
[110, 143, 152]
[106, 54, 170]
[109, 50, 169]
[111, 47, 169]
[108, 52, 167]
[108, 52, 167]
[104, 52, 167]
[104, 52, 167]
[108, 51, 169]
[106, 54, 169]
[108, 51, 169]
[104, 52, 167]
[108, 54, 171]
[108, 60, 170]
[110, 53, 168]
[111, 55, 171]
[110, 53, 168]
[108, 52, 166]
[108, 53, 165]
[107, 58, 167]
[108, 55, 167]
[110, 53, 168]
[111, 56, 169]
[110, 60, 171]
[110, 57, 170]
[108, 60, 170]
[110, 53, 167]
[110, 58, 168]
[108, 55, 166]
[108, 55, 167]
[112, 58, 171]
[112, 62, 170]
[112, 62, 168]
[112, 60, 166]
[114, 57, 166]
[112, 66, 169]
[111, 65, 166]
[111, 65, 166]
[111, 58, 164]
[115, 51, 165]
[114, 59, 169]
[114, 59, 168]
[116, 59, 169]
[114, 60, 166]
[112, 66, 169]
[110, 69, 169]
[111, 64, 167]
[108, 74, 169]
[110, 74, 170]
[112, 67, 168]
[110, 70, 167]
[112, 67, 168]
[112, 60, 165]
[116, 59, 169]
[114, 60, 166]
[115, 62, 168]
[115, 54, 164]
[114, 60, 167]
[115, 56, 167]
[112, 66, 170]
[113, 65, 170]
[116, 59, 169]
[115, 65, 170]
[113, 68, 170]
[113, 72, 171]
[113, 75, 170]
[113, 68, 161]
[113, 75, 164]
[112, 78, 164]
[112, 72, 163]
[110, 72, 162]
[107, 74, 162]
[109, 79, 165]
[109, 86, 164]
[111, 83, 168]
[112, 89, 170]
[112, 87, 168]
[112, 86, 170]
[112, 79, 167]
[113, 74, 166]
[111, 75, 163]
[111, 75, 163]
[113, 68, 162]
[111, 67, 159]
[112, 69, 162]
[110, 77, 162]
[111, 79, 164]
[112, 72, 162]
[111, 75, 163]
[112, 72, 163]
[112, 69, 163]
[109, 69, 163]
[111, 66, 163]
[112, 68, 164]
[110, 76, 164]
[113, 77, 166]
[113, 75, 164]
[113, 76, 162]
[114, 81, 164]
[113, 79, 161]
[112, 84, 164]
[114, 83, 165]
[115, 82, 164]
[115, 82, 165]
[115, 80, 162]
[115, 84, 161]
[112, 91, 160]
[113, 104, 164]
[112, 119, 159]
[112, 128, 159]
[112, 131, 156]
[111, 137, 155]
[114, 136, 161]
[113, 142, 162]
[111, 148, 157]
[111, 153, 158]
[111, 150, 155]
[113, 142, 151]
[113, 142, 151]
[110, 139, 149]
[109, 140, 151]
[111, 41, 166]
[109, 42, 164]
[111, 41, 166]
[111, 47, 168]
[111, 41, 167]
[107, 47, 167]
[110, 38, 166]
[111, 47, 170]
[110, 39, 165]
[107, 47, 167]
[109, 50, 168]
[110, 53, 168]
[113, 53, 170]
[112, 50, 170]
[110, 52, 171]
[109, 50, 169]
[108, 59, 173]
[108, 55, 168]
[107, 62, 169]
[107, 58, 168]
[110, 53, 168]
[111, 57, 166]
[108, 62, 165]
[110, 61, 166]
[109, 65, 166]
[110, 61, 166]
[108, 62, 165]
[108, 55, 166]
[107, 58, 166]
[112, 60, 167]
[112, 60, 166]
[110, 59, 165]
[110, 55, 163]
[114, 56, 167]
[115, 56, 167]
[113, 65, 169]
[113, 54, 164]
[112, 52, 163]
[111, 49, 161]
[113, 48, 166]
[113, 54, 166]
[115, 56, 168]
[114, 60, 166]
[112, 66, 169]
[109, 67, 168]
[110, 69, 169]
[109, 71, 169]
[108, 74, 169]
[109, 71, 169]
[110, 70, 168]
[109, 68, 166]
[112, 61, 164]
[115, 57, 166]
[113, 65, 168]
[111, 65, 166]
[113, 65, 169]
[112, 62, 168]
[112, 60, 166]
[111, 65, 166]
[113, 70, 165]
[113, 68, 161]
[113, 68, 161]
[109, 69, 162]
[112, 71, 166]
[112, 78, 170]
[113, 74, 166]
[110, 82, 165]
[110, 82, 165]
[109, 87, 167]
[107, 81, 161]
[108, 71, 162]
[113, 66, 165]
[112, 65, 161]
[114, 72, 166]
[115, 75, 166]
[114, 73, 164]
[114, 73, 164]
[113, 71, 162]
[111, 75, 163]
[112, 72, 164]
[112, 71, 165]
[112, 77, 166]
[112, 72, 163]
[111, 76, 162]
[111, 68, 158]
[112, 70, 160]
[114, 63, 159]
[112, 69, 163]
[109, 70, 161]
[109, 74, 162]
[110, 72, 164]
[109, 68, 165]
[113, 69, 166]
[117, 66, 166]
[116, 72, 166]
[114, 73, 165]
[112, 77, 165]
[110, 86, 164]
[109, 92, 163]
[110, 87, 162]
[109, 89, 164]
[110, 83, 162]
[111, 80, 162]
[116, 76, 165]
[116, 85, 165]
[112, 100, 161]
[111, 110, 158]
[112, 116, 162]
[114, 119, 161]
[114, 126, 160]
[114, 132, 157]
[114, 135, 160]
[114, 141, 155]
[113, 139, 150]
[112, 143, 152]
[112, 136, 154]
[113, 133, 157]
[114, 130, 155]
[113, 132, 158]
[110, 139, 156]
[110, 44, 167]
[110, 39, 165]
[111, 41, 167]
[112, 50, 168]
[110, 53, 168]
[109, 51, 166]
[106, 49, 165]
[111, 47, 168]
[111, 47, 168]
[113, 44, 169]
[113, 44, 169]
[109, 50, 169]
[113, 44, 169]
[111, 47, 169]
[111, 41, 168]
[109, 50, 169]
[108, 51, 169]
[108, 55, 168]
[107, 58, 168]
[109, 51, 166]
[111, 48, 166]
[110, 53, 167]
[110, 58, 168]
[111, 63, 169]
[112, 66, 171]
[112, 59, 168]
[113, 48, 163]
[111, 58, 164]
[111, 64, 168]
[109, 67, 168]
[111, 63, 169]
[107, 65, 168]
[107, 68, 168]
[109, 65, 165]
[112, 66, 170]
[112, 62, 169]
[115, 56, 168]
[113, 55, 163]
[115, 51, 164]
[110, 55, 162]
[113, 53, 168]
[114, 56, 168]
[116, 59, 169]
[115, 64, 171]
[112, 67, 168]
[111, 64, 167]
[112, 66, 170]
[108, 69, 167]
[110, 69, 169]
[110, 69, 169]
[112, 66, 170]
[109, 67, 168]
[110, 69, 170]
[111, 64, 167]
[112, 66, 169]
[110, 74, 170]
[110, 70, 167]
[113, 65, 168]
[112, 63, 166]
[113, 66, 167]
[113, 68, 169]
[113, 69, 166]
[110, 72, 164]
[112, 69, 163]
[112, 69, 163]
[110, 76, 165]
[110, 76, 165]
[110, 81, 166]
[109, 87, 168]
[110, 76, 164]
[109, 73, 164]
[112, 64, 163]
[115, 64, 164]
[114, 62, 161]
[113, 67, 163]
[115, 65, 162]
[116, 61, 163]
[114, 62, 160]
[113, 69, 160]
[112, 72, 163]
[113, 75, 164]
[111, 82, 164]
[111, 81, 166]
[111, 75, 163]
[109, 70, 160]
[113, 67, 164]
[113, 66, 167]
[112, 68, 164]
[112, 71, 165]
[111, 78, 166]
[109, 74, 161]
[110, 76, 164]
[113, 74, 166]
[116, 70, 165]
[117, 66, 165]
[116, 64, 163]
[114, 73, 165]
[111, 78, 166]
[109, 84, 166]
[110, 84, 166]
[109, 89, 163]
[109, 88, 160]
[111, 84, 160]
[113, 81, 157]
[114, 85, 156]
[113, 97, 160]
[111, 114, 157]
[111, 124, 156]
[112, 128, 151]
[113, 130, 153]
[113, 133, 157]
[113, 132, 155]
[114, 132, 156]
[114, 130, 155]
[114, 132, 156]
[113, 133, 153]
[113, 134, 156]
[113, 133, 153]
[114, 144, 156]
[111, 152, 153]
[110, 39, 164]
[109, 42, 164]
[110, 45, 166]
[108, 52, 168]
[108, 52, 168]
[106, 55, 168]
[107, 57, 170]
[110, 52, 171]
[108, 54, 171]
[110, 56, 172]
[108, 60, 171]
[109, 50, 169]
[111, 41, 167]
[109, 42, 165]
[111, 41, 167]
[107, 45, 165]
[107, 58, 168]
[108, 55, 167]
[108, 60, 169]
[109, 51, 166]
[109, 42, 163]
[110, 45, 164]
[112, 50, 168]
[110, 53, 168]
[111, 56, 170]
[110, 53, 168]
[111, 56, 170]
[110, 54, 166]
[111, 63, 169]
[111, 64, 167]
[109, 67, 167]
[108, 74, 169]
[107, 77, 169]
[108, 69, 166]
[109, 65, 164]
[109, 65, 165]
[109, 65, 165]
[110, 62, 165]
[109, 67, 167]
[112, 63, 167]
[112, 60, 165]
[112, 60, 165]
[112, 63, 167]
[115, 64, 171]
[115, 62, 168]
[112, 66, 169]
[111, 65, 166]
[111, 72, 170]
[113, 73, 174]
[111, 72, 170]
[110, 74, 170]
[111, 72, 170]
[112, 69, 170]
[112, 67, 168]
[109, 67, 167]
[112, 67, 168]
[113, 73, 174]
[114, 70, 172]
[115, 72, 174]
[112, 69, 170]
[113, 66, 167]
[112, 64, 163]
[113, 66, 167]
[112, 67, 167]
[112, 75, 169]
[110, 77, 162]
[109, 70, 161]
[110, 72, 164]
[109, 69, 163]
[112, 67, 168]
[112, 67, 167]
[109, 69, 163]
[112, 68, 165]
[115, 63, 165]
[116, 68, 168]
[116, 64, 164]
[116, 64, 164]
[115, 67, 164]
[116, 70, 164]
[116, 70, 164]
[113, 76, 167]
[113, 74, 166]
[112, 80, 166]
[112, 78, 164]
[111, 75, 163]
[112, 72, 164]
[112, 72, 164]
[114, 72, 166]
[115, 74, 168]
[114, 72, 166]
[114, 74, 162]
[115, 77, 163]
[115, 76, 164]
[112, 78, 164]
[110, 73, 161]
[113, 68, 162]
[112, 73, 160]
[113, 72, 159]
[112, 74, 159]
[112, 74, 158]
[110, 80, 157]
[112, 80, 160]
[113, 79, 162]
[111, 81, 160]
[112, 95, 163]
[111, 107, 162]
[111, 112, 160]
[111, 119, 163]
[112, 117, 161]
[113, 120, 159]
[113, 123, 156]
[113, 132, 155]
[112, 143, 159]
[113, 146, 157]
[114, 149, 157]
[111, 151, 154]
[112, 137, 153]
[112, 142, 160]
[112, 141, 161]
[111, 150, 162]
[110, 43, 172]
[107, 44, 168]
[107, 45, 166]
[108, 51, 170]
[105, 45, 169]
[104, 51, 171]
[107, 56, 174]
[108, 54, 170]
[107, 57, 169]
[110, 56, 172]
[108, 59, 172]
[108, 51, 169]
[110, 44, 167]
[109, 42, 165]
[110, 39, 165]
[107, 48, 166]
[106, 55, 166]
[108, 55, 167]
[110, 57, 169]
[109, 51, 166]
[110, 45, 164]
[111, 48, 165]
[113, 47, 167]
[110, 53, 168]
[111, 56, 170]
[110, 53, 168]
[110, 53, 168]
[111, 56, 169]
[110, 60, 171]
[111, 62, 172]
[111, 62, 172]
[110, 68, 172]
[111, 63, 169]
[110, 69, 169]
[110, 61, 166]
[109, 64, 168]
[109, 63, 170]
[110, 60, 171]
[110, 68, 172]
[112, 62, 168]
[112, 62, 168]
[111, 57, 165]
[112, 62, 170]
[113, 65, 169]
[113, 65, 168]
[113, 65, 169]
[111, 64, 167]
[111, 72, 170]
[112, 74, 173]
[110, 73, 171]
[112, 74, 173]
[111, 72, 171]
[111, 72, 171]
[112, 66, 169]
[109, 67, 167]
[113, 65, 168]
[114, 70, 171]
[115, 73, 171]
[115, 73, 171]
[113, 69, 167]
[113, 67, 164]
[112, 64, 163]
[113, 66, 165]
[112, 69, 169]
[112, 76, 168]
[110, 75, 166]
[110, 72, 164]
[109, 69, 163]
[109, 69, 162]
[112, 69, 162]
[110, 72, 162]
[110, 64, 159]
[112, 65, 161]
[115, 67, 164]
[119, 67, 167]
[119, 65, 164]
[116, 70, 165]
[114, 72, 166]
[114, 72, 166]
[114, 71, 168]
[113, 73, 168]
[112, 70, 167]
[111, 78, 167]
[110, 82, 165]
[111, 79, 164]
[113, 75, 164]
[112, 81, 164]
[113, 74, 165]
[114, 73, 164]
[115, 76, 164]
[115, 75, 166]
[113, 77, 166]
[112, 79, 162]
[112, 81, 164]
[110, 73, 160]
[112, 70, 161]
[113, 68, 162]
[113, 69, 160]
[111, 68, 158]
[112, 73, 160]
[113, 79, 161]
[112, 81, 157]
[113, 80, 153]
[111, 94, 155]
[109, 108, 156]
[110, 112, 159]
[110, 113, 158]
[112, 118, 156]
[114, 118, 158]
[113, 121, 154]
[114, 121, 154]
[113, 132, 155]
[114, 142, 154]
[114, 145, 155]
[113, 154, 154]
[111, 153, 152]
[111, 150, 148]
[112, 149, 152]
[112, 147, 154]
[111, 153, 158]
[104, 52, 167]
[107, 45, 165]
[107, 45, 165]
[109, 50, 169]
[106, 54, 169]
[108, 51, 169]
[103, 49, 166]
[106, 48, 170]
[106, 48, 171]
[112, 48, 174]
[115, 49, 173]
[111, 47, 168]
[107, 47, 167]
[107, 45, 165]
[107, 45, 165]
[106, 49, 166]
[103, 49, 165]
[109, 50, 169]
[111, 41, 166]
[110, 45, 164]
[111, 42, 163]
[111, 48, 166]
[111, 48, 166]
[113, 47, 168]
[110, 53, 167]
[112, 60, 167]
[114, 57, 166]
[114, 56, 167]
[111, 63, 169]
[112, 60, 167]
[112, 60, 167]
[112, 62, 169]
[113, 65, 170]
[112, 63, 167]
[112, 66, 169]
[110, 62, 165]
[110, 59, 164]
[108, 62, 165]
[110, 58, 166]
[112, 60, 167]
[111, 58, 163]
[111, 58, 163]
[109, 65, 166]
[111, 64, 167]
[110, 69, 169]
[112, 62, 168]
[110, 59, 165]
[110, 61, 168]
[109, 64, 168]
[112, 66, 169]
[110, 69, 170]
[112, 63, 167]
[112, 67, 168]
[111, 65, 165]
[109, 68, 166]
[113, 65, 168]
[116, 70, 171]
[114, 72, 166]
[115, 73, 171]
[113, 68, 170]
[113, 68, 170]
[113, 72, 169]
[113, 72, 169]
[111, 79, 171]
[112, 76, 168]
[113, 68, 162]
[114, 62, 161]
[113, 70, 165]
[112, 72, 163]
[110, 73, 161]
[112, 69, 162]
[109, 70, 161]
[112, 65, 162]
[115, 64, 164]
[115, 67, 164]
[113, 70, 164]
[112, 72, 164]
[111, 74, 166]
[112, 70, 167]
[110, 72, 163]
[109, 70, 160]
[111, 67, 161]
[109, 70, 161]
[110, 76, 164]
[112, 79, 168]
[112, 79, 167]
[112, 82, 168]
[114, 78, 169]
[112, 81, 169]
[111, 81, 166]
[109, 88, 166]
[111, 88, 165]
[111, 83, 163]
[112, 81, 163]
[110, 74, 158]
[112, 70, 160]
[115, 65, 160]
[114, 63, 158]
[110, 76, 155]
[112, 81, 158]
[111, 87, 161]
[113, 94, 165]
[113, 101, 164]
[112, 109, 161]
[110, 115, 160]
[109, 117, 159]
[110, 120, 159]
[112, 118, 155]
[112, 119, 154]
[112, 120, 157]
[113, 122, 157]
[113, 125, 153]
[113, 125, 149]
[115, 127, 155]
[113, 137, 153]
[113, 149, 156]
[113, 154, 154]
[113, 147, 153]
[114, 142, 158]
[113, 144, 156]
[106, 48, 170]
[106, 42, 164]
[111, 41, 168]
[109, 42, 165]
[107, 47, 167]
[106, 49, 167]
[105, 46, 165]
[104, 52, 167]
[106, 49, 167]
[109, 42, 165]
[111, 47, 169]
[111, 41, 166]
[110, 44, 168]
[109, 41, 166]
[107, 45, 166]
[106, 49, 167]
[110, 45, 165]
[110, 45, 166]
[110, 36, 163]
[108, 39, 163]
[111, 41, 167]
[116, 34, 165]
[110, 39, 165]
[111, 41, 166]
[108, 55, 166]
[112, 59, 168]
[115, 51, 166]
[114, 56, 168]
[115, 53, 167]
[114, 56, 170]
[115, 56, 168]
[114, 59, 168]
[116, 59, 170]
[113, 65, 169]
[109, 67, 167]
[112, 66, 169]
[110, 59, 164]
[108, 62, 164]
[108, 57, 162]
[113, 55, 163]
[112, 60, 166]
[110, 61, 166]
[112, 66, 169]
[108, 69, 166]
[110, 70, 168]
[109, 65, 164]
[108, 57, 162]
[111, 57, 165]
[111, 58, 163]
[110, 62, 165]
[109, 67, 167]
[110, 62, 165]
[109, 65, 166]
[110, 61, 166]
[109, 67, 167]
[112, 63, 166]
[112, 69, 170]
[114, 70, 172]
[115, 65, 170]
[113, 68, 170]
[113, 73, 174]
[113, 72, 169]
[111, 80, 170]
[110, 83, 170]
[111, 80, 170]
[110, 72, 163]
[114, 61, 162]
[113, 70, 165]
[112, 79, 167]
[112, 72, 164]
[111, 67, 161]
[110, 71, 165]
[112, 67, 168]
[112, 63, 166]
[112, 67, 168]
[111, 65, 165]
[110, 80, 169]
[110, 80, 169]
[108, 77, 163]
[109, 74, 162]
[109, 67, 161]
[110, 62, 164]
[112, 65, 162]
[111, 74, 166]
[113, 72, 169]
[112, 81, 170]
[115, 84, 170]
[111, 84, 166]
[109, 86, 164]
[110, 86, 164]
[111, 88, 165]
[109, 92, 164]
[110, 87, 161]
[112, 81, 164]
[110, 73, 161]
[110, 65, 157]
[112, 66, 158]
[113, 71, 162]
[113, 77, 160]
[113, 88, 163]
[112, 98, 164]
[111, 106, 163]
[113, 113, 165]
[113, 114, 164]
[113, 116, 165]
[111, 113, 158]
[111, 121, 156]
[111, 123, 157]
[110, 127, 155]
[112, 132, 155]
[111, 135, 153]
[112, 129, 150]
[114, 123, 151]
[114, 122, 149]
[113, 132, 149]
[114, 144, 152]
[114, 145, 155]
[114, 141, 155]
[114, 143, 153]
[114, 143, 153]
[107, 45, 163]
[106, 42, 163]
[110, 36, 163]
[108, 39, 162]
[111, 41, 166]
[107, 45, 166]
[106, 48, 170]
[108, 50, 172]
[108, 54, 171]
[106, 54, 169]
[103, 49, 165]
[106, 49, 168]
[103, 49, 166]
[107, 47, 167]
[110, 44, 167]
[109, 42, 165]
[110, 39, 165]
[110, 45, 166]
[110, 44, 168]
[110, 38, 166]
[110, 39, 165]
[113, 40, 165]
[113, 38, 163]
[113, 45, 166]
[112, 50, 168]
[110, 53, 168]
[112, 50, 168]
[113, 53, 170]
[112, 50, 167]
[113, 47, 168]
[112, 50, 167]
[115, 53, 168]
[116, 59, 170]
[114, 60, 166]
[110, 70, 168]
[110, 62, 164]
[108, 57, 162]
[111, 57, 166]
[115, 50, 169]
[112, 50, 167]
[110, 58, 168]
[110, 61, 168]
[108, 68, 169]
[107, 66, 167]
[111, 63, 170]
[109, 64, 167]
[112, 62, 168]
[112, 63, 166]
[112, 67, 168]
[111, 65, 166]
[110, 62, 164]
[109, 65, 165]
[109, 67, 167]
[110, 62, 164]
[110, 62, 164]
[108, 71, 162]
[111, 66, 162]
[109, 68, 165]
[111, 65, 166]
[110, 74, 170]
[110, 74, 170]
[111, 76, 171]
[111, 78, 166]
[111, 81, 167]
[110, 72, 162]
[110, 72, 164]
[108, 70, 163]
[110, 76, 165]
[113, 74, 165]
[112, 80, 166]
[112, 79, 167]
[111, 74, 166]
[114, 61, 163]
[115, 63, 167]
[112, 65, 162]
[111, 76, 162]
[108, 83, 162]
[108, 89, 166]
[109, 87, 168]
[109, 78, 167]
[109, 73, 164]
[109, 74, 163]
[110, 76, 164]
[111, 78, 166]
[109, 86, 164]
[110, 83, 162]
[109, 88, 166]
[108, 87, 164]
[109, 86, 164]
[109, 90, 168]
[110, 96, 167]
[112, 88, 165]
[112, 92, 169]
[109, 92, 164]
[110, 84, 160]
[112, 82, 162]
[113, 76, 161]
[112, 82, 162]
[114, 84, 164]
[112, 91, 165]
[113, 99, 167]
[111, 104, 167]
[110, 117, 163]
[111, 119, 159]
[110, 120, 160]
[111, 119, 159]
[110, 124, 163]
[111, 122, 159]
[110, 125, 157]
[110, 131, 158]
[110, 127, 154]
[110, 132, 153]
[113, 128, 153]
[113, 132, 154]
[113, 140, 153]
[113, 146, 157]
[112, 147, 154]
[113, 144, 156]
[112, 146, 162]
[112, 142, 160]
[109, 41, 166]
[106, 36, 162]
[107, 33, 162]
[106, 36, 162]
[111, 41, 168]
[109, 42, 165]
[109, 42, 165]
[109, 50, 169]
[110, 56, 173]
[107, 57, 171]
[105, 46, 165]
[104, 52, 167]
[103, 49, 165]
[107, 47, 167]
[110, 44, 167]
[109, 42, 165]
[111, 41, 168]
[109, 42, 165]
[109, 42, 165]
[111, 42, 165]
[110, 39, 164]
[111, 48, 166]
[113, 45, 166]
[113, 45, 166]
[113, 47, 169]
[110, 53, 169]
[112, 50, 168]
[113, 53, 170]
[113, 45, 166]
[111, 48, 166]
[115, 50, 170]
[112, 51, 164]
[115, 56, 170]
[112, 62, 169]
[109, 66, 169]
[110, 61, 167]
[108, 56, 164]
[111, 56, 168]
[115, 50, 168]
[112, 50, 167]
[111, 56, 168]
[110, 61, 167]
[108, 69, 167]
[107, 66, 165]
[110, 61, 166]
[109, 65, 166]
[112, 60, 166]
[114, 59, 169]
[112, 66, 169]
[111, 65, 166]
[110, 62, 164]
[109, 65, 165]
[110, 62, 164]
[110, 70, 168]
[111, 65, 166]
[107, 67, 164]
[109, 65, 166]
[109, 67, 167]
[109, 68, 166]
[108, 75, 167]
[107, 78, 167]
[109, 78, 167]
[111, 79, 171]
[110, 74, 169]
[109, 72, 167]
[108, 70, 163]
[107, 74, 163]
[110, 76, 165]
[111, 80, 168]
[111, 78, 166]
[111, 80, 168]
[111, 74, 166]
[113, 68, 170]
[115, 66, 167]
[115, 65, 162]
[109, 79, 164]
[108, 86, 167]
[108, 88, 169]
[109, 87, 168]
[109, 85, 165]
[108, 82, 164]
[109, 79, 165]
[108, 82, 164]
[109, 80, 162]
[109, 86, 164]
[109, 80, 162]
[110, 84, 167]
[109, 86, 164]
[110, 87, 161]
[109, 91, 165]
[112, 92, 169]
[111, 91, 166]
[110, 97, 165]
[109, 97, 163]
[110, 88, 160]
[112, 82, 161]
[113, 78, 163]
[111, 83, 162]
[113, 87, 164]
[112, 90, 161]
[112, 94, 160]
[110, 102, 165]
[109, 108, 167]
[110, 110, 167]
[109, 114, 159]
[111, 116, 163]
[110, 121, 162]
[111, 123, 158]
[111, 123, 157]
[110, 128, 158]
[110, 128, 158]
[112, 124, 156]
[113, 131, 156]
[112, 136, 154]
[113, 149, 159]
[113, 146, 157]
[113, 147, 158]
[111, 149, 156]
[110, 155, 155]
[111, 155, 153]
[110, 44, 167]
[108, 39, 163]
[104, 34, 159]
[107, 33, 162]
[107, 33, 162]
[110, 38, 166]
[112, 49, 171]
[108, 53, 165]
[110, 57, 169]
[107, 58, 168]
[106, 49, 166]
[104, 52, 167]
[107, 45, 165]
[106, 42, 163]
[110, 44, 167]
[109, 42, 163]
[110, 45, 164]
[110, 40, 161]
[113, 45, 166]
[110, 53, 168]
[115, 50, 170]
[111, 48, 166]
[109, 42, 163]
[115, 45, 170]
[116, 48, 171]
[113, 47, 169]
[108, 54, 169]
[110, 57, 170]
[108, 61, 168]
[108, 53, 164]
[108, 53, 165]
[110, 53, 167]
[111, 56, 170]
[108, 55, 168]
[108, 60, 169]
[110, 58, 168]
[107, 58, 166]
[111, 56, 168]
[112, 51, 164]
[112, 60, 167]
[111, 64, 168]
[112, 66, 169]
[109, 67, 168]
[112, 66, 170]
[112, 66, 170]
[110, 69, 169]
[112, 66, 169]
[112, 62, 168]
[112, 60, 167]
[112, 59, 168]
[109, 64, 168]
[111, 63, 170]
[109, 66, 170]
[112, 62, 168]
[115, 62, 169]
[113, 55, 162]
[112, 53, 160]
[112, 61, 163]
[110, 71, 165]
[109, 70, 161]
[108, 76, 165]
[107, 73, 165]
[107, 74, 162]
[109, 74, 163]
[108, 71, 161]
[110, 76, 165]
[108, 71, 162]
[110, 71, 165]
[110, 70, 167]
[112, 70, 167]
[111, 66, 162]
[110, 72, 163]
[112, 65, 160]
[112, 72, 164]
[111, 75, 164]
[110, 76, 165]
[109, 78, 166]
[109, 83, 168]
[110, 83, 170]
[109, 84, 167]
[108, 82, 165]
[109, 79, 164]
[109, 79, 164]
[107, 80, 162]
[109, 70, 160]
[112, 70, 161]
[113, 71, 162]
[112, 78, 164]
[111, 80, 162]
[110, 87, 162]
[109, 89, 163]
[111, 91, 166]
[110, 97, 168]
[109, 94, 163]
[109, 90, 162]
[111, 89, 164]
[109, 88, 160]
[110, 87, 161]
[113, 77, 158]
[112, 84, 163]
[113, 89, 161]
[112, 100, 155]
[112, 104, 154]
[111, 106, 156]
[110, 107, 157]
[110, 113, 158]
[109, 125, 161]
[109, 128, 161]
[110, 125, 157]
[111, 130, 159]
[112, 139, 156]
[112, 137, 153]
[113, 137, 156]
[112, 147, 161]
[112, 149, 159]
[113, 148, 157]
[110, 141, 154]
[111, 146, 162]
[111, 154, 159]
[110, 159, 157]
[109, 42, 165]
[110, 45, 166]
[108, 39, 163]
[110, 36, 163]
[109, 41, 166]
[110, 38, 166]
[108, 51, 170]
[108, 50, 172]
[106, 54, 170]
[108, 54, 171]
[106, 49, 166]
[107, 48, 166]
[110, 36, 163]
[108, 39, 162]
[109, 42, 164]
[110, 39, 164]
[110, 44, 167]
[113, 44, 167]
[112, 50, 168]
[113, 47, 168]
[115, 50, 169]
[111, 48, 166]
[110, 44, 167]
[111, 47, 168]
[112, 50, 170]
[111, 56, 170]
[107, 59, 164]
[111, 56, 169]
[112, 50, 168]
[109, 50, 168]
[108, 59, 172]
[108, 55, 168]
[111, 56, 169]
[110, 53, 167]
[107, 58, 166]
[110, 58, 168]
[110, 57, 169]
[110, 53, 168]
[108, 55, 168]
[110, 60, 171]
[111, 62, 172]
[113, 64, 172]
[112, 62, 170]
[112, 64, 174]
[112, 65, 172]
[110, 68, 172]
[110, 67, 174]
[112, 61, 172]
[109, 63, 170]
[110, 58, 168]
[110, 61, 168]
[109, 64, 167]
[109, 65, 172]
[112, 62, 170]
[114, 59, 168]
[116, 59, 168]
[115, 57, 165]
[112, 61, 163]
[113, 65, 168]
[111, 64, 167]
[111, 65, 166]
[112, 67, 167]
[110, 71, 165]
[108, 69, 166]
[108, 70, 165]
[111, 72, 169]
[111, 72, 170]
[112, 67, 168]
[114, 60, 165]
[115, 62, 168]
[115, 62, 168]
[111, 65, 165]
[112, 61, 163]
[112, 64, 163]
[112, 69, 163]
[112, 76, 167]
[111, 79, 171]
[111, 77, 169]
[112, 71, 165]
[110, 72, 163]
[111, 67, 161]
[109, 74, 162]
[108, 72, 159]
[109, 74, 162]
[111, 67, 160]
[115, 67, 164]
[115, 75, 166]
[113, 76, 161]
[112, 73, 160]
[111, 76, 162]
[111, 81, 161]
[110, 84, 160]
[109, 90, 162]
[110, 87, 162]
[110, 78, 160]
[112, 79, 161]
[111, 84, 161]
[111, 87, 161]
[113, 79, 155]
[111, 84, 160]
[111, 91, 165]
[109, 97, 163]
[111, 102, 167]
[111, 104, 165]
[113, 105, 162]
[110, 112, 159]
[108, 127, 154]
[109, 137, 151]
[110, 128, 157]
[111, 132, 160]
[112, 136, 159]
[111, 144, 161]
[111, 150, 162]
[112, 156, 159]
[111, 159, 157]
[112, 154, 157]
[111, 149, 149]
[111, 153, 155]
[111, 154, 157]
[111, 156, 157]
[107, 48, 166]
[108, 39, 162]
[106, 37, 160]
[106, 42, 162]
[107, 45, 164]
[107, 45, 165]
[107, 45, 166]
[106, 49, 168]
[104, 51, 170]
[105, 46, 168]
[107, 47, 168]
[109, 41, 166]
[111, 41, 168]
[109, 42, 165]
[109, 42, 165]
[110, 38, 166]
[110, 44, 168]
[113, 44, 168]
[111, 41, 166]
[110, 45, 166]
[108, 51, 169]
[108, 54, 171]
[107, 61, 172]
[105, 62, 168]
[103, 65, 168]
[105, 56, 167]
[107, 57, 169]
[109, 50, 167]
[113, 44, 167]
[111, 47, 168]
[115, 49, 171]
[112, 50, 168]
[111, 48, 166]
[113, 45, 165]
[115, 50, 168]
[112, 51, 164]
[110, 54, 166]
[110, 57, 169]
[107, 58, 166]
[111, 56, 169]
[109, 63, 170]
[110, 61, 167]
[109, 64, 168]
[110, 60, 170]
[111, 62, 172]
[109, 63, 171]
[108, 60, 169]
[110, 60, 170]
[109, 63, 170]
[107, 62, 169]
[103, 66, 167]
[107, 69, 167]
[108, 68, 168]
[109, 67, 167]
[110, 69, 169]
[109, 67, 167]
[113, 65, 169]
[113, 65, 168]
[110, 70, 168]
[112, 61, 163]
[112, 61, 163]
[112, 61, 163]
[110, 63, 161]
[109, 67, 160]
[109, 69, 163]
[111, 66, 163]
[109, 70, 161]
[113, 67, 163]
[115, 58, 162]
[115, 63, 165]
[116, 60, 165]
[114, 60, 165]
[113, 66, 167]
[112, 69, 163]
[113, 78, 164]
[111, 84, 166]
[112, 81, 164]
[112, 79, 167]
[115, 74, 169]
[116, 69, 167]
[115, 66, 166]
[112, 68, 164]
[111, 67, 161]
[111, 75, 164]
[113, 75, 164]
[115, 76, 164]
[116, 74, 162]
[114, 74, 161]
[113, 76, 161]
[109, 77, 156]
[108, 75, 153]
[111, 82, 158]
[111, 84, 161]
[111, 82, 159]
[109, 77, 156]
[111, 78, 156]
[112, 80, 159]
[111, 90, 162]
[111, 92, 163]
[110, 97, 161]
[111, 94, 160]
[110, 100, 160]
[110, 103, 156]
[111, 107, 159]
[113, 108, 158]
[111, 112, 153]
[111, 117, 153]
[111, 122, 155]
[111, 124, 156]
[111, 130, 159]
[112, 132, 158]
[111, 145, 157]
[111, 145, 157]
[110, 156, 157]
[110, 157, 153]
[111, 152, 153]
[112, 148, 153]
[112, 145, 149]
[112, 144, 151]
[112, 140, 149]
[107, 45, 165]
[106, 42, 163]
[100, 38, 159]
[104, 44, 163]
[103, 49, 165]
[105, 46, 165]
[107, 45, 165]
[107, 47, 167]
[107, 47, 170]
[107, 44, 170]
[107, 47, 170]
[109, 42, 165]
[111, 41, 167]
[109, 42, 165]
[109, 41, 168]
[110, 38, 168]
[110, 44, 168]
[113, 44, 168]
[111, 41, 166]
[110, 45, 166]
[105, 47, 162]
[108, 53, 165]
[106, 65, 169]
[105, 62, 168]
[102, 63, 166]
[103, 54, 165]
[105, 56, 169]
[108, 51, 169]
[113, 44, 168]
[112, 50, 169]
[113, 47, 168]
[111, 47, 167]
[109, 42, 164]
[111, 41, 166]
[115, 49, 171]
[112, 50, 168]
[107, 58, 168]
[110, 57, 169]
[108, 61, 168]
[112, 59, 168]
[110, 59, 165]
[110, 61, 167]
[108, 62, 165]
[110, 61, 167]
[108, 62, 164]
[111, 57, 165]
[107, 58, 167]
[110, 61, 168]
[109, 66, 169]
[107, 63, 166]
[105, 64, 164]
[107, 62, 168]
[109, 63, 170]
[109, 63, 170]
[109, 63, 170]
[109, 66, 169]
[112, 63, 167]
[113, 68, 170]
[109, 68, 166]
[112, 61, 164]
[108, 57, 160]
[110, 59, 163]
[110, 62, 164]
[107, 67, 163]
[112, 68, 165]
[109, 70, 161]
[110, 72, 162]
[112, 68, 164]
[109, 69, 163]
[113, 66, 165]
[115, 65, 162]
[114, 62, 161]
[110, 64, 159]
[113, 70, 164]
[113, 77, 166]
[111, 83, 168]
[111, 83, 168]
[111, 81, 167]
[112, 79, 167]
[114, 73, 165]
[115, 67, 163]
[113, 68, 161]
[112, 72, 163]
[112, 78, 164]
[112, 81, 164]
[115, 78, 166]
[115, 76, 164]
[113, 78, 164]
[112, 81, 163]
[110, 83, 162]
[109, 89, 163]
[110, 84, 160]
[109, 88, 159]
[111, 84, 161]
[111, 84, 160]
[110, 86, 158]
[111, 82, 158]
[111, 90, 162]
[111, 92, 164]
[110, 95, 163]
[111, 95, 159]
[112, 97, 161]
[111, 93, 161]
[110, 100, 160]
[113, 106, 156]
[111, 112, 153]
[112, 111, 158]
[113, 106, 157]
[111, 122, 155]
[112, 132, 155]
[113, 136, 157]
[111, 135, 153]
[111, 145, 157]
[109, 145, 155]
[109, 146, 154]
[111, 148, 157]
[112, 144, 151]
[112, 144, 150]
[113, 138, 152]
[112, 136, 154]
H	tG2.01144G111.135
MS	tG27.782G79.2531
V	tG4.74156G164.515
