[115, 142, 88]
[115, 147, 85]
[116, 140, 82]
[116, 124, 80]
[120, 118, 82]
[119, 123, 87]
[116, 122, 86]
[116, 132, 87]
[115, 134, 82]
[116, 141, 85]
[117, 133, 86]
[119, 130, 86]
[118, 124, 82]
[117, 132, 83]
[111, 153, 80]
[112, 160, 86]
[113, 164, 87]
[111, 167, 84]
[108, 167, 75]
[112, 139, 75]
[113, 107, 69]
[113, 98, 68]
[113, 103, 72]
[115, 111, 76]
[116, 132, 79]
[118, 131, 78]
[122, 128, 78]
[115, 126, 75]
[115, 124, 76]
[112, 117, 72]
[113, 110, 72]
[115, 108, 71]
[115, 109, 70]
[116, 113, 72]
[119, 114, 76]
[125, 107, 74]
[124, 114, 78]
[122, 119, 79]
[120, 121, 80]
[122, 121, 78]
[119, 113, 77]
[115, 109, 70]
[119, 109, 70]
[115, 126, 75]
[115, 142, 77]
[116, 139, 75]
[118, 136, 75]
[118, 129, 79]
[120, 123, 79]
[120, 121, 76]
[121, 111, 69]
[118, 98, 68]
[118, 99, 67]
[120, 98, 65]
[116, 122, 67]
[116, 122, 67]
[117, 129, 71]
[118, 132, 77]
[121, 116, 75]
[119, 106, 72]
[119, 105, 73]
[117, 126, 73]
[116, 132, 79]
[116, 145, 79]
[116, 148, 81]
[117, 142, 77]
[115, 135, 70]
[115, 145, 72]
[115, 145, 72]
[118, 135, 72]
[121, 116, 66]
[115, 135, 70]
[115, 139, 68]
[111, 132, 60]
[118, 102, 65]
[113, 102, 65]
[113, 104, 64]
[118, 98, 68]
[113, 109, 68]
[112, 122, 69]
[113, 146, 75]
[113, 149, 77]
[115, 141, 78]
[117, 139, 79]
[116, 151, 76]
[117, 142, 77]
[116, 158, 79]
[115, 160, 78]
[113, 153, 75]
[116, 152, 79]
[116, 141, 74]
[116, 149, 77]
[115, 136, 77]
[116, 131, 76]
[122, 133, 75]
[120, 129, 75]
[120, 129, 75]
[115, 133, 71]
[115, 137, 69]
[113, 135, 66]
[116, 153, 75]
[116, 141, 74]
[116, 156, 77]
[116, 158, 79]
[112, 174, 79]
[111, 186, 81]
[111, 178, 79]
[115, 162, 77]
[115, 162, 77]
[115, 162, 77]
[117, 149, 77]
[116, 151, 76]
[118, 135, 72]
[117, 129, 71]
[118, 140, 73]
[118, 138, 74]
[115, 142, 77]
[112, 157, 81]
[111, 159, 82]
[113, 145, 79]
[118, 140, 89]
[116, 141, 85]
[116, 137, 84]
[118, 121, 84]
[122, 118, 84]
[121, 122, 86]
[116, 128, 82]
[114, 144, 83]
[116, 138, 83]
[115, 131, 84]
[117, 131, 84]
[118, 123, 79]
[122, 119, 79]
[117, 115, 80]
[115, 131, 84]
[112, 156, 85]
[113, 159, 90]
[111, 154, 88]
[109, 154, 78]
[112, 138, 76]
[111, 103, 67]
[115, 99, 72]
[113, 103, 72]
[115, 114, 74]
[115, 134, 78]
[116, 132, 79]
[118, 129, 79]
[117, 122, 75]
[114, 131, 76]
[115, 119, 71]
[117, 122, 75]
[115, 109, 70]
[115, 109, 70]
[116, 115, 71]
[119, 117, 74]
[125, 108, 73]
[125, 103, 77]
[121, 103, 74]
[119, 114, 76]
[119, 114, 76]
[119, 114, 76]
[116, 113, 72]
[115, 119, 71]
[118, 127, 76]
[116, 136, 77]
[115, 139, 75]
[116, 132, 79]
[120, 122, 75]
[120, 131, 74]
[119, 139, 77]
[118, 124, 78]
[119, 108, 71]
[118, 105, 63]
[120, 103, 67]
[119, 108, 71]
[119, 106, 72]
[121, 114, 76]
[120, 120, 81]
[122, 136, 73]
[119, 124, 70]
[118, 136, 71]
[116, 141, 74]
[116, 141, 74]
[115, 162, 77]
[116, 158, 79]
[116, 151, 76]
[117, 129, 71]
[115, 143, 73]
[111, 143, 66]
[117, 133, 69]
[119, 120, 64]
[117, 131, 70]
[114, 142, 70]
[115, 127, 66]
[111, 113, 61]
[113, 114, 65]
[113, 111, 60]
[115, 108, 66]
[115, 110, 65]
[115, 122, 69]
[111, 137, 69]
[113, 150, 73]
[116, 153, 75]
[118, 142, 72]
[116, 153, 75]
[117, 137, 80]
[117, 142, 81]
[116, 148, 81]
[113, 149, 77]
[114, 152, 79]
[116, 132, 79]
[115, 142, 77]
[116, 136, 73]
[120, 118, 78]
[122, 124, 80]
[120, 123, 79]
[119, 139, 77]
[115, 135, 70]
[116, 133, 75]
[115, 134, 78]
[116, 139, 75]
[115, 146, 75]
[115, 146, 75]
[115, 154, 81]
[113, 168, 85]
[111, 173, 84]
[112, 161, 79]
[111, 169, 77]
[111, 171, 79]
[112, 162, 82]
[111, 173, 81]
[115, 163, 80]
[116, 141, 74]
[114, 142, 70]
[115, 145, 72]
[117, 145, 79]
[117, 145, 79]
[115, 154, 81]
[111, 165, 79]
[113, 153, 75]
[118, 120, 85]
[116, 119, 88]
[116, 132, 91]
[117, 129, 89]
[119, 120, 89]
[118, 114, 85]
[116, 118, 84]
[114, 121, 82]
[112, 126, 83]
[112, 124, 84]
[108, 132, 77]
[112, 129, 81]
[115, 115, 82]
[115, 114, 74]
[116, 129, 81]
[115, 135, 81]
[116, 129, 81]
[116, 140, 82]
[112, 136, 77]
[112, 138, 76]
[111, 131, 72]
[109, 146, 77]
[110, 147, 80]
[110, 154, 81]
[111, 153, 80]
[114, 148, 81]
[116, 140, 82]
[118, 124, 78]
[115, 132, 79]
[116, 128, 78]
[115, 119, 71]
[119, 114, 76]
[118, 101, 71]
[120, 96, 72]
[118, 101, 71]
[121, 105, 73]
[121, 106, 72]
[116, 128, 78]
[112, 155, 82]
[110, 152, 77]
[112, 138, 76]
[112, 117, 72]
[114, 131, 76]
[115, 117, 72]
[114, 131, 76]
[113, 124, 72]
[119, 114, 76]
[119, 106, 72]
[119, 117, 74]
[121, 119, 73]
[121, 116, 75]
[120, 121, 76]
[118, 133, 73]
[117, 126, 73]
[114, 136, 73]
[116, 122, 67]
[119, 122, 71]
[122, 129, 77]
[121, 132, 79]
[125, 132, 77]
[122, 136, 79]
[119, 139, 77]
[117, 142, 81]
[114, 150, 80]
[116, 143, 80]
[115, 139, 75]
[116, 122, 67]
[115, 129, 73]
[115, 129, 73]
[113, 127, 70]
[115, 124, 76]
[116, 113, 72]
[117, 124, 74]
[116, 122, 67]
[119, 122, 71]
[118, 127, 76]
[113, 126, 71]
[115, 128, 74]
[115, 126, 75]
[113, 126, 71]
[113, 141, 78]
[113, 145, 79]
[116, 145, 79]
[115, 138, 76]
[115, 129, 73]
[116, 128, 78]
[115, 134, 78]
[116, 128, 78]
[115, 124, 76]
[115, 131, 80]
[115, 134, 78]
[116, 134, 78]
[121, 131, 80]
[121, 128, 82]
[118, 132, 77]
[117, 142, 77]
[115, 146, 75]
[113, 149, 77]
[116, 154, 81]
[116, 154, 81]
[116, 154, 78]
[117, 142, 77]
[119, 141, 76]
[116, 141, 74]
[116, 151, 76]
[113, 153, 75]
[113, 157, 73]
[114, 162, 74]
[114, 162, 74]
[112, 179, 77]
[111, 178, 79]
[113, 174, 82]
[112, 169, 86]
[112, 164, 84]
[115, 160, 78]
[116, 155, 74]
[115, 148, 74]
[117, 145, 79]
[119, 141, 76]
[119, 141, 76]
[119, 101, 76]
[118, 119, 86]
[121, 125, 88]
[119, 129, 91]
[119, 126, 89]
[117, 113, 81]
[116, 118, 84]
[116, 120, 83]
[113, 121, 74]
[114, 128, 78]
[111, 123, 77]
[113, 132, 83]
[115, 126, 83]
[116, 124, 84]
[115, 131, 84]
[114, 139, 86]
[117, 134, 82]
[115, 134, 78]
[115, 121, 78]
[115, 132, 79]
[113, 140, 82]
[111, 151, 81]
[110, 167, 81]
[110, 156, 80]
[112, 156, 85]
[116, 141, 85]
[117, 132, 83]
[118, 124, 78]
[115, 126, 75]
[113, 124, 72]
[115, 120, 70]
[119, 113, 77]
[119, 111, 78]
[121, 105, 73]
[116, 113, 72]
[116, 113, 72]
[118, 129, 79]
[115, 151, 83]
[112, 162, 82]
[111, 163, 80]
[109, 150, 75]
[110, 127, 70]
[113, 124, 72]
[112, 120, 70]
[111, 116, 68]
[115, 105, 68]
[118, 98, 68]
[119, 106, 72]
[117, 122, 75]
[116, 117, 70]
[118, 107, 67]
[121, 114, 67]
[121, 114, 67]
[115, 129, 73]
[114, 136, 73]
[113, 129, 69]
[118, 132, 77]
[120, 122, 75]
[122, 133, 75]
[122, 129, 73]
[122, 129, 73]
[118, 136, 75]
[116, 139, 75]
[116, 133, 75]
[114, 136, 73]
[118, 127, 76]
[117, 121, 76]
[115, 108, 71]
[117, 119, 77]
[116, 115, 71]
[115, 133, 71]
[115, 126, 67]
[114, 142, 70]
[118, 138, 74]
[118, 131, 78]
[118, 133, 73]
[116, 138, 72]
[112, 147, 71]
[115, 129, 73]
[113, 133, 67]
[115, 133, 71]
[113, 147, 78]
[110, 160, 78]
[113, 146, 75]
[114, 136, 73]
[114, 136, 73]
[115, 143, 73]
[116, 136, 73]
[114, 136, 73]
[115, 126, 75]
[115, 142, 77]
[118, 131, 78]
[121, 131, 80]
[116, 132, 79]
[115, 141, 78]
[114, 150, 80]
[111, 163, 83]
[115, 155, 84]
[117, 144, 83]
[117, 157, 83]
[117, 150, 80]
[116, 153, 75]
[119, 143, 75]
[118, 135, 72]
[116, 141, 74]
[115, 141, 78]
[114, 152, 79]
[115, 136, 77]
[116, 132, 79]
[113, 143, 80]
[112, 158, 84]
[112, 158, 84]
[112, 162, 85]
[112, 169, 86]
[112, 164, 81]
[116, 143, 80]
[117, 139, 79]
[120, 129, 75]
[118, 136, 75]
[121, 136, 77]
[113, 134, 82]
[116, 121, 82]
[118, 120, 85]
[118, 120, 85]
[117, 131, 84]
[116, 126, 79]
[115, 109, 77]
[112, 109, 77]
[113, 114, 78]
[117, 115, 80]
[115, 116, 81]
[115, 108, 78]
[116, 121, 82]
[113, 142, 81]
[112, 160, 86]
[115, 149, 84]
[114, 146, 82]
[116, 131, 80]
[115, 128, 82]
[115, 114, 74]
[112, 131, 80]
[108, 138, 74]
[110, 150, 78]
[110, 158, 79]
[111, 155, 79]
[116, 143, 84]
[117, 135, 81]
[113, 143, 80]
[112, 154, 83]
[113, 142, 81]
[113, 141, 78]
[113, 143, 80]
[115, 126, 75]
[114, 133, 75]
[114, 133, 75]
[115, 137, 80]
[114, 146, 82]
[112, 160, 86]
[114, 160, 75]
[116, 155, 74]
[116, 129, 77]
[113, 142, 77]
[115, 124, 76]
[118, 103, 69]
[121, 114, 76]
[116, 113, 72]
[114, 133, 75]
[118, 126, 77]
[117, 139, 79]
[118, 127, 76]
[119, 109, 70]
[118, 98, 68]
[116, 117, 70]
[116, 118, 69]
[115, 133, 71]
[113, 133, 67]
[115, 143, 73]
[116, 141, 74]
[115, 147, 71]
[116, 118, 69]
[116, 118, 69]
[125, 115, 69]
[125, 122, 65]
[124, 131, 68]
[119, 116, 66]
[116, 134, 78]
[113, 126, 71]
[116, 122, 67]
[119, 114, 67]
[119, 114, 67]
[121, 119, 73]
[119, 109, 70]
[115, 133, 71]
[115, 143, 73]
[115, 138, 76]
[116, 129, 77]
[115, 143, 73]
[113, 152, 72]
[115, 137, 69]
[114, 140, 71]
[115, 126, 67]
[114, 134, 74]
[115, 117, 72]
[114, 134, 74]
[113, 133, 67]
[118, 129, 75]
[116, 136, 77]
[119, 144, 78]
[117, 151, 76]
[117, 146, 75]
[117, 144, 76]
[115, 148, 74]
[116, 145, 79]
[116, 132, 79]
[111, 157, 78]
[112, 168, 79]
[112, 168, 76]
[111, 169, 77]
[117, 150, 73]
[116, 162, 74]
[116, 158, 76]
[116, 140, 71]
[115, 143, 73]
[115, 128, 74]
[113, 127, 70]
[113, 118, 67]
[107, 143, 68]
[109, 148, 76]
[108, 144, 71]
[114, 134, 74]
[115, 128, 74]
[111, 135, 70]
[109, 158, 76]
[112, 166, 83]
[112, 164, 81]
[115, 154, 81]
[115, 148, 74]
[116, 138, 72]
[115, 152, 72]
[117, 148, 74]
[114, 124, 80]
[115, 115, 82]
[117, 111, 83]
[116, 106, 77]
[116, 129, 81]
[116, 121, 82]
[115, 115, 82]
[112, 109, 77]
[115, 107, 79]
[115, 101, 76]
[117, 111, 83]
[115, 104, 81]
[116, 120, 87]
[113, 142, 81]
[112, 160, 83]
[114, 146, 82]
[114, 144, 83]
[116, 128, 78]
[115, 117, 72]
[115, 111, 76]
[108, 132, 77]
[110, 141, 83]
[109, 139, 81]
[109, 150, 80]
[112, 155, 82]
[115, 135, 81]
[117, 134, 82]
[113, 140, 82]
[110, 149, 84]
[112, 152, 84]
[114, 146, 82]
[113, 141, 78]
[115, 134, 78]
[116, 128, 78]
[115, 124, 76]
[115, 136, 77]
[114, 152, 79]
[112, 170, 81]
[116, 152, 79]
[116, 140, 82]
[116, 131, 80]
[114, 133, 75]
[119, 109, 70]
[118, 102, 70]
[121, 106, 72]
[120, 118, 78]
[115, 124, 76]
[117, 124, 74]
[119, 134, 80]
[118, 127, 76]
[117, 126, 73]
[118, 110, 65]
[119, 119, 73]
[117, 124, 74]
[117, 126, 73]
[116, 118, 69]
[114, 142, 70]
[116, 141, 74]
[115, 139, 68]
[113, 135, 66]
[118, 102, 65]
[118, 110, 65]
[125, 118, 67]
[124, 126, 71]
[119, 114, 67]
[115, 135, 70]
[115, 135, 70]
[113, 135, 66]
[119, 114, 67]
[119, 111, 69]
[119, 109, 70]
[121, 108, 71]
[115, 119, 71]
[116, 131, 76]
[115, 129, 73]
[114, 133, 75]
[115, 136, 77]
[115, 124, 76]
[114, 133, 75]
[116, 113, 72]
[113, 124, 72]
[115, 124, 76]
[113, 133, 67]
[115, 135, 70]
[114, 136, 73]
[116, 131, 76]
[116, 139, 75]
[116, 156, 80]
[117, 163, 80]
[117, 148, 74]
[117, 139, 79]
[115, 139, 79]
[115, 148, 74]
[117, 146, 75]
[115, 150, 73]
[112, 166, 77]
[111, 171, 79]
[112, 162, 82]
[114, 148, 81]
[115, 149, 84]
[115, 149, 84]
[116, 133, 75]
[114, 140, 71]
[115, 128, 74]
[115, 120, 70]
[113, 122, 65]
[108, 144, 71]
[108, 144, 71]
[110, 163, 72]
[115, 149, 70]
[116, 142, 70]
[116, 141, 74]
[112, 168, 76]
[112, 170, 75]
[111, 175, 80]
[112, 164, 81]
[112, 161, 79]
[115, 142, 77]
[115, 146, 75]
[117, 142, 77]
[115, 134, 82]
[116, 121, 82]
[113, 114, 78]
[115, 107, 79]
[114, 124, 80]
[111, 151, 81]
[110, 149, 84]
[112, 131, 80]
[115, 114, 74]
[115, 114, 74]
[117, 113, 81]
[116, 107, 76]
[116, 131, 80]
[116, 131, 80]
[113, 142, 81]
[116, 137, 84]
[116, 124, 84]
[112, 134, 78]
[111, 123, 77]
[106, 124, 74]
[106, 124, 74]
[108, 140, 73]
[109, 148, 76]
[105, 142, 70]
[109, 140, 80]
[113, 121, 74]
[115, 114, 74]
[115, 132, 79]
[116, 140, 82]
[116, 131, 80]
[120, 118, 78]
[120, 118, 78]
[118, 131, 78]
[116, 136, 77]
[117, 139, 79]
[116, 148, 81]
[115, 151, 83]
[115, 149, 84]
[115, 152, 89]
[115, 153, 85]
[116, 146, 82]
[115, 137, 80]
[122, 119, 79]
[119, 105, 73]
[117, 124, 74]
[118, 127, 76]
[115, 136, 77]
[116, 129, 77]
[116, 136, 77]
[116, 151, 76]
[117, 144, 76]
[119, 122, 71]
[121, 119, 73]
[118, 110, 65]
[120, 101, 63]
[115, 110, 65]
[113, 118, 67]
[116, 122, 67]
[118, 105, 68]
[115, 107, 67]
[118, 102, 65]
[116, 94, 65]
[120, 100, 69]
[120, 100, 69]
[116, 115, 71]
[113, 145, 79]
[111, 171, 76]
[113, 157, 70]
[115, 127, 66]
[119, 122, 71]
[121, 116, 75]
[119, 106, 72]
[116, 118, 69]
[113, 150, 73]
[109, 154, 73]
[112, 139, 75]
[117, 122, 75]
[119, 117, 74]
[121, 122, 71]
[121, 116, 66]
[119, 126, 69]
[118, 133, 73]
[121, 129, 81]
[120, 121, 80]
[118, 132, 77]
[112, 166, 77]
[112, 172, 80]
[111, 177, 85]
[112, 171, 85]
[114, 150, 80]
[114, 134, 74]
[114, 134, 74]
[116, 132, 79]
[116, 131, 80]
[116, 131, 80]
[114, 148, 81]
[112, 164, 81]
[112, 168, 79]
[111, 165, 79]
[113, 146, 75]
[112, 143, 73]
[115, 128, 74]
[117, 121, 76]
[116, 112, 73]
[115, 108, 71]
[116, 113, 72]
[114, 134, 74]
[116, 136, 77]
[115, 141, 78]
[119, 137, 82]
[122, 145, 86]
[119, 140, 84]
[117, 139, 79]
[115, 154, 81]
[113, 153, 75]
[114, 158, 76]
[116, 136, 77]
[116, 143, 80]
[117, 139, 79]
[114, 156, 77]
[116, 140, 82]
[116, 140, 82]
[115, 132, 79]
[115, 108, 78]
[111, 144, 85]
[109, 159, 82]
[111, 157, 83]
[110, 152, 82]
[112, 155, 82]
[115, 134, 78]
[115, 123, 77]
[115, 118, 80]
[114, 121, 82]
[115, 107, 79]
[113, 133, 86]
[116, 133, 86]
[113, 140, 82]
[109, 140, 80]
[108, 143, 80]
[110, 126, 71]
[109, 120, 70]
[108, 131, 78]
[105, 129, 77]
[109, 135, 83]
[112, 136, 77]
[111, 124, 76]
[115, 115, 82]
[113, 116, 77]
[119, 107, 81]
[119, 108, 80]
[119, 103, 74]
[122, 119, 79]
[116, 131, 80]
[117, 135, 81]
[115, 139, 79]
[112, 158, 84]
[116, 143, 84]
[116, 140, 82]
[117, 143, 84]
[115, 161, 81]
[112, 168, 79]
[116, 143, 80]
[120, 121, 80]
[120, 115, 80]
[116, 126, 79]
[116, 131, 80]
[117, 135, 81]
[115, 141, 78]
[116, 132, 79]
[116, 144, 83]
[121, 132, 79]
[119, 122, 71]
[119, 108, 71]
[120, 100, 69]
[116, 97, 63]
[115, 113, 63]
[110, 117, 63]
[115, 111, 69]
[118, 98, 68]
[119, 89, 66]
[113, 100, 66]
[115, 111, 69]
[116, 94, 65]
[113, 110, 67]
[113, 115, 69]
[115, 141, 78]
[115, 146, 75]
[114, 158, 76]
[116, 145, 79]
[115, 141, 78]
[116, 136, 73]
[116, 131, 76]
[116, 129, 77]
[115, 136, 77]
[112, 143, 73]
[113, 144, 76]
[116, 129, 77]
[120, 118, 78]
[120, 121, 80]
[118, 131, 78]
[118, 131, 78]
[119, 139, 77]
[116, 136, 77]
[117, 142, 77]
[117, 139, 79]
[115, 158, 79]
[112, 168, 79]
[112, 170, 78]
[112, 168, 79]
[111, 167, 81]
[111, 157, 78]
[114, 131, 76]
[115, 139, 79]
[116, 139, 75]
[115, 148, 74]
[116, 152, 79]
[118, 147, 85]
[116, 146, 82]
[116, 140, 82]
[116, 140, 82]
[114, 133, 75]
[114, 133, 75]
[117, 122, 75]
[115, 111, 69]
[116, 122, 67]
[117, 131, 70]
[115, 148, 74]
[117, 147, 78]
[119, 147, 80]
[119, 147, 80]
[117, 161, 81]
[117, 150, 80]
[117, 149, 77]
[116, 153, 75]
[114, 156, 77]
[115, 139, 75]
[115, 142, 77]
[117, 140, 82]
[117, 143, 84]
[115, 151, 83]
[116, 137, 84]
[114, 128, 78]
[115, 111, 76]
[116, 121, 82]
[116, 133, 86]
[113, 137, 84]
[111, 142, 86]
[111, 138, 89]
[111, 138, 89]
[113, 132, 87]
[113, 121, 74]
[113, 100, 74]
[111, 93, 74]
[111, 118, 80]
[108, 147, 78]
[113, 141, 78]
[112, 138, 76]
[115, 118, 80]
[115, 118, 80]
[116, 126, 79]
[117, 131, 84]
[113, 142, 81]
[117, 137, 80]
[115, 136, 77]
[114, 128, 78]
[116, 121, 82]
[116, 126, 79]
[120, 116, 79]
[120, 121, 80]
[125, 124, 78]
[119, 114, 76]
[120, 116, 79]
[115, 134, 78]
[110, 150, 78]
[109, 148, 76]
[109, 150, 75]
[115, 124, 76]
[115, 134, 78]
[116, 131, 80]
[114, 146, 82]
[111, 159, 82]
[115, 136, 77]
[117, 135, 81]
[116, 132, 79]
[117, 135, 81]
[115, 141, 78]
[116, 139, 75]
[117, 144, 76]
[115, 142, 77]
[116, 145, 79]
[117, 139, 79]
[120, 119, 77]
[120, 118, 78]
[116, 113, 72]
[118, 107, 67]
[118, 105, 68]
[118, 103, 69]
[116, 113, 72]
[121, 108, 71]
[119, 119, 73]
[115, 135, 70]
[115, 113, 63]
[113, 114, 65]
[113, 115, 69]
[115, 126, 75]
[118, 127, 76]
[122, 134, 74]
[120, 131, 74]
[117, 142, 77]
[116, 134, 78]
[116, 145, 79]
[115, 142, 77]
[117, 137, 80]
[115, 141, 78]
[113, 153, 75]
[116, 151, 76]
[117, 139, 79]
[115, 138, 76]
[117, 135, 81]
[116, 147, 85]
[117, 151, 86]
[117, 143, 84]
[118, 144, 87]
[116, 144, 83]
[117, 157, 83]
[116, 145, 79]
[116, 134, 78]
[114, 134, 74]
[113, 146, 75]
[113, 153, 75]
[116, 134, 78]
[116, 140, 82]
[116, 136, 77]
[119, 139, 77]
[121, 131, 80]
[119, 134, 84]
[117, 143, 84]
[117, 142, 77]
[119, 143, 75]
[116, 143, 73]
[117, 144, 76]
[115, 146, 75]
[117, 142, 77]
[115, 142, 77]
[117, 139, 79]
[116, 151, 83]
[118, 147, 85]
[116, 154, 81]
[117, 144, 83]
[115, 163, 83]
[112, 179, 81]
[112, 168, 79]
[112, 168, 76]
[111, 173, 78]
[111, 176, 74]
[113, 154, 71]
[116, 153, 75]
[113, 149, 77]
[111, 163, 75]
[116, 152, 79]
[117, 126, 91]
[115, 125, 88]
[115, 126, 83]
[116, 124, 80]
[117, 134, 82]
[115, 137, 80]
[114, 124, 80]
[115, 123, 85]
[115, 115, 82]
[114, 121, 82]
[115, 118, 80]
[114, 124, 80]
[113, 110, 72]
[111, 123, 77]
[109, 139, 81]
[114, 123, 81]
[115, 123, 77]
[115, 102, 75]
[118, 93, 77]
[117, 111, 83]
[116, 132, 87]
[116, 129, 81]
[117, 134, 82]
[116, 126, 79]
[118, 124, 78]
[118, 124, 78]
[118, 124, 78]
[118, 124, 78]
[120, 116, 79]
[122, 119, 79]
[121, 114, 76]
[117, 122, 75]
[115, 117, 72]
[112, 136, 77]
[111, 129, 73]
[112, 136, 77]
[115, 124, 76]
[114, 133, 75]
[115, 141, 78]
[112, 161, 79]
[114, 148, 81]
[115, 137, 80]
[115, 137, 80]
[117, 138, 83]
[117, 137, 84]
[116, 145, 86]
[117, 143, 84]
[116, 148, 81]
[117, 135, 81]
[115, 141, 78]
[115, 148, 74]
[116, 133, 75]
[114, 134, 74]
[115, 129, 73]
[119, 124, 70]
[119, 108, 71]
[119, 106, 72]
[121, 114, 76]
[118, 124, 78]
[118, 128, 80]
[115, 136, 77]
[117, 124, 74]
[116, 117, 70]
[116, 117, 70]
[118, 129, 75]
[118, 133, 73]
[120, 121, 76]
[122, 124, 80]
[119, 132, 81]
[116, 129, 77]
[115, 139, 75]
[115, 138, 76]
[116, 131, 76]
[115, 141, 78]
[116, 143, 80]
[116, 146, 82]
[116, 145, 79]
[116, 139, 75]
[117, 142, 77]
[116, 156, 80]
[117, 152, 79]
[117, 159, 82]
[117, 150, 80]
[117, 161, 81]
[115, 167, 81]
[117, 147, 78]
[115, 142, 77]
[116, 128, 78]
[116, 131, 80]
[115, 137, 80]
[116, 145, 79]
[115, 146, 75]
[120, 126, 77]
[121, 136, 77]
[122, 129, 77]
[121, 135, 81]
[121, 135, 81]
[119, 139, 77]
[118, 136, 75]
[119, 132, 81]
[116, 131, 80]
[116, 142, 81]
[116, 145, 79]
[116, 139, 75]
[115, 148, 74]
[117, 149, 77]
[116, 154, 78]
[117, 148, 81]
[117, 151, 86]
[115, 151, 86]
[111, 165, 85]
[112, 164, 84]
[112, 168, 79]
[111, 171, 79]
[112, 166, 77]
[115, 138, 76]
[116, 131, 76]
[116, 144, 83]
[112, 160, 83]
[115, 154, 81]
[115, 129, 85]
[113, 133, 86]
[112, 129, 81]
[115, 126, 83]
[116, 132, 87]
[116, 129, 81]
[116, 129, 81]
[116, 137, 84]
[115, 118, 80]
[115, 126, 83]
[115, 131, 84]
[114, 139, 86]
[114, 124, 80]
[114, 120, 83]
[115, 108, 78]
[114, 124, 80]
[115, 118, 80]
[112, 112, 75]
[116, 106, 77]
[116, 110, 74]
[117, 134, 82]
[113, 143, 80]
[116, 131, 80]
[115, 137, 80]
[116, 131, 80]
[118, 126, 81]
[122, 125, 86]
[120, 120, 81]
[122, 124, 80]
[119, 114, 76]
[121, 103, 74]
[117, 118, 78]
[115, 118, 80]
[113, 121, 74]
[111, 116, 68]
[113, 111, 71]
[113, 113, 70]
[115, 134, 78]
[117, 140, 82]
[115, 155, 84]
[117, 138, 83]
[115, 137, 80]
[115, 117, 72]
[116, 128, 78]
[113, 143, 80]
[111, 151, 81]
[113, 160, 89]
[116, 143, 84]
[117, 134, 82]
[118, 126, 77]
[115, 138, 76]
[115, 124, 76]
[114, 128, 78]
[115, 111, 76]
[117, 121, 76]
[116, 113, 72]
[118, 124, 78]
[116, 132, 79]
[115, 141, 78]
[119, 136, 79]
[119, 136, 79]
[117, 122, 75]
[119, 106, 72]
[120, 118, 78]
[120, 118, 78]
[117, 121, 76]
[121, 116, 75]
[119, 128, 68]
[119, 131, 66]
[116, 118, 69]
[113, 126, 71]
[115, 109, 70]
[116, 129, 77]
[116, 139, 75]
[112, 172, 80]
[112, 170, 78]
[113, 155, 74]
[117, 137, 80]
[116, 140, 82]
[113, 145, 79]
[112, 160, 86]
[113, 164, 87]
[114, 178, 93]
[116, 167, 87]
[117, 145, 79]
[118, 128, 80]
[120, 118, 78]
[119, 138, 85]
[117, 159, 82]
[117, 147, 78]
[117, 139, 79]
[116, 140, 82]
[116, 134, 78]
[119, 134, 84]
[122, 131, 82]
[120, 124, 78]
[122, 124, 80]
[116, 132, 79]
[115, 141, 78]
[115, 154, 81]
[113, 166, 86]
[115, 153, 85]
[116, 140, 82]
[119, 134, 84]
[121, 128, 82]
[121, 129, 81]
[120, 126, 73]
[118, 121, 84]
[117, 143, 84]
[112, 174, 79]
[111, 180, 78]
[115, 165, 82]
[116, 154, 81]
[117, 144, 83]
[118, 136, 75]
[118, 131, 78]
[118, 129, 79]
[116, 132, 79]
[116, 144, 83]
[116, 146, 82]
[112, 145, 88]
[113, 130, 88]
[110, 138, 85]
[113, 129, 85]
[115, 127, 86]
[117, 131, 84]
[118, 142, 88]
[116, 139, 86]
[116, 124, 84]
[116, 133, 86]
[116, 124, 84]
[116, 132, 87]
[116, 106, 77]
[117, 115, 80]
[122, 119, 79]
[118, 124, 78]
[115, 114, 74]
[114, 121, 82]
[114, 123, 81]
[113, 137, 80]
[113, 143, 80]
[116, 138, 83]
[114, 143, 84]
[113, 137, 84]
[113, 143, 80]
[119, 131, 82]
[122, 131, 82]
[120, 120, 81]
[118, 128, 80]
[116, 131, 80]
[118, 121, 80]
[115, 124, 76]
[115, 124, 76]
[112, 122, 69]
[119, 86, 68]
[113, 104, 76]
[113, 114, 78]
[113, 132, 83]
[113, 137, 84]
[116, 141, 85]
[117, 138, 83]
[117, 122, 75]
[121, 113, 77]
[116, 112, 73]
[115, 117, 72]
[113, 141, 78]
[116, 128, 78]
[116, 140, 82]
[118, 124, 78]
[118, 124, 78]
[118, 129, 79]
[115, 139, 79]
[114, 133, 75]
[115, 128, 74]
[114, 134, 74]
[115, 119, 71]
[116, 136, 77]
[116, 151, 83]
[116, 143, 80]
[117, 137, 80]
[119, 134, 80]
[120, 120, 81]
[122, 115, 82]
[120, 116, 79]
[120, 119, 77]
[117, 122, 75]
[116, 115, 71]
[117, 124, 74]
[112, 124, 68]
[113, 118, 67]
[115, 120, 70]
[113, 124, 72]
[115, 141, 78]
[116, 136, 77]
[116, 149, 77]
[115, 160, 78]
[114, 156, 77]
[114, 148, 81]
[113, 147, 78]
[115, 139, 79]
[111, 163, 75]
[112, 172, 80]
[112, 175, 83]
[115, 159, 85]
[115, 141, 78]
[115, 126, 75]
[117, 139, 79]
[116, 154, 81]
[117, 159, 82]
[118, 152, 82]
[117, 147, 78]
[115, 160, 78]
[117, 140, 82]
[116, 143, 80]
[115, 139, 79]
[116, 128, 78]
[115, 115, 73]
[113, 139, 79]
[111, 161, 84]
[111, 165, 85]
[113, 164, 87]
[111, 163, 86]
[116, 146, 82]
[117, 145, 79]
[119, 146, 77]
[119, 141, 76]
[117, 124, 74]
[116, 129, 77]
[116, 134, 78]
[112, 170, 81]
[112, 164, 84]
[112, 167, 87]
[116, 147, 85]
[116, 144, 83]
[115, 139, 79]
[117, 137, 80]
[118, 129, 75]
[118, 132, 77]
[117, 148, 81]
[116, 154, 81]
[116, 133, 86]
[115, 134, 82]
[116, 137, 84]
[116, 129, 81]
[115, 134, 78]
[114, 144, 83]
[115, 149, 87]
[117, 146, 89]
[117, 139, 86]
[116, 138, 83]
[115, 131, 84]
[116, 130, 88]
[116, 137, 84]
[116, 128, 82]
[122, 117, 85]
[120, 108, 85]
[121, 104, 83]
[116, 120, 87]
[115, 137, 80]
[112, 157, 81]
[112, 155, 82]
[115, 131, 80]
[115, 134, 82]
[118, 128, 80]
[122, 131, 82]
[120, 121, 80]
[122, 127, 84]
[120, 113, 86]
[117, 125, 88]
[115, 131, 80]
[115, 124, 76]
[112, 117, 72]
[113, 103, 72]
[112, 114, 74]
[113, 117, 76]
[116, 120, 83]
[114, 131, 76]
[114, 129, 77]
[115, 126, 75]
[115, 138, 76]
[116, 131, 80]
[116, 126, 79]
[118, 124, 78]
[116, 129, 77]
[115, 137, 80]
[113, 143, 80]
[116, 129, 77]
[115, 141, 78]
[117, 137, 80]
[115, 141, 78]
[113, 153, 75]
[116, 149, 77]
[116, 152, 79]
[117, 140, 82]
[119, 135, 83]
[118, 128, 80]
[119, 129, 83]
[121, 129, 85]
[119, 135, 83]
[117, 134, 82]
[115, 137, 80]
[118, 124, 78]
[121, 117, 74]
[120, 118, 78]
[120, 118, 78]
[118, 127, 76]
[117, 142, 77]
[115, 138, 76]
[115, 126, 75]
[115, 134, 78]
[114, 131, 76]
[118, 126, 77]
[117, 135, 81]
[118, 128, 80]
[117, 137, 84]
[117, 143, 84]
[116, 160, 78]
[116, 152, 79]
[116, 145, 79]
[113, 149, 77]
[111, 165, 79]
[112, 164, 81]
[115, 158, 79]
[116, 149, 77]
[119, 119, 73]
[118, 131, 78]
[116, 145, 79]
[112, 172, 80]
[112, 179, 81]
[112, 174, 76]
[115, 163, 83]
[115, 157, 83]
[117, 139, 79]
[116, 143, 80]
[116, 132, 79]
[115, 138, 76]
[109, 148, 76]
[111, 151, 81]
[111, 159, 82]
[111, 161, 84]
[115, 149, 84]
[116, 142, 81]
[116, 136, 77]
[116, 136, 77]
[116, 143, 80]
[118, 124, 78]
[115, 124, 76]
[111, 131, 72]
[109, 148, 76]
[111, 153, 80]
[113, 145, 79]
[116, 142, 81]
[115, 139, 79]
[116, 129, 77]
[115, 146, 75]
[113, 153, 75]
[116, 151, 76]
[116, 158, 76]
[117, 145, 79]
[116, 144, 83]
[115, 131, 84]
[118, 118, 82]
[118, 118, 82]
[116, 128, 82]
[115, 129, 85]
[111, 144, 85]
[114, 143, 84]
[116, 137, 84]
[114, 123, 81]
[116, 116, 86]
[113, 135, 85]
[116, 138, 83]
[116, 140, 82]
[116, 131, 80]
[118, 126, 81]
[118, 118, 82]
[115, 111, 76]
[116, 124, 84]
[113, 135, 85]
[114, 138, 87]
[115, 129, 85]
[114, 120, 83]
[115, 117, 72]
[119, 114, 76]
[120, 116, 79]
[122, 115, 82]
[121, 107, 81]
[118, 117, 83]
[116, 124, 84]
[116, 126, 79]
[115, 114, 74]
[113, 107, 74]
[111, 113, 70]
[115, 115, 73]
[115, 135, 81]
[116, 121, 82]
[115, 118, 80]
[114, 124, 80]
[115, 132, 79]
[120, 118, 78]
[118, 124, 78]
[116, 128, 78]
[116, 134, 78]
[116, 148, 81]
[116, 145, 79]
[116, 143, 80]
[115, 142, 77]
[116, 129, 77]
[115, 134, 78]
[116, 128, 82]
[116, 132, 79]
[116, 142, 81]
[116, 146, 82]
[117, 137, 80]
[119, 132, 81]
[118, 129, 79]
[122, 131, 82]
[120, 120, 81]
[122, 129, 83]
[118, 131, 78]
[115, 138, 76]
[117, 121, 76]
[121, 103, 74]
[119, 111, 78]
[116, 113, 72]
[116, 128, 78]
[116, 134, 78]
[113, 153, 75]
[117, 139, 79]
[115, 139, 79]
[118, 128, 80]
[119, 134, 80]
[118, 138, 74]
[121, 132, 79]
[121, 139, 79]
[117, 150, 80]
[116, 154, 81]
[117, 139, 79]
[117, 137, 80]
[116, 134, 78]
[116, 132, 79]
[115, 149, 84]
[117, 137, 84]
[116, 140, 82]
[120, 121, 80]
[118, 124, 78]
[117, 135, 81]
[115, 163, 80]
[112, 191, 76]
[112, 177, 78]
[115, 163, 83]
[116, 147, 85]
[116, 145, 86]
[117, 140, 82]
[116, 136, 77]
[115, 136, 77]
[111, 155, 79]
[111, 155, 79]
[111, 165, 85]
[112, 160, 83]
[116, 143, 80]
[117, 137, 80]
[119, 132, 81]
[116, 128, 78]
[116, 131, 80]
[116, 140, 82]
[115, 124, 76]
[109, 150, 75]
[108, 155, 74]
[113, 145, 79]
[114, 146, 82]
[115, 139, 79]
[115, 142, 77]
[116, 131, 76]
[115, 137, 80]
[113, 143, 80]
[115, 154, 81]
[114, 156, 77]
[116, 136, 77]
[116, 143, 80]
[114, 124, 80]
[115, 107, 79]
[113, 108, 83]
[115, 108, 87]
[115, 112, 84]
[115, 105, 80]
[115, 107, 79]
[114, 123, 81]
[113, 104, 76]
[110, 114, 78]
[108, 129, 79]
[115, 129, 85]
[120, 118, 82]
[119, 127, 84]
[118, 121, 80]
[115, 132, 79]
[113, 137, 80]
[113, 137, 84]
[115, 134, 82]
[117, 135, 85]
[117, 132, 83]
[116, 138, 83]
[114, 124, 80]
[113, 117, 76]
[115, 135, 81]
[116, 131, 80]
[116, 138, 83]
[118, 121, 84]
[117, 131, 84]
[118, 121, 80]
[116, 107, 76]
[115, 102, 75]
[115, 109, 77]
[116, 106, 77]
[116, 126, 79]
[116, 131, 80]
[114, 131, 76]
[107, 135, 72]
[112, 134, 78]
[115, 135, 81]
[117, 132, 83]
[116, 139, 86]
[114, 146, 82]
[114, 148, 81]
[116, 142, 81]
[115, 137, 80]
[119, 106, 72]
[119, 114, 76]
[121, 106, 72]
[124, 116, 77]
[118, 128, 80]
[117, 138, 83]
[116, 142, 81]
[118, 129, 79]
[122, 129, 77]
[120, 121, 76]
[118, 126, 77]
[117, 122, 75]
[118, 127, 76]
[118, 129, 75]
[117, 124, 74]
[117, 122, 75]
[113, 126, 71]
[116, 131, 76]
[121, 136, 77]
[120, 121, 76]
[122, 128, 78]
[120, 123, 79]
[116, 132, 79]
[119, 131, 82]
[118, 128, 80]
[117, 134, 82]
[119, 132, 81]
[121, 129, 81]
[120, 123, 79]
[119, 136, 79]
[116, 134, 78]
[117, 121, 76]
[119, 108, 71]
[116, 129, 77]
[116, 143, 80]
[116, 134, 78]
[116, 134, 78]
[116, 142, 81]
[116, 131, 80]
[114, 129, 77]
[115, 124, 76]
[115, 139, 79]
[116, 132, 79]
[116, 143, 84]
[116, 141, 85]
[119, 132, 85]
[116, 144, 87]
[117, 139, 86]
[116, 142, 81]
[116, 142, 81]
[113, 147, 78]
[112, 162, 82]
[112, 164, 84]
[113, 166, 86]
[116, 143, 80]
[116, 148, 81]
[116, 134, 78]
[114, 148, 81]
[112, 160, 83]
[112, 160, 83]
[115, 137, 80]
[116, 142, 81]
[115, 146, 75]
[116, 141, 74]
[118, 132, 77]
[119, 134, 80]
[118, 131, 78]
[119, 134, 80]
[116, 136, 77]
[116, 154, 81]
[115, 165, 82]
[115, 158, 79]
[116, 134, 78]
[116, 144, 83]
[109, 137, 82]
[112, 128, 82]
[113, 114, 78]
[114, 120, 83]
[117, 112, 82]
[116, 124, 80]
[116, 124, 80]
[115, 126, 83]
[116, 121, 82]
[113, 134, 82]
[110, 148, 79]
[115, 128, 82]
[115, 131, 84]
[116, 124, 84]
[116, 128, 82]
[113, 134, 82]
[114, 139, 86]
[115, 132, 79]
[116, 137, 84]
[117, 138, 87]
[117, 139, 86]
[114, 146, 82]
[114, 128, 78]
[112, 136, 77]
[113, 143, 80]
[116, 144, 83]
[115, 141, 78]
[117, 134, 82]
[116, 137, 84]
[116, 126, 79]
[115, 134, 78]
[116, 113, 72]
[121, 111, 78]
[119, 105, 73]
[120, 118, 78]
[116, 128, 78]
[109, 140, 80]
[109, 135, 83]
[107, 138, 76]
[110, 156, 80]
[112, 162, 82]
[115, 149, 84]
[116, 144, 83]
[114, 146, 82]
[114, 128, 78]
[114, 129, 77]
[121, 111, 78]
[121, 113, 77]
[125, 110, 72]
[122, 123, 81]
[120, 120, 81]
[119, 132, 81]
[116, 118, 69]
[119, 122, 71]
[120, 126, 73]
[122, 124, 76]
[116, 115, 71]
[117, 121, 76]
[116, 112, 73]
[119, 111, 78]
[119, 103, 74]
[121, 111, 78]
[115, 115, 73]
[116, 126, 79]
[121, 126, 83]
[120, 121, 80]
[122, 126, 79]
[120, 118, 78]
[121, 128, 82]
[116, 128, 78]
[115, 139, 79]
[116, 134, 78]
[117, 144, 76]
[116, 134, 78]
[117, 135, 81]
[117, 142, 81]
[115, 148, 74]
[117, 139, 79]
[116, 140, 82]
[110, 148, 79]
[113, 143, 80]
[115, 136, 77]
[117, 135, 81]
[113, 145, 79]
[114, 148, 81]
[113, 141, 78]
[115, 131, 80]
[113, 134, 82]
[115, 134, 78]
[115, 137, 80]
[118, 129, 79]
[119, 134, 80]
[117, 142, 77]
[116, 143, 80]
[113, 166, 86]
[112, 162, 85]
[111, 161, 84]
[112, 160, 86]
[111, 163, 86]
[113, 166, 86]
[112, 161, 79]
[116, 142, 81]
[116, 131, 80]
[116, 140, 82]
[112, 166, 83]
[112, 170, 81]
[112, 177, 82]
[115, 158, 79]
[116, 149, 77]
[116, 143, 80]
[118, 126, 81]
[121, 126, 83]
[121, 129, 81]
[116, 131, 76]
[115, 134, 78]
[112, 162, 85]
[112, 175, 83]
[115, 157, 83]
[114, 150, 80]
[116, 149, 77]
[113, 142, 81]
[114, 143, 84]
[115, 131, 84]
[116, 124, 80]
[116, 129, 81]
[113, 140, 82]
[116, 128, 82]
[116, 130, 88]
[115, 123, 85]
[115, 139, 90]
[117, 136, 88]
[116, 139, 86]
[111, 144, 85]
[114, 136, 88]
[112, 154, 86]
[112, 158, 84]
[112, 155, 82]
[113, 139, 79]
[115, 135, 81]
[119, 136, 86]
[117, 141, 85]
[114, 146, 82]
[115, 134, 78]
[116, 128, 78]
[116, 138, 83]
[115, 135, 81]
[116, 140, 82]
[116, 131, 80]
[116, 128, 78]
[114, 131, 76]
[113, 124, 72]
[117, 119, 77]
[119, 108, 80]
[117, 113, 81]
[116, 122, 86]
[115, 129, 85]
[111, 153, 80]
[113, 142, 77]
[113, 124, 72]
[115, 134, 78]
[116, 142, 81]
[117, 137, 84]
[117, 138, 87]
[114, 144, 83]
[117, 134, 82]
[115, 136, 77]
[118, 126, 77]
[120, 121, 76]
[120, 124, 78]
[116, 131, 80]
[115, 137, 80]
[119, 135, 83]
[117, 139, 79]
[119, 139, 81]
[119, 134, 80]
[119, 132, 81]
[116, 131, 80]
[116, 113, 72]
[118, 103, 69]
[125, 110, 72]
[125, 110, 72]
[120, 98, 70]
[115, 109, 70]
[113, 118, 67]
[115, 122, 69]
[115, 136, 77]
[115, 138, 76]
[118, 136, 75]
[122, 133, 75]
[121, 131, 80]
[122, 134, 80]
[120, 126, 77]
[120, 131, 74]
[117, 149, 77]
[115, 158, 79]
[112, 164, 84]
[111, 181, 83]
[112, 166, 83]
[111, 163, 80]
[111, 157, 78]
[114, 148, 81]
[116, 131, 80]
[116, 131, 80]
[113, 145, 79]
[115, 146, 75]
[114, 158, 76]
[115, 148, 74]
[114, 156, 77]
[111, 169, 77]
[111, 163, 75]
[113, 145, 79]
[116, 140, 82]
[116, 128, 78]
[115, 137, 80]
[114, 146, 82]
[112, 158, 84]
[112, 162, 85]
[113, 173, 90]
[116, 173, 84]
[113, 181, 79]
[112, 157, 81]
[111, 159, 82]
[114, 146, 82]
[115, 137, 80]
[116, 143, 84]
[115, 153, 85]
[116, 160, 91]
[116, 163, 89]
[117, 144, 83]
[116, 149, 77]
[115, 146, 75]
[117, 140, 82]
[117, 137, 80]
[113, 150, 73]
[110, 163, 72]
[113, 153, 75]
[115, 142, 77]
[116, 146, 82]
[115, 155, 84]
[114, 148, 81]
[111, 139, 88]
[114, 138, 87]
[115, 134, 82]
[116, 121, 82]
[116, 123, 85]
[115, 127, 86]
[117, 135, 81]
[115, 134, 78]
[117, 126, 87]
[115, 129, 85]
[117, 131, 84]
[116, 138, 83]
[113, 142, 81]
[114, 135, 89]
[111, 139, 88]
[112, 143, 89]
[111, 146, 89]
[115, 123, 85]
[117, 127, 86]
[119, 132, 85]
[117, 136, 88]
[116, 141, 85]
[116, 140, 82]
[116, 128, 78]
[116, 131, 80]
[116, 140, 82]
[115, 135, 81]
[116, 126, 79]
[114, 131, 76]
[115, 123, 77]
[112, 114, 74]
[116, 106, 77]
[117, 115, 80]
[117, 119, 77]
[115, 134, 78]
[116, 128, 82]
[117, 132, 83]
[114, 129, 77]
[114, 131, 76]
[115, 117, 72]
[115, 136, 77]
[117, 135, 81]
[116, 132, 79]
[114, 146, 82]
[117, 134, 82]
[115, 136, 77]
[116, 129, 77]
[118, 124, 78]
[116, 131, 80]
[117, 134, 82]
[116, 149, 84]
[117, 143, 84]
[117, 151, 86]
[119, 138, 85]
[117, 141, 85]
[119, 132, 81]
[118, 126, 77]
[117, 121, 76]
[116, 113, 72]
[119, 106, 72]
[121, 114, 76]
[119, 108, 71]
[115, 120, 70]
[115, 119, 71]
[113, 127, 70]
[116, 131, 76]
[115, 139, 79]
[120, 123, 79]
[120, 129, 75]
[122, 141, 76]
[121, 136, 77]
[122, 133, 75]
[122, 128, 78]
[117, 135, 81]
[115, 151, 86]
[111, 163, 86]
[112, 167, 87]
[112, 162, 85]
[112, 162, 85]
[115, 151, 83]
[116, 142, 81]
[117, 134, 82]
[116, 134, 78]
[113, 149, 77]
[116, 146, 82]
[116, 154, 81]
[115, 152, 82]
[112, 155, 82]
[112, 155, 82]
[111, 155, 79]
[113, 149, 77]
[114, 150, 80]
[115, 136, 77]
[115, 134, 78]
[114, 148, 81]
[112, 162, 82]
[111, 167, 84]
[116, 158, 92]
[116, 160, 94]
[115, 155, 87]
[111, 173, 81]
[112, 168, 79]
[116, 143, 80]
[114, 150, 80]
[116, 149, 77]
[115, 157, 83]
[116, 149, 84]
[117, 149, 87]
[116, 144, 83]
[117, 135, 81]
[117, 139, 79]
[115, 158, 79]
[112, 166, 77]
[112, 157, 81]
[110, 160, 78]
[114, 150, 80]
[115, 142, 77]
[117, 145, 79]
[117, 152, 79]
[116, 151, 76]
[110, 140, 84]
[113, 132, 87]
[116, 130, 88]
[115, 131, 84]
[115, 126, 83]
[116, 120, 83]
[113, 116, 77]
[116, 117, 85]
[116, 122, 86]
[115, 123, 85]
[110, 150, 78]
[111, 146, 84]
[110, 141, 83]
[112, 129, 81]
[114, 118, 84]
[113, 110, 81]
[113, 113, 79]
[116, 120, 83]
[116, 129, 81]
[117, 137, 84]
[115, 137, 80]
[117, 131, 84]
[116, 138, 83]
[116, 129, 81]
[117, 119, 77]
[119, 111, 78]
[121, 105, 73]
[117, 119, 77]
[117, 121, 76]
[115, 103, 74]
[115, 98, 73]
[111, 97, 71]
[114, 124, 80]
[116, 126, 79]
[115, 135, 81]
[115, 126, 83]
[115, 128, 82]
[118, 121, 80]
[116, 110, 74]
[118, 121, 80]
[116, 137, 84]
[116, 129, 81]
[116, 131, 80]
[115, 132, 79]
[118, 124, 78]
[118, 129, 79]
[116, 142, 81]
[116, 131, 80]
[116, 140, 82]
[116, 132, 79]
[119, 134, 80]
[119, 135, 83]
[118, 129, 79]
[121, 128, 82]
[119, 132, 81]
[118, 132, 77]
[116, 145, 79]
[116, 134, 78]
[116, 145, 79]
[117, 137, 80]
[116, 140, 82]
[118, 124, 78]
[117, 124, 74]
[119, 122, 71]
[121, 138, 76]
[116, 136, 77]
[117, 137, 80]
[116, 143, 80]
[116, 134, 78]
[121, 129, 81]
[122, 126, 79]
[120, 121, 76]
[118, 129, 79]
[116, 146, 82]
[112, 164, 84]
[112, 169, 86]
[112, 170, 81]
[112, 162, 85]
[114, 166, 92]
[113, 173, 90]
[112, 175, 83]
[112, 166, 77]
[117, 142, 77]
[117, 142, 81]
[119, 139, 81]
[117, 137, 84]
[117, 137, 80]
[116, 152, 79]
[116, 154, 78]
[117, 147, 78]
[115, 148, 74]
[117, 142, 77]
[116, 145, 79]
[117, 145, 79]
[116, 156, 80]
[112, 162, 82]
[115, 153, 85]
[115, 157, 83]
[116, 156, 80]
[116, 169, 86]
[114, 172, 89]
[112, 177, 91]
[114, 174, 95]
[114, 170, 90]
[117, 153, 85]
[117, 140, 82]
[118, 129, 79]
[119, 131, 82]
[117, 135, 81]
[116, 129, 77]
[115, 128, 74]
[115, 136, 77]
[114, 150, 80]
[115, 161, 81]
[115, 163, 80]
[117, 159, 82]
[116, 156, 80]
[118, 156, 80]
[116, 162, 74]
[119, 147, 73]
[111, 128, 74]
[113, 134, 82]
[113, 137, 80]
[114, 144, 83]
[113, 139, 79]
[107, 136, 71]
[108, 131, 78]
[111, 118, 80]
[113, 127, 86]
[113, 137, 80]
[110, 150, 78]
[110, 152, 77]
[112, 145, 88]
[113, 129, 85]
[115, 128, 82]
[118, 123, 79]
[118, 121, 80]
[116, 124, 84]
[116, 132, 87]
[117, 126, 87]
[117, 131, 84]
[115, 132, 79]
[115, 132, 79]
[113, 137, 80]
[113, 116, 77]
[117, 112, 82]
[121, 111, 78]
[120, 118, 78]
[122, 124, 80]
[119, 114, 76]
[120, 92, 75]
[116, 106, 77]
[115, 118, 80]
[116, 129, 81]
[116, 140, 82]
[116, 143, 84]
[117, 143, 84]
[119, 137, 82]
[115, 137, 80]
[118, 124, 78]
[115, 135, 81]
[117, 132, 83]
[116, 131, 80]
[116, 142, 81]
[116, 140, 82]
[118, 126, 81]
[117, 131, 84]
[116, 128, 82]
[117, 132, 83]
[115, 137, 80]
[120, 124, 78]
[121, 132, 79]
[122, 128, 78]
[120, 119, 77]
[122, 128, 78]
[120, 126, 77]
[117, 139, 79]
[117, 135, 81]
[122, 138, 85]
[119, 135, 83]
[116, 134, 78]
[119, 131, 82]
[122, 132, 81]
[119, 117, 74]
[122, 124, 76]
[116, 128, 78]
[116, 140, 82]
[113, 147, 78]
[116, 136, 77]
[119, 134, 80]
[121, 139, 75]
[118, 140, 73]
[117, 142, 77]
[117, 141, 85]
[116, 149, 84]
[115, 163, 83]
[115, 160, 78]
[112, 172, 80]
[111, 180, 78]
[115, 169, 80]
[115, 157, 83]
[117, 149, 87]
[118, 145, 86]
[121, 139, 79]
[122, 141, 76]
[120, 126, 77]
[121, 135, 81]
[117, 148, 81]
[117, 159, 82]
[117, 148, 81]
[116, 149, 77]
[117, 142, 77]
[116, 139, 75]
[116, 152, 79]
[115, 160, 78]
[116, 154, 78]
[117, 145, 79]
[114, 150, 80]
[112, 160, 86]
[113, 164, 87]
[114, 176, 87]
[113, 183, 88]
[114, 186, 89]
[115, 165, 82]
[118, 151, 83]
[116, 146, 82]
[115, 139, 79]
[119, 132, 81]
[116, 142, 81]
[114, 148, 81]
[116, 145, 79]
[118, 131, 78]
[117, 142, 81]
[116, 154, 81]
[117, 157, 83]
[118, 152, 89]
[117, 150, 80]
[116, 154, 81]
[118, 136, 75]
[117, 129, 71]
[115, 116, 81]
[114, 123, 81]
[115, 127, 86]
[116, 117, 85]
[111, 119, 79]
[112, 128, 82]
[107, 136, 77]
[113, 131, 84]
[116, 122, 86]
[115, 129, 85]
[116, 128, 82]
[118, 126, 81]
[118, 128, 80]
[119, 131, 82]
[117, 127, 86]
[116, 123, 85]
[114, 139, 86]
[111, 149, 82]
[113, 137, 84]
[114, 139, 86]
[115, 135, 81]
[116, 138, 83]
[112, 154, 83]
[111, 151, 81]
[110, 150, 78]
[112, 136, 77]
[116, 129, 81]
[115, 135, 81]
[115, 135, 81]
[117, 132, 83]
[116, 133, 86]
[116, 129, 81]
[116, 131, 80]
[115, 134, 82]
[115, 135, 81]
[117, 134, 82]
[116, 138, 83]
[117, 132, 83]
[115, 132, 79]
[120, 112, 82]
[120, 111, 83]
[118, 121, 84]
[117, 132, 83]
[116, 143, 84]
[114, 146, 82]
[116, 140, 82]
[115, 137, 80]
[119, 131, 82]
[117, 137, 84]
[119, 134, 84]
[122, 124, 80]
[121, 129, 81]
[120, 126, 73]
[121, 124, 70]
[121, 111, 69]
[119, 117, 74]
[115, 128, 74]
[116, 115, 71]
[122, 123, 77]
[118, 129, 79]
[118, 128, 80]
[116, 142, 81]
[117, 137, 80]
[118, 124, 78]
[114, 131, 76]
[115, 124, 76]
[115, 124, 76]
[116, 134, 78]
[121, 132, 79]
[120, 122, 75]
[120, 129, 75]
[118, 138, 74]
[119, 141, 76]
[116, 141, 74]
[117, 144, 76]
[117, 142, 77]
[116, 152, 79]
[115, 157, 83]
[115, 157, 83]
[115, 154, 81]
[115, 142, 77]
[116, 143, 80]
[117, 139, 79]
[115, 143, 73]
[118, 132, 77]
[120, 126, 77]
[119, 139, 77]
[117, 151, 76]
[117, 165, 79]
[117, 152, 79]
[117, 157, 83]
[112, 164, 84]
[112, 171, 85]
[111, 173, 81]
[113, 172, 83]
[115, 154, 81]
[117, 137, 80]
[116, 146, 82]
[115, 165, 82]
[115, 165, 79]
[115, 163, 80]
[117, 159, 82]
[116, 156, 80]
[115, 159, 85]
[115, 159, 85]
[116, 146, 82]
[116, 132, 79]
[116, 142, 81]
[112, 157, 81]
[112, 159, 80]
[112, 166, 83]
[116, 152, 79]
[116, 143, 73]
[116, 157, 73]
[115, 146, 75]
[116, 136, 77]
[117, 139, 79]
[115, 149, 84]
[117, 134, 82]
[115, 136, 77]
[113, 113, 79]
[115, 126, 83]
[114, 123, 81]
[115, 114, 83]
[114, 118, 84]
[113, 129, 85]
[113, 132, 83]
[113, 137, 80]
[115, 134, 82]
[118, 121, 84]
[120, 118, 82]
[120, 118, 82]
[122, 129, 83]
[121, 131, 84]
[118, 124, 82]
[117, 126, 87]
[114, 138, 87]
[111, 144, 85]
[113, 132, 83]
[113, 137, 84]
[113, 142, 81]
[114, 144, 83]
[114, 146, 82]
[113, 142, 81]
[116, 129, 81]
[115, 132, 79]
[117, 134, 82]
[115, 134, 82]
[116, 128, 82]
[116, 137, 84]
[116, 137, 84]
[115, 135, 81]
[111, 153, 80]
[115, 134, 78]
[113, 124, 72]
[115, 123, 77]
[115, 117, 72]
[116, 129, 81]
[117, 131, 84]
[120, 112, 82]
[120, 116, 79]
[118, 128, 80]
[116, 131, 80]
[117, 135, 81]
[117, 139, 79]
[116, 145, 79]
[116, 129, 77]
[118, 126, 81]
[121, 131, 84]
[119, 132, 81]
[118, 126, 77]
[119, 114, 76]
[119, 116, 75]
[121, 116, 75]
[121, 114, 76]
[119, 106, 72]
[119, 117, 74]
[116, 117, 70]
[119, 105, 73]
[120, 115, 80]
[118, 124, 82]
[115, 131, 80]
[115, 135, 81]
[116, 132, 79]
[117, 146, 75]
[114, 136, 73]
[116, 139, 75]
[118, 132, 77]
[120, 121, 76]
[120, 126, 73]
[118, 138, 74]
[118, 132, 77]
[118, 136, 75]
[118, 138, 74]
[116, 143, 73]
[117, 139, 79]
[115, 149, 84]
[115, 151, 86]
[115, 153, 85]
[114, 150, 80]
[115, 142, 77]
[116, 145, 79]
[117, 137, 80]
[115, 141, 78]
[115, 146, 75]
[117, 147, 78]
[115, 148, 74]
[117, 137, 80]
[117, 157, 83]
[117, 154, 78]
[115, 165, 79]
[113, 172, 83]
[113, 172, 83]
[113, 183, 88]
[113, 174, 82]
[116, 154, 81]
[117, 151, 76]
[116, 160, 75]
[117, 154, 78]
[115, 161, 81]
[115, 157, 83]
[115, 163, 83]
[115, 157, 83]
[115, 157, 86]
[115, 157, 86]
[115, 151, 83]
[114, 152, 79]
[114, 152, 79]
[111, 165, 79]
[111, 163, 75]
[113, 155, 74]
[114, 158, 76]
[112, 168, 76]
[114, 150, 80]
[115, 128, 74]
[115, 138, 76]
[116, 139, 75]
[115, 164, 76]
[115, 150, 73]
[116, 143, 80]
[115, 131, 84]
[116, 123, 85]
[116, 121, 82]
[120, 111, 83]
[118, 117, 83]
[115, 129, 85]
[116, 137, 84]
[115, 135, 81]
[116, 139, 86]
[117, 126, 87]
[116, 121, 82]
[116, 124, 80]
[116, 129, 81]
[116, 138, 83]
[117, 132, 83]
[116, 129, 81]
[115, 134, 82]
[116, 129, 81]
[114, 131, 76]
[115, 123, 77]
[115, 124, 76]
[113, 141, 78]
[113, 134, 82]
[113, 129, 85]
[115, 127, 86]
[113, 135, 85]
[112, 152, 84]
[111, 151, 81]
[116, 138, 83]
[116, 133, 86]
[117, 127, 86]
[115, 129, 85]
[110, 149, 84]
[112, 154, 83]
[114, 131, 76]
[118, 96, 69]
[120, 97, 71]
[119, 113, 77]
[119, 129, 83]
[119, 132, 85]
[121, 135, 85]
[119, 147, 80]
[117, 144, 83]
[117, 138, 83]
[117, 134, 82]
[116, 142, 81]
[115, 134, 78]
[117, 115, 80]
[115, 134, 82]
[116, 131, 80]
[116, 131, 80]
[115, 137, 80]
[117, 121, 76]
[119, 113, 77]
[119, 113, 77]
[122, 121, 78]
[120, 121, 76]
[118, 128, 80]
[114, 131, 76]
[115, 121, 78]
[113, 117, 76]
[117, 119, 77]
[115, 124, 76]
[116, 132, 79]
[116, 134, 78]
[116, 148, 81]
[119, 139, 77]
[120, 129, 75]
[121, 116, 75]
[116, 113, 72]
[115, 117, 72]
[115, 139, 79]
[116, 143, 80]
[117, 137, 80]
[115, 146, 75]
[116, 133, 75]
[114, 150, 80]
[111, 155, 79]
[112, 162, 85]
[111, 163, 83]
[112, 162, 82]
[116, 143, 84]
[116, 144, 83]
[114, 148, 81]
[115, 141, 78]
[117, 137, 80]
[119, 136, 79]
[120, 124, 78]
[119, 140, 84]
[117, 145, 79]
[117, 167, 78]
[116, 169, 74]
[118, 160, 78]
[115, 167, 78]
[111, 178, 79]
[113, 179, 80]
[113, 183, 78]
[115, 169, 77]
[115, 169, 77]
[115, 173, 78]
[115, 167, 81]
[113, 172, 83]
[114, 172, 89]
[112, 177, 82]
[112, 174, 79]
[112, 174, 79]
[115, 158, 79]
[115, 158, 79]
[115, 167, 81]
[115, 165, 79]
[112, 179, 81]
[115, 160, 78]
[112, 168, 76]
[111, 169, 77]
[112, 166, 77]
[115, 141, 78]
[115, 141, 78]
[117, 137, 80]
[115, 148, 74]
[119, 141, 76]
[115, 149, 84]
[115, 145, 86]
[115, 139, 90]
[119, 126, 89]
[117, 132, 83]
[116, 124, 84]
[116, 122, 86]
[115, 126, 87]
[116, 124, 84]
[116, 138, 83]
[116, 124, 80]
[113, 135, 85]
[114, 138, 87]
[113, 135, 85]
[114, 128, 78]
[118, 124, 78]
[120, 120, 81]
[121, 126, 83]
[118, 121, 80]
[119, 107, 81]
[115, 118, 80]
[116, 128, 82]
[114, 143, 84]
[111, 146, 84]
[111, 153, 80]
[112, 155, 82]
[111, 161, 84]
[115, 151, 86]
[116, 144, 83]
[119, 132, 81]
[117, 137, 80]
[116, 132, 79]
[116, 131, 80]
[115, 126, 83]
[115, 116, 81]
[118, 96, 74]
[119, 111, 78]
[116, 112, 73]
[118, 128, 80]
[121, 131, 84]
[122, 144, 87]
[119, 141, 83]
[119, 139, 88]
[115, 149, 87]
[112, 155, 82]
[114, 144, 83]
[115, 124, 76]
[117, 121, 76]
[116, 131, 80]
[117, 137, 80]
[115, 157, 83]
[112, 160, 86]
[117, 134, 82]
[116, 144, 83]
[120, 126, 77]
[121, 128, 82]
[120, 123, 79]
[116, 132, 79]
[116, 136, 73]
[113, 146, 75]
[115, 138, 76]
[117, 121, 76]
[119, 108, 71]
[115, 133, 71]
[117, 144, 76]
[116, 151, 83]
[116, 151, 83]
[117, 139, 79]
[114, 134, 74]
[115, 117, 72]
[115, 124, 76]
[115, 139, 79]
[116, 148, 81]
[117, 145, 79]
[116, 136, 77]
[118, 124, 78]
[115, 139, 79]
[112, 160, 83]
[111, 179, 81]
[112, 177, 82]
[112, 172, 80]
[115, 163, 80]
[115, 165, 82]
[115, 163, 80]
[117, 147, 78]
[116, 149, 77]
[116, 153, 75]
[118, 136, 75]
[116, 139, 75]
[117, 148, 81]
[117, 152, 79]
[117, 159, 82]
[117, 163, 80]
[117, 149, 77]
[112, 168, 79]
[112, 164, 84]
[115, 157, 83]
[115, 165, 82]
[117, 163, 86]
[116, 161, 90]
[112, 162, 85]
[114, 168, 91]
[114, 174, 91]
[113, 179, 87]
[111, 175, 80]
[112, 170, 78]
[115, 148, 74]
[114, 158, 76]
[115, 161, 81]
[115, 163, 83]
[115, 159, 85]
[116, 146, 82]
[116, 140, 82]
[111, 153, 80]
[112, 158, 84]
[114, 148, 81]
[115, 146, 75]
[118, 136, 75]
[118, 131, 78]
[121, 136, 77]
[111, 164, 92]
[111, 162, 93]
[111, 171, 88]
[115, 154, 88]
[115, 137, 80]
[115, 118, 80]
[115, 108, 78]
[113, 113, 79]
[113, 113, 79]
[116, 117, 85]
[115, 116, 81]
[116, 121, 82]
[116, 128, 82]
[115, 123, 85]
[116, 114, 87]
[115, 128, 82]
[117, 134, 82]
[120, 121, 80]
[119, 114, 76]
[115, 115, 73]
[114, 129, 77]
[116, 128, 82]
[117, 131, 84]
[113, 142, 81]
[111, 151, 81]
[111, 161, 84]
[115, 154, 81]
[116, 146, 82]
[116, 145, 86]
[119, 135, 83]
[122, 128, 78]
[121, 128, 82]
[121, 108, 71]
[120, 118, 78]
[120, 121, 80]
[117, 139, 79]
[116, 149, 77]
[118, 129, 75]
[117, 121, 76]
[120, 120, 81]
[121, 126, 83]
[120, 116, 79]
[120, 115, 80]
[116, 126, 79]
[115, 124, 76]
[114, 134, 74]
[116, 134, 78]
[118, 131, 78]
[119, 137, 82]
[119, 135, 83]
[116, 129, 81]
[117, 137, 84]
[116, 147, 85]
[117, 158, 89]
[118, 151, 83]
[116, 149, 77]
[116, 133, 75]
[113, 146, 75]
[110, 156, 75]
[113, 144, 76]
[114, 133, 75]
[115, 134, 78]
[115, 124, 76]
[113, 124, 72]
[113, 142, 77]
[115, 161, 81]
[118, 157, 86]
[115, 165, 82]
[112, 159, 80]
[114, 148, 81]
[116, 134, 78]
[116, 152, 79]
[115, 146, 75]
[117, 145, 79]
[116, 149, 77]
[117, 137, 80]
[116, 132, 79]
[116, 146, 82]
[117, 144, 83]
[115, 157, 86]
[118, 145, 86]
[116, 154, 81]
[112, 177, 78]
[112, 179, 77]
[116, 164, 76]
[117, 167, 78]
[116, 158, 76]
[117, 149, 77]
[116, 156, 80]
[115, 158, 79]
[117, 148, 81]
[116, 156, 80]
[115, 167, 78]
[117, 163, 80]
[116, 156, 80]
[116, 151, 76]
[116, 139, 75]
[119, 139, 81]
[116, 149, 84]
[113, 176, 81]
[116, 169, 86]
[114, 172, 89]
[114, 180, 88]
[112, 175, 83]
[112, 166, 77]
[114, 150, 80]
[116, 139, 75]
[115, 148, 74]
[116, 138, 72]
[117, 147, 78]
[116, 141, 74]
[119, 136, 79]
[115, 137, 80]
[117, 135, 85]
[116, 145, 86]
[117, 134, 82]
[116, 149, 77]
[117, 147, 78]
[115, 142, 77]
[116, 149, 77]
[111, 169, 86]
[111, 180, 92]
[111, 167, 90]
[115, 144, 90]
[115, 129, 85]
[116, 117, 85]
[115, 105, 80]
[112, 104, 81]
[114, 118, 84]
[115, 109, 77]
[114, 123, 81]
[118, 115, 84]
[115, 129, 85]
[115, 118, 80]
[111, 123, 77]
[110, 143, 82]
[115, 131, 84]
[115, 131, 84]
[118, 121, 80]
[116, 112, 73]
[116, 128, 82]
[115, 131, 84]
[115, 135, 81]
[116, 128, 82]
[116, 131, 80]
[116, 143, 84]
[117, 132, 83]
[116, 138, 83]
[116, 146, 82]
[119, 139, 81]
[119, 132, 81]
[120, 121, 80]
[118, 128, 80]
[118, 126, 81]
[119, 134, 80]
[119, 137, 82]
[121, 132, 79]
[120, 123, 79]
[120, 118, 78]
[120, 118, 82]
[120, 115, 80]
[120, 116, 79]
[118, 128, 80]
[116, 128, 78]
[115, 117, 72]
[115, 132, 79]
[117, 134, 82]
[116, 147, 85]
[118, 151, 83]
[119, 142, 79]
[120, 124, 78]
[117, 138, 83]
[117, 141, 85]
[117, 156, 90]
[118, 144, 87]
[116, 141, 85]
[116, 140, 82]
[115, 137, 80]
[113, 142, 77]
[112, 139, 75]
[113, 121, 74]
[114, 129, 77]
[115, 143, 73]
[110, 163, 72]
[113, 153, 75]
[115, 151, 86]
[117, 141, 85]
[117, 153, 85]
[112, 174, 79]
[114, 158, 76]
[116, 134, 78]
[116, 142, 81]
[115, 146, 75]
[117, 144, 76]
[116, 151, 76]
[116, 143, 73]
[115, 148, 74]
[117, 140, 82]
[116, 152, 79]
[115, 154, 81]
[117, 139, 79]
[116, 152, 79]
[115, 161, 81]
[115, 157, 83]
[117, 163, 86]
[117, 167, 84]
[116, 160, 78]
[118, 156, 80]
[112, 172, 80]
[112, 161, 79]
[116, 136, 77]
[116, 148, 81]
[115, 157, 83]
[115, 163, 83]
[117, 144, 83]
[114, 148, 81]
[117, 134, 82]
[117, 134, 82]
[112, 160, 83]
[113, 166, 86]
[111, 173, 81]
[113, 172, 83]
[113, 181, 86]
[112, 164, 81]
[112, 159, 80]
[113, 145, 79]
[116, 142, 81]
[115, 137, 80]
[117, 134, 82]
[116, 132, 79]
[117, 135, 81]
[118, 128, 80]
[116, 145, 86]
[117, 144, 83]
[117, 157, 83]
[117, 142, 81]
[116, 148, 81]
[117, 145, 79]
[115, 160, 78]
[115, 158, 79]
[118, 144, 94]
[115, 150, 90]
[117, 138, 87]
[116, 143, 84]
[115, 135, 81]
[112, 152, 84]
[107, 145, 72]
[112, 138, 76]
[112, 136, 77]
[116, 122, 86]
[117, 129, 89]
[119, 125, 86]
[116, 124, 84]
[114, 139, 86]
[111, 157, 83]
[109, 175, 86]
[112, 158, 84]
[112, 160, 83]
[115, 135, 81]
[119, 127, 84]
[116, 140, 82]
[116, 129, 81]
[116, 137, 84]
[118, 121, 84]
[120, 118, 82]
[119, 132, 81]
[122, 129, 77]
[119, 131, 82]
[117, 139, 86]
[116, 144, 87]
[115, 155, 87]
[116, 146, 82]
[116, 138, 83]
[116, 129, 81]
[116, 140, 82]
[119, 134, 84]
[121, 139, 88]
[119, 136, 86]
[117, 136, 88]
[117, 131, 84]
[117, 134, 82]
[115, 137, 80]
[117, 134, 82]
[115, 137, 80]
[116, 140, 82]
[116, 131, 80]
[112, 158, 84]
[113, 164, 87]
[114, 170, 90]
[117, 153, 85]
[119, 140, 84]
[117, 141, 85]
[118, 144, 87]
[117, 139, 86]
[117, 137, 84]
[117, 134, 82]
[115, 149, 84]
[115, 151, 83]
[115, 160, 78]
[115, 160, 78]
[111, 159, 77]
[115, 153, 85]
[117, 151, 86]
[115, 153, 85]
[116, 142, 81]
[117, 135, 81]
[117, 137, 80]
[117, 145, 79]
[116, 154, 81]
[112, 159, 80]
[113, 143, 80]
[115, 134, 78]
[116, 143, 80]
[118, 129, 75]
[118, 127, 76]
[116, 133, 75]
[116, 131, 76]
[116, 131, 80]
[117, 135, 81]
[113, 147, 78]
[113, 149, 77]
[118, 129, 75]
[120, 119, 77]
[117, 137, 80]
[118, 151, 83]
[116, 173, 87]
[114, 188, 88]
[113, 179, 80]
[115, 152, 72]
[115, 147, 71]
[116, 136, 77]
[116, 145, 79]
[117, 142, 81]
[116, 143, 80]
[113, 147, 78]
[113, 145, 79]
[115, 139, 79]
[117, 134, 82]
[115, 151, 83]
[112, 157, 81]
[115, 139, 79]
[116, 145, 79]
[115, 150, 73]
[110, 163, 72]
[111, 165, 74]
[111, 159, 77]
[111, 165, 82]
[112, 162, 82]
[112, 162, 82]
[113, 141, 78]
[115, 124, 76]
[115, 137, 80]
[116, 147, 85]
[118, 163, 89]
[114, 178, 89]
[114, 178, 89]
[117, 173, 90]
[114, 180, 85]
[114, 180, 85]
[114, 180, 85]
[117, 146, 89]
[119, 133, 92]
[117, 136, 88]
[117, 130, 88]
[112, 147, 90]
[112, 142, 90]
[110, 140, 89]
[113, 130, 88]
[117, 127, 86]
[117, 138, 87]
[119, 138, 89]
[115, 147, 85]
[111, 153, 80]
[112, 152, 84]
[111, 161, 87]
[111, 169, 86]
[112, 175, 92]
[115, 154, 88]
[117, 139, 86]
[116, 137, 84]
[115, 137, 80]
[117, 134, 82]
[116, 132, 79]
[121, 134, 82]
[116, 136, 77]
[119, 132, 81]
[119, 131, 82]
[119, 132, 85]
[117, 136, 88]
[117, 136, 88]
[117, 148, 88]
[117, 137, 84]
[115, 139, 79]
[117, 140, 82]
[116, 140, 82]
[116, 139, 86]
[116, 142, 88]
[117, 138, 87]
[118, 142, 88]
[116, 143, 84]
[116, 140, 82]
[116, 128, 78]
[115, 137, 80]
[117, 135, 81]
[116, 142, 81]
[117, 135, 81]
[116, 147, 85]
[112, 170, 81]
[112, 177, 82]
[116, 146, 82]
[116, 148, 81]
[117, 145, 79]
[116, 154, 81]
[117, 148, 81]
[117, 157, 83]
[116, 146, 82]
[117, 137, 84]
[116, 141, 85]
[116, 144, 87]
[117, 138, 83]
[117, 140, 82]
[116, 152, 79]
[118, 151, 83]
[116, 146, 82]
[119, 134, 80]
[120, 118, 78]
[120, 126, 77]
[118, 136, 75]
[115, 146, 75]
[114, 150, 80]
[111, 159, 77]
[113, 147, 78]
[115, 137, 80]
[116, 128, 78]
[116, 133, 75]
[115, 129, 73]
[116, 131, 76]
[115, 141, 78]
[115, 142, 77]
[117, 142, 77]
[117, 137, 80]
[118, 129, 79]
[122, 129, 77]
[119, 141, 76]
[117, 146, 75]
[116, 169, 86]
[114, 180, 85]
[115, 157, 83]
[114, 152, 79]
[117, 137, 80]
[117, 151, 86]
[116, 154, 81]
[116, 134, 78]
[114, 148, 81]
[110, 154, 76]
[113, 144, 76]
[115, 137, 80]
[116, 131, 80]
[115, 139, 79]
[117, 137, 80]
[116, 136, 77]
[115, 139, 75]
[113, 146, 75]
[113, 146, 75]
[114, 134, 74]
[115, 139, 79]
[115, 139, 79]
[116, 146, 82]
[115, 154, 81]
[115, 152, 82]
[116, 143, 80]
[116, 146, 82]
[117, 153, 85]
[112, 166, 83]
[112, 172, 80]
[113, 181, 86]
[114, 175, 93]
[116, 164, 92]
[114, 174, 94]
[116, 169, 89]
[115, 134, 82]
[117, 127, 86]
[116, 139, 90]
[117, 138, 87]
[112, 148, 86]
[112, 148, 86]
[111, 146, 84]
[116, 129, 89]
[117, 118, 93]
[113, 123, 93]
[112, 147, 90]
[112, 149, 89]
[111, 146, 84]
[111, 151, 86]
[112, 153, 90]
[111, 152, 92]
[112, 153, 90]
[117, 146, 89]
[117, 139, 86]
[116, 144, 87]
[116, 132, 87]
[116, 123, 85]
[119, 129, 83]
[120, 121, 80]
[118, 124, 78]
[118, 126, 81]
[117, 134, 82]
[119, 134, 84]
[119, 140, 84]
[118, 147, 85]
[117, 141, 85]
[117, 148, 88]
[117, 148, 88]
[115, 153, 85]
[111, 167, 84]
[116, 142, 81]
[116, 140, 82]
[116, 129, 81]
[116, 129, 81]
[119, 131, 82]
[122, 124, 80]
[119, 113, 77]
[115, 124, 76]
[116, 117, 70]
[116, 128, 78]
[116, 124, 80]
[115, 135, 81]
[113, 142, 81]
[116, 143, 84]
[116, 142, 81]
[115, 138, 76]
[117, 126, 73]
[116, 128, 78]
[113, 142, 81]
[112, 170, 78]
[114, 158, 76]
[115, 137, 80]
[116, 141, 85]
[116, 138, 83]
[117, 134, 82]
[116, 134, 78]
[119, 132, 81]
[117, 142, 81]
[117, 142, 77]
[117, 142, 77]
[118, 126, 77]
[116, 134, 78]
[117, 142, 77]
[112, 168, 79]
[116, 142, 81]
[115, 141, 78]
[117, 140, 82]
[117, 144, 76]
[116, 152, 79]
[116, 154, 81]
[117, 144, 83]
[116, 151, 83]
[115, 152, 82]
[116, 143, 80]
[116, 148, 81]
[117, 148, 81]
[116, 156, 80]
[117, 157, 83]
[117, 157, 83]
[118, 154, 81]
[119, 147, 80]
[117, 139, 79]
[115, 146, 75]
[112, 170, 81]
[114, 178, 89]
[114, 184, 90]
[112, 171, 85]
[115, 157, 83]
[115, 163, 83]
[112, 170, 81]
[113, 168, 85]
[115, 155, 84]
[119, 139, 81]
[117, 147, 78]
[117, 139, 79]
[111, 157, 78]
[111, 161, 81]
[111, 161, 84]
[111, 163, 86]
[113, 166, 86]
[115, 154, 81]
[115, 148, 74]
[113, 146, 75]
[115, 137, 80]
[115, 137, 80]
[115, 151, 83]
[113, 166, 86]
[111, 159, 82]
[110, 167, 84]
[111, 163, 86]
[112, 166, 83]
[114, 183, 89]
[116, 175, 86]
[116, 177, 85]
[114, 187, 82]
[117, 122, 90]
[115, 127, 86]
[116, 139, 90]
[117, 132, 91]
[114, 135, 89]
[112, 137, 93]
[110, 142, 88]
[114, 136, 88]
[113, 135, 85]
[115, 147, 85]
[115, 152, 89]
[111, 157, 86]
[111, 149, 87]
[112, 149, 89]
[111, 156, 90]
[113, 159, 90]
[112, 153, 90]
[117, 138, 94]
[118, 134, 93]
[116, 139, 86]
[117, 132, 83]
[118, 121, 80]
[116, 128, 82]
[118, 123, 79]
[121, 114, 76]
[118, 123, 79]
[119, 127, 84]
[119, 130, 86]
[117, 135, 85]
[115, 149, 87]
[118, 139, 90]
[116, 142, 88]
[116, 145, 86]
[117, 139, 86]
[117, 134, 82]
[116, 138, 83]
[116, 129, 81]
[118, 124, 78]
[122, 132, 81]
[120, 121, 80]
[122, 118, 80]
[119, 113, 77]
[116, 113, 72]
[117, 122, 75]
[116, 115, 71]
[115, 124, 76]
[112, 138, 76]
[113, 140, 82]
[116, 129, 81]
[116, 143, 84]
[116, 131, 76]
[117, 121, 76]
[115, 117, 72]
[116, 132, 79]
[116, 143, 80]
[116, 144, 83]
[116, 152, 79]
[117, 148, 81]
[117, 140, 82]
[116, 142, 81]
[116, 136, 77]
[119, 134, 80]
[117, 141, 85]
[117, 140, 82]
[117, 147, 78]
[117, 144, 76]
[117, 139, 79]
[116, 139, 75]
[115, 160, 78]
[114, 152, 79]
[115, 139, 79]
[117, 134, 82]
[117, 134, 82]
[116, 146, 82]
[119, 145, 81]
[119, 140, 84]
[117, 141, 85]
[115, 152, 82]
[112, 159, 80]
[115, 152, 82]
[115, 155, 84]
[114, 166, 92]
[114, 170, 90]
[117, 167, 84]
[121, 157, 78]
[121, 157, 78]
[119, 143, 75]
[116, 148, 81]
[113, 168, 85]
[113, 186, 89]
[112, 198, 89]
[112, 182, 80]
[113, 174, 82]
[112, 170, 81]
[112, 175, 83]
[113, 168, 85]
[117, 157, 83]
[116, 154, 81]
[117, 147, 78]
[115, 160, 78]
[111, 163, 75]
[110, 176, 77]
[111, 186, 78]
[113, 185, 84]
[113, 179, 87]
[113, 166, 86]
[111, 159, 82]
[113, 139, 79]
[115, 134, 78]
[115, 134, 78]
[117, 138, 83]
[115, 161, 81]
[112, 172, 80]
[111, 173, 78]
[111, 173, 81]
[115, 157, 83]
[114, 175, 93]
[114, 178, 89]
[113, 168, 85]
[113, 172, 83]
[116, 127, 90]
[116, 119, 88]
[116, 119, 88]
[116, 129, 89]
[115, 123, 85]
[112, 124, 84]
[111, 139, 88]
[112, 143, 89]
[113, 154, 93]
[113, 167, 93]
[116, 155, 94]
[115, 140, 89]
[113, 137, 84]
[115, 145, 86]
[115, 150, 90]
[115, 145, 86]
[117, 131, 84]
[119, 122, 88]
[118, 119, 86]
[116, 129, 89]
[116, 130, 88]
[117, 131, 84]
[116, 138, 83]
[113, 142, 81]
[117, 132, 83]
[115, 131, 84]
[115, 131, 84]
[114, 139, 86]
[112, 147, 87]
[110, 138, 85]
[111, 146, 84]
[115, 135, 81]
[119, 129, 83]
[119, 135, 87]
[117, 134, 82]
[119, 131, 82]
[119, 134, 84]
[119, 136, 86]
[116, 143, 80]
[118, 132, 77]
[119, 117, 74]
[118, 124, 78]
[120, 123, 79]
[118, 128, 80]
[118, 126, 81]
[115, 124, 76]
[115, 137, 80]
[116, 131, 80]
[115, 137, 80]
[116, 132, 79]
[116, 128, 78]
[115, 132, 79]
[115, 137, 80]
[115, 152, 82]
[115, 146, 75]
[117, 137, 80]
[122, 126, 79]
[119, 131, 82]
[119, 131, 82]
[118, 128, 80]
[119, 131, 82]
[118, 126, 77]
[122, 128, 78]
[119, 142, 79]
[119, 149, 82]
[119, 142, 79]
[117, 139, 79]
[117, 140, 82]
[118, 151, 83]
[115, 155, 84]
[114, 146, 82]
[114, 148, 81]
[116, 136, 77]
[116, 142, 81]
[121, 132, 83]
[119, 144, 92]
[118, 160, 94]
[113, 172, 83]
[111, 173, 78]
[111, 167, 81]
[112, 164, 81]
[112, 164, 84]
[113, 183, 85]
[116, 171, 85]
[119, 160, 91]
[119, 147, 83]
[117, 143, 84]
[117, 140, 82]
[115, 155, 84]
[115, 152, 82]
[112, 164, 84]
[112, 171, 85]
[112, 177, 82]
[112, 170, 81]
[115, 159, 85]
[116, 161, 90]
[117, 151, 86]
[116, 149, 84]
[117, 137, 80]
[115, 141, 78]
[113, 145, 79]
[112, 157, 81]
[113, 168, 85]
[113, 179, 87]
[113, 191, 87]
[111, 183, 82]
[111, 167, 81]
[109, 158, 76]
[113, 144, 76]
[115, 141, 78]
[117, 137, 80]
[116, 146, 82]
[115, 152, 82]
[112, 162, 82]
[111, 175, 80]
[112, 177, 78]
[112, 172, 80]
[115, 157, 86]
[112, 164, 81]
[112, 166, 77]
[116, 130, 92]
[117, 125, 88]
[116, 117, 89]
[115, 122, 86]
[115, 112, 84]
[114, 118, 84]
[115, 108, 78]
[113, 133, 86]
[116, 133, 90]
[116, 137, 91]
[117, 127, 86]
[116, 133, 86]
[117, 125, 88]
[116, 133, 90]
[116, 129, 89]
[116, 127, 90]
[118, 116, 88]
[122, 120, 89]
[119, 127, 84]
[116, 128, 82]
[115, 134, 82]
[117, 127, 86]
[114, 144, 83]
[114, 144, 83]
[111, 153, 80]
[111, 153, 80]
[111, 163, 80]
[113, 145, 79]
[111, 153, 80]
[112, 129, 81]
[114, 120, 83]
[117, 109, 84]
[119, 127, 84]
[121, 131, 80]
[121, 131, 84]
[121, 132, 87]
[121, 142, 86]
[119, 140, 84]
[116, 131, 80]
[116, 140, 82]
[116, 142, 81]
[116, 131, 80]
[116, 138, 83]
[116, 129, 81]
[116, 131, 80]
[116, 140, 82]
[118, 126, 81]
[119, 131, 82]
[116, 140, 82]
[116, 131, 80]
[117, 134, 82]
[113, 145, 79]
[116, 147, 85]
[115, 151, 86]
[116, 147, 85]
[117, 142, 77]
[121, 136, 77]
[122, 126, 75]
[122, 121, 78]
[120, 115, 80]
[119, 111, 78]
[120, 118, 78]
[122, 124, 80]
[119, 134, 84]
[117, 141, 85]
[116, 149, 84]
[117, 139, 79]
[116, 142, 81]
[117, 134, 82]
[115, 149, 84]
[115, 151, 83]
[115, 152, 82]
[116, 143, 80]
[119, 137, 82]
[117, 140, 82]
[118, 150, 90]
[114, 172, 92]
[114, 170, 90]
[111, 167, 84]
[111, 159, 82]
[112, 155, 82]
[114, 148, 81]
[114, 172, 89]
[114, 172, 92]
[118, 163, 89]
[117, 153, 85]
[117, 137, 80]
[116, 140, 82]
[117, 134, 82]
[115, 139, 79]
[115, 141, 78]
[115, 152, 82]
[110, 162, 77]
[114, 156, 77]
[117, 143, 84]
[115, 155, 84]
[112, 171, 85]
[115, 163, 83]
[117, 148, 81]
[116, 145, 79]
[116, 145, 79]
[116, 139, 75]
[116, 158, 76]
[113, 176, 81]
[111, 169, 83]
[111, 175, 86]
[111, 167, 84]
[112, 159, 80]
[111, 159, 77]
[115, 152, 82]
[115, 151, 83]
[116, 146, 82]
[116, 152, 79]
[114, 152, 79]
[111, 163, 75]
[111, 171, 79]
[111, 171, 79]
[115, 155, 84]
[116, 144, 83]
[115, 149, 84]
[116, 127, 90]
[115, 138, 94]
[112, 143, 89]
[114, 133, 90]
[117, 120, 91]
[115, 120, 87]
[116, 119, 88]
[115, 123, 89]
[116, 130, 92]
[117, 130, 88]
[116, 144, 87]
[112, 156, 88]
[111, 156, 90]
[113, 155, 92]
[115, 145, 86]
[116, 137, 84]
[117, 126, 87]
[116, 133, 86]
[119, 127, 84]
[118, 126, 81]
[116, 140, 82]
[113, 143, 80]
[115, 134, 82]
[116, 133, 86]
[117, 131, 84]
[113, 133, 86]
[111, 142, 86]
[111, 149, 87]
[112, 148, 86]
[113, 142, 81]
[115, 137, 80]
[119, 132, 85]
[122, 135, 87]
[121, 132, 87]
[119, 136, 86]
[119, 139, 88]
[122, 136, 86]
[121, 131, 84]
[122, 129, 83]
[118, 128, 80]
[116, 140, 82]
[116, 129, 81]
[115, 137, 80]
[112, 157, 81]
[112, 154, 83]
[111, 159, 88]
[112, 160, 86]
[117, 149, 87]
[117, 143, 84]
[116, 143, 84]
[115, 135, 81]
[117, 131, 84]
[119, 132, 85]
[119, 135, 83]
[116, 132, 79]
[119, 131, 82]
[120, 119, 77]
[119, 116, 75]
[119, 106, 72]
[119, 106, 72]
[121, 117, 74]
[118, 129, 79]
[119, 135, 83]
[117, 138, 83]
[117, 139, 79]
[114, 152, 79]
[112, 161, 79]
[112, 162, 82]
[112, 160, 83]
[115, 149, 84]
[116, 144, 83]
[117, 140, 82]
[117, 142, 81]
[116, 152, 79]
[116, 154, 78]
[115, 159, 85]
[112, 159, 80]
[112, 157, 81]
[112, 164, 81]
[111, 167, 81]
[111, 153, 80]
[115, 149, 84]
[116, 147, 85]
[115, 157, 86]
[115, 161, 81]
[115, 163, 80]
[116, 153, 75]
[112, 168, 76]
[111, 173, 75]
[113, 159, 72]
[117, 146, 75]
[115, 148, 74]
[116, 139, 75]
[113, 150, 73]
[109, 160, 75]
[113, 153, 75]
[113, 153, 75]
[115, 163, 80]
[113, 179, 87]
[114, 179, 91]
[113, 179, 87]
[115, 165, 82]
[116, 143, 73]
[114, 158, 76]
[112, 161, 79]
[114, 146, 82]
[116, 143, 84]
[117, 138, 83]
[116, 136, 77]
[116, 145, 79]
[117, 144, 76]
[116, 154, 78]
[116, 154, 78]
[114, 156, 77]
[117, 144, 76]
[115, 141, 78]
[116, 145, 79]
[115, 161, 81]
[111, 173, 81]
[113, 166, 86]
[117, 127, 94]
[115, 140, 93]
[112, 153, 90]
[114, 143, 84]
[117, 127, 86]
[113, 132, 83]
[113, 137, 84]
[116, 133, 86]
[117, 127, 90]
[116, 134, 93]
[115, 148, 88]
[114, 165, 93]
[114, 165, 93]
[113, 169, 92]
[112, 160, 86]
[114, 144, 83]
[115, 131, 84]
[116, 132, 87]
[118, 120, 85]
[117, 126, 87]
[117, 126, 87]
[113, 137, 84]
[115, 147, 85]
[116, 138, 83]
[116, 129, 81]
[114, 143, 84]
[111, 149, 82]
[111, 155, 84]
[110, 152, 82]
[111, 157, 86]
[115, 147, 85]
[119, 127, 88]
[122, 135, 87]
[121, 131, 84]
[119, 138, 89]
[119, 136, 86]
[119, 142, 86]
[119, 136, 86]
[120, 120, 81]
[121, 128, 82]
[122, 131, 82]
[118, 126, 81]
[116, 132, 79]
[112, 160, 83]
[112, 155, 82]
[111, 165, 85]
[115, 157, 83]
[115, 154, 88]
[115, 149, 87]
[117, 135, 85]
[116, 133, 86]
[116, 129, 81]
[121, 128, 82]
[118, 129, 79]
[118, 129, 79]
[117, 121, 76]
[120, 118, 78]
[117, 122, 75]
[117, 122, 75]
[118, 126, 77]
[118, 140, 73]
[116, 145, 72]
[115, 146, 75]
[119, 132, 81]
[116, 131, 80]
[114, 144, 83]
[112, 158, 84]
[112, 162, 85]
[111, 169, 83]
[115, 158, 79]
[116, 151, 76]
[117, 147, 78]
[116, 149, 77]
[115, 152, 82]
[117, 138, 83]
[116, 146, 82]
[116, 149, 77]
[111, 157, 78]
[112, 162, 85]
[111, 165, 85]
[112, 157, 81]
[114, 150, 80]
[117, 145, 79]
[116, 154, 81]
[116, 152, 79]
[116, 154, 78]
[117, 148, 74]
[114, 150, 80]
[112, 157, 81]
[116, 143, 80]
[116, 136, 77]
[117, 135, 81]
[117, 139, 79]
[113, 149, 77]
[112, 166, 77]
[115, 148, 74]
[116, 134, 78]
[116, 147, 85]
[114, 172, 89]
[113, 192, 89]
[114, 182, 91]
[112, 171, 85]
[117, 147, 78]
[115, 146, 75]
[116, 139, 75]
[116, 149, 77]
[116, 145, 79]
[116, 134, 78]
[117, 137, 80]
[116, 146, 82]
[117, 147, 78]
[116, 154, 78]
[116, 131, 80]
[116, 142, 81]
[116, 151, 76]
[116, 139, 75]
[116, 152, 79]
[117, 154, 78]
[114, 187, 82]
[114, 184, 83]
[116, 129, 89]
[116, 122, 86]
[117, 127, 86]
[115, 147, 85]
[115, 145, 86]
[115, 139, 90]
[115, 137, 91]
[116, 129, 89]
[115, 137, 91]
[112, 149, 89]
[112, 165, 88]
[114, 178, 89]
[114, 168, 94]
[113, 174, 98]
[112, 161, 90]
[116, 139, 90]
[116, 124, 84]
[116, 135, 89]
[117, 136, 88]
[121, 129, 85]
[122, 132, 85]
[121, 129, 85]
[119, 132, 81]
[119, 135, 83]
[116, 143, 84]
[117, 131, 84]
[111, 146, 84]
[112, 145, 88]
[111, 157, 86]
[115, 149, 84]
[114, 148, 81]
[119, 131, 82]
[121, 127, 86]
[122, 132, 85]
[121, 133, 86]
[117, 143, 84]
[117, 154, 91]
[119, 149, 94]
[118, 142, 88]
[121, 132, 83]
[121, 132, 83]
[122, 135, 83]
[122, 132, 81]
[119, 134, 84]
[116, 142, 88]
[115, 149, 87]
[113, 164, 87]
[117, 153, 85]
[117, 142, 81]
[119, 136, 79]
[118, 136, 75]
[117, 135, 81]
[119, 131, 82]
[118, 124, 78]
[121, 114, 67]
[118, 129, 75]
[116, 134, 78]
[116, 134, 78]
[116, 143, 84]
[117, 137, 84]
[116, 147, 85]
[117, 144, 83]
[116, 156, 80]
[119, 142, 79]
[115, 139, 79]
[117, 137, 80]
[117, 144, 83]
[116, 149, 84]
[117, 151, 86]
[117, 143, 84]
[117, 140, 82]
[116, 144, 83]
[116, 143, 80]
[117, 142, 81]
[119, 142, 79]
[117, 142, 81]
[116, 132, 79]
[115, 151, 83]
[112, 166, 83]
[112, 171, 85]
[112, 166, 83]
[111, 167, 84]
[111, 173, 81]
[115, 158, 79]
[115, 142, 77]
[116, 142, 81]
[117, 142, 81]
[116, 152, 79]
[114, 156, 77]
[114, 152, 79]
[116, 139, 75]
[121, 138, 76]
[117, 148, 74]
[115, 150, 73]
[116, 149, 77]
[115, 146, 75]
[116, 154, 81]
[118, 152, 82]
[114, 184, 86]
[114, 181, 90]
[114, 180, 88]
[114, 188, 88]
[113, 187, 86]
[114, 180, 85]
[115, 163, 83]
[115, 161, 81]
[111, 167, 84]
[112, 160, 83]
[117, 153, 85]
[116, 156, 80]
[117, 153, 85]
[117, 143, 84]
[117, 153, 85]
[117, 153, 75]
[118, 142, 72]
[119, 144, 78]
[119, 149, 82]
[118, 157, 86]
[118, 169, 89]
[116, 173, 87]
[121, 110, 95]
[120, 105, 92]
[120, 109, 89]
[117, 126, 95]
[115, 138, 94]
[115, 145, 93]
[116, 132, 87]
[115, 126, 87]
[116, 130, 88]
[113, 135, 85]
[115, 141, 92]
[116, 149, 101]
[114, 161, 98]
[114, 163, 100]
[113, 169, 98]
[115, 147, 92]
[117, 141, 92]
[117, 132, 91]
[116, 142, 88]
[118, 140, 89]
[119, 139, 88]
[121, 133, 86]
[121, 124, 84]
[117, 126, 87]
[119, 125, 86]
[115, 131, 84]
[113, 139, 79]
[113, 141, 78]
[113, 143, 80]
[114, 143, 84]
[116, 138, 83]
[116, 131, 80]
[117, 134, 82]
[119, 135, 87]
[118, 145, 86]
[117, 144, 83]
[118, 147, 92]
[117, 152, 92]
[118, 142, 88]
[117, 152, 92]
[117, 139, 86]
[117, 148, 88]
[116, 145, 86]
[117, 134, 82]
[117, 138, 87]
[116, 144, 87]
[116, 160, 91]
[115, 157, 86]
[118, 145, 86]
[116, 149, 84]
[117, 143, 84]
[116, 143, 80]
[116, 143, 84]
[116, 128, 82]
[115, 131, 80]
[116, 129, 81]
[116, 132, 79]
[116, 151, 83]
[117, 144, 83]
[117, 149, 87]
[116, 143, 84]
[119, 129, 83]
[118, 128, 80]
[121, 129, 81]
[118, 129, 79]
[117, 135, 81]
[115, 139, 79]
[119, 134, 80]
[121, 132, 79]
[117, 137, 80]
[118, 131, 78]
[116, 142, 81]
[116, 147, 85]
[117, 141, 85]
[116, 154, 81]
[117, 152, 79]
[117, 156, 77]
[117, 154, 78]
[116, 152, 79]
[112, 162, 82]
[111, 163, 83]
[109, 177, 85]
[112, 169, 86]
[111, 163, 86]
[115, 154, 88]
[115, 153, 85]
[115, 161, 81]
[115, 163, 83]
[115, 163, 83]
[115, 160, 78]
[115, 146, 75]
[115, 133, 71]
[115, 120, 70]
[116, 129, 77]
[115, 139, 79]
[114, 150, 80]
[117, 148, 81]
[116, 169, 86]
[117, 173, 90]
[113, 179, 87]
[113, 179, 87]
[114, 178, 89]
[113, 177, 91]
[114, 184, 90]
[114, 178, 86]
[115, 155, 84]
[112, 162, 82]
[112, 162, 82]
[111, 167, 84]
[117, 153, 85]
[116, 154, 81]
[118, 157, 86]
[118, 151, 83]
[117, 153, 85]
[116, 154, 78]
[119, 142, 79]
[116, 156, 80]
[118, 161, 84]
[116, 177, 85]
[118, 169, 86]
[116, 132, 91]
[117, 125, 92]
[117, 126, 91]
[117, 127, 94]
[116, 139, 90]
[113, 155, 92]
[112, 158, 92]
[115, 142, 88]
[113, 137, 84]
[115, 142, 88]
[116, 145, 86]
[117, 149, 87]
[118, 156, 93]
[114, 166, 92]
[112, 156, 93]
[112, 166, 97]
[117, 159, 98]
[116, 156, 93]
[115, 154, 88]
[111, 163, 86]
[113, 162, 88]
[116, 142, 88]
[117, 131, 84]
[114, 139, 86]
[117, 131, 84]
[115, 134, 82]
[115, 134, 82]
[119, 127, 84]
[117, 132, 83]
[116, 129, 81]
[116, 140, 82]
[115, 149, 87]
[115, 151, 86]
[115, 151, 86]
[116, 147, 85]
[117, 138, 83]
[112, 160, 86]
[112, 160, 86]
[113, 164, 87]
[111, 165, 85]
[115, 154, 88]
[116, 142, 81]
[116, 140, 82]
[116, 132, 79]
[117, 142, 81]
[116, 152, 79]
[116, 148, 81]
[119, 137, 82]
[117, 140, 82]
[117, 143, 84]
[111, 167, 84]
[113, 168, 85]
[116, 151, 83]
[116, 148, 81]
[117, 138, 83]
[116, 143, 84]
[112, 158, 87]
[115, 151, 86]
[116, 151, 83]
[117, 151, 86]
[116, 143, 80]
[119, 131, 82]
[121, 128, 82]
[121, 132, 83]
[119, 136, 79]
[117, 137, 84]
[117, 134, 82]
[115, 137, 80]
[116, 142, 81]
[116, 139, 75]
[117, 142, 77]
[115, 146, 75]
[117, 140, 82]
[116, 152, 79]
[115, 141, 78]
[116, 143, 84]
[117, 141, 85]
[119, 137, 82]
[120, 124, 78]
[117, 122, 75]
[114, 134, 74]
[116, 132, 79]
[114, 150, 80]
[115, 158, 79]
[113, 176, 81]
[112, 177, 78]
[115, 167, 78]
[116, 153, 75]
[117, 146, 75]
[116, 154, 78]
[117, 142, 77]
[115, 139, 75]
[113, 129, 69]
[116, 136, 73]
[115, 146, 75]
[112, 159, 80]
[117, 149, 87]
[116, 147, 85]
[117, 149, 87]
[112, 164, 81]
[111, 171, 79]
[112, 172, 80]
[112, 172, 80]
[112, 177, 82]
[117, 157, 83]
[116, 146, 82]
[116, 140, 82]
[115, 149, 84]
[112, 162, 82]
[112, 168, 79]
[112, 174, 79]
[115, 165, 79]
[115, 163, 83]
[111, 165, 85]
[111, 169, 83]
[111, 171, 79]
[117, 157, 83]
[118, 165, 88]
[118, 161, 84]
[119, 148, 76]
[113, 150, 95]
[115, 138, 94]
[117, 125, 92]
[116, 133, 94]
[117, 129, 93]
[115, 143, 91]
[113, 155, 92]
[111, 154, 91]
[111, 157, 86]
[115, 144, 90]
[115, 145, 93]
[116, 151, 96]
[116, 156, 93]
[116, 151, 96]
[114, 156, 98]
[113, 156, 100]
[113, 159, 101]
[114, 158, 97]
[113, 159, 90]
[111, 159, 85]
[112, 162, 85]
[116, 142, 81]
[117, 134, 82]
[115, 135, 81]
[115, 135, 81]
[116, 139, 86]
[116, 142, 88]
[117, 135, 85]
[116, 140, 82]
[116, 129, 81]
[117, 132, 83]
[116, 145, 86]
[117, 151, 86]
[116, 149, 84]
[116, 144, 83]
[117, 131, 84]
[114, 136, 88]
[115, 148, 88]
[111, 167, 84]
[115, 154, 81]
[114, 150, 80]
[116, 143, 80]
[116, 142, 81]
[116, 134, 78]
[117, 135, 81]
[116, 140, 82]
[115, 139, 79]
[120, 124, 78]
[121, 134, 82]
[117, 138, 83]
[113, 164, 87]
[112, 162, 85]
[114, 146, 82]
[116, 138, 83]
[117, 137, 80]
[115, 157, 83]
[113, 166, 86]
[115, 149, 84]
[116, 144, 87]
[119, 132, 85]
[119, 134, 84]
[119, 135, 83]
[119, 145, 81]
[119, 137, 82]
[116, 134, 78]
[114, 150, 80]
[113, 147, 78]
[116, 143, 80]
[117, 137, 80]
[113, 153, 75]
[116, 145, 79]
[115, 141, 78]
[116, 143, 84]
[117, 138, 83]
[115, 142, 77]
[116, 143, 80]
[116, 146, 82]
[117, 140, 82]
[117, 145, 79]
[119, 141, 76]
[118, 132, 77]
[116, 134, 78]
[116, 134, 78]
[115, 152, 82]
[111, 173, 81]
[115, 157, 86]
[116, 140, 82]
[117, 134, 82]
[116, 140, 82]
[117, 140, 82]
[116, 139, 75]
[116, 149, 77]
[116, 145, 79]
[113, 153, 75]
[112, 161, 79]
[112, 168, 79]
[116, 156, 77]
[116, 158, 76]
[115, 154, 81]
[112, 162, 82]
[110, 158, 79]
[112, 158, 84]
[111, 165, 85]
[111, 167, 84]
[113, 168, 85]
[116, 154, 81]
[118, 152, 82]
[116, 154, 78]
[117, 147, 78]
[115, 152, 82]
[117, 140, 82]
[116, 146, 82]
[115, 160, 78]
[112, 170, 78]
[112, 168, 79]
[111, 173, 81]
[114, 186, 85]
[118, 173, 84]
[118, 158, 79]
[121, 143, 80]
[111, 151, 93]
[114, 132, 91]
[113, 129, 89]
[115, 139, 90]
[115, 144, 90]
[115, 148, 88]
[112, 153, 90]
[111, 162, 93]
[112, 147, 87]
[115, 139, 90]
[117, 123, 89]
[115, 137, 91]
[112, 156, 93]
[114, 163, 94]
[114, 165, 93]
[114, 163, 94]
[113, 165, 94]
[111, 161, 90]
[112, 151, 88]
[116, 138, 83]
[117, 137, 80]
[115, 137, 80]
[116, 131, 80]
[121, 122, 86]
[117, 126, 87]
[117, 127, 90]
[117, 141, 85]
[117, 149, 87]
[118, 142, 88]
[116, 141, 85]
[117, 135, 85]
[115, 154, 88]
[114, 170, 90]
[113, 181, 89]
[118, 160, 91]
[117, 151, 86]
[116, 149, 84]
[117, 138, 83]
[119, 129, 83]
[119, 127, 84]
[115, 137, 80]
[116, 128, 78]
[116, 140, 82]
[116, 131, 80]
[116, 131, 80]
[116, 140, 82]
[115, 134, 78]
[118, 126, 81]
[117, 134, 82]
[117, 138, 87]
[112, 154, 83]
[112, 154, 83]
[111, 157, 83]
[115, 134, 82]
[117, 131, 84]
[115, 135, 81]
[116, 131, 80]
[115, 134, 78]
[119, 132, 81]
[119, 137, 82]
[121, 138, 83]
[119, 137, 82]
[121, 139, 79]
[119, 142, 79]
[116, 154, 81]
[112, 164, 84]
[113, 164, 87]
[116, 143, 84]
[115, 149, 84]
[112, 160, 86]
[117, 147, 78]
[116, 154, 78]
[120, 123, 79]
[119, 129, 83]
[116, 128, 82]
[115, 137, 80]
[117, 143, 84]
[117, 161, 87]
[116, 167, 87]
[115, 159, 85]
[117, 147, 78]
[116, 145, 79]
[116, 143, 80]
[111, 153, 80]
[110, 158, 79]
[116, 145, 79]
[116, 156, 77]
[117, 147, 78]
[117, 142, 77]
[115, 158, 79]
[115, 163, 80]
[115, 163, 80]
[113, 176, 81]
[111, 180, 78]
[112, 194, 75]
[116, 173, 84]
[117, 173, 90]
[116, 169, 89]
[118, 167, 87]
[115, 167, 81]
[112, 172, 80]
[112, 172, 77]
[112, 170, 81]
[112, 166, 83]
[113, 174, 82]
[113, 183, 85]
[114, 185, 88]
[116, 171, 88]
[117, 159, 82]
[117, 161, 81]
[118, 156, 80]
[121, 144, 76]
[118, 136, 75]
[117, 139, 79]
[112, 170, 81]
[112, 170, 81]
[111, 169, 83]
[115, 157, 86]
[118, 147, 85]
[121, 142, 81]
[111, 137, 99]
[113, 123, 93]
[115, 120, 91]
[113, 129, 89]
[115, 139, 90]
[111, 156, 90]
[112, 151, 91]
[112, 150, 97]
[112, 140, 91]
[116, 129, 89]
[115, 129, 85]
[115, 126, 87]
[116, 127, 90]
[115, 140, 89]
[112, 153, 90]
[114, 159, 96]
[113, 167, 96]
[113, 160, 89]
[116, 142, 88]
[117, 130, 88]
[115, 131, 84]
[117, 135, 85]
[116, 143, 84]
[121, 129, 85]
[119, 129, 83]
[117, 139, 86]
[116, 145, 86]
[118, 142, 88]
[118, 142, 88]
[116, 147, 85]
[115, 151, 86]
[112, 160, 86]
[113, 162, 88]
[113, 171, 94]
[118, 157, 96]
[117, 152, 92]
[117, 148, 88]
[118, 144, 87]
[117, 139, 79]
[119, 131, 82]
[119, 129, 83]
[116, 128, 82]
[117, 132, 83]
[113, 143, 80]
[113, 145, 79]
[112, 138, 76]
[115, 123, 77]
[115, 135, 81]
[116, 134, 78]
[117, 139, 79]
[117, 139, 79]
[115, 141, 78]
[117, 135, 81]
[116, 146, 82]
[116, 146, 82]
[117, 138, 83]
[116, 136, 77]
[116, 148, 81]
[116, 151, 83]
[117, 143, 84]
[117, 139, 79]
[117, 137, 80]
[117, 137, 80]
[116, 154, 81]
[115, 169, 80]
[114, 184, 86]
[114, 182, 84]
[117, 157, 83]
[119, 139, 81]
[117, 139, 86]
[117, 148, 88]
[119, 138, 85]
[121, 132, 79]
[120, 123, 79]
[115, 123, 77]
[116, 131, 80]
[116, 156, 80]
[117, 148, 81]
[117, 152, 92]
[113, 162, 88]
[112, 164, 84]
[116, 143, 80]
[113, 147, 78]
[111, 157, 78]
[111, 163, 80]
[115, 153, 85]
[116, 164, 92]
[117, 163, 86]
[115, 169, 80]
[112, 174, 76]
[111, 185, 76]
[112, 181, 76]
[113, 190, 82]
[114, 186, 85]
[113, 191, 84]
[114, 190, 86]
[114, 188, 84]
[117, 177, 88]
[114, 183, 89]
[114, 180, 85]
[112, 184, 79]
[115, 173, 78]
[113, 176, 81]
[112, 174, 79]
[110, 192, 81]
[112, 189, 85]
[113, 176, 81]
[117, 159, 82]
[117, 150, 80]
[117, 163, 80]
[116, 158, 79]
[119, 146, 77]
[116, 134, 78]
[117, 134, 82]
[115, 141, 78]
[115, 158, 79]
[112, 182, 80]
[115, 164, 76]
[116, 143, 73]
[119, 141, 76]
[112, 171, 85]
[112, 156, 88]
[110, 144, 87]
[112, 145, 88]
[111, 149, 87]
[111, 156, 93]
[111, 155, 94]
[112, 143, 89]
[116, 120, 87]
[119, 122, 92]
[116, 136, 88]
[117, 135, 85]
[117, 127, 86]
[113, 132, 83]
[116, 133, 86]
[115, 148, 88]
[117, 151, 93]
[117, 146, 89]
[119, 136, 86]
[119, 132, 85]
[119, 125, 86]
[119, 130, 90]
[117, 141, 92]
[117, 132, 91]
[117, 144, 90]
[117, 136, 88]
[117, 144, 90]
[115, 147, 85]
[114, 146, 82]
[112, 154, 83]
[111, 153, 80]
[111, 159, 82]
[111, 157, 83]
[114, 139, 86]
[116, 133, 86]
[118, 126, 81]
[117, 137, 84]
[117, 139, 86]
[116, 132, 79]
[116, 140, 82]
[116, 140, 82]
[116, 131, 80]
[115, 137, 80]
[112, 155, 82]
[110, 156, 80]
[109, 148, 76]
[115, 136, 77]
[115, 137, 80]
[119, 132, 81]
[116, 136, 77]
[119, 145, 81]
[121, 135, 81]
[120, 124, 78]
[117, 139, 86]
[116, 145, 86]
[118, 147, 85]
[116, 156, 80]
[119, 149, 82]
[119, 145, 81]
[119, 142, 79]
[116, 149, 77]
[116, 133, 75]
[116, 140, 82]
[113, 143, 80]
[112, 160, 86]
[112, 165, 88]
[116, 162, 93]
[117, 151, 86]
[118, 144, 87]
[119, 132, 81]
[116, 134, 78]
[117, 137, 80]
[116, 132, 79]
[116, 140, 82]
[118, 128, 80]
[119, 132, 81]
[117, 137, 80]
[117, 148, 81]
[112, 172, 80]
[113, 174, 82]
[113, 166, 86]
[111, 161, 84]
[116, 144, 83]
[116, 146, 82]
[117, 163, 80]
[112, 181, 76]
[113, 190, 82]
[114, 191, 80]
[113, 201, 80]
[113, 188, 76]
[112, 184, 79]
[112, 174, 76]
[113, 183, 78]
[115, 176, 74]
[113, 181, 79]
[116, 171, 85]
[113, 176, 81]
[113, 179, 80]
[111, 185, 76]
[115, 164, 76]
[117, 145, 79]
[116, 148, 81]
[116, 156, 80]
[117, 154, 78]
[116, 169, 74]
[117, 171, 82]
[116, 160, 78]
[117, 159, 82]
[117, 159, 82]
[116, 156, 80]
[115, 163, 80]
[113, 174, 82]
[115, 161, 81]
[115, 154, 81]
[115, 152, 82]
[116, 152, 79]
[112, 177, 78]
[115, 167, 75]
[115, 152, 72]
[116, 155, 74]
[113, 154, 93]
[112, 153, 95]
[112, 142, 90]
[111, 144, 90]
[112, 147, 90]
[111, 152, 92]
[111, 148, 95]
[114, 127, 94]
[116, 122, 94]
[117, 130, 92]
[117, 141, 92]
[115, 142, 88]
[112, 149, 89]
[115, 145, 86]
[115, 149, 87]
[115, 144, 90]
[116, 139, 90]
[117, 140, 93]
[121, 126, 91]
[119, 125, 86]
[121, 131, 84]
[119, 130, 86]
[116, 132, 87]
[117, 130, 88]
[117, 133, 86]
[116, 147, 85]
[115, 155, 84]
[112, 157, 81]
[112, 152, 84]
[111, 146, 84]
[110, 152, 82]
[112, 155, 82]
[112, 157, 81]
[116, 146, 82]
[117, 132, 83]
[120, 115, 84]
[119, 125, 86]
[116, 128, 82]
[116, 126, 79]
[116, 137, 84]
[115, 137, 80]
[116, 129, 81]
[116, 131, 80]
[114, 146, 82]
[110, 156, 80]
[113, 141, 78]
[115, 137, 80]
[116, 138, 83]
[116, 131, 80]
[119, 135, 83]
[119, 145, 81]
[121, 144, 85]
[122, 136, 79]
[119, 137, 82]
[117, 151, 86]
[117, 139, 86]
[119, 136, 86]
[121, 134, 82]
[121, 132, 79]
[122, 134, 80]
[119, 134, 80]
[116, 136, 77]
[111, 155, 79]
[114, 146, 82]
[112, 160, 86]
[111, 165, 85]
[115, 155, 84]
[117, 151, 86]
[117, 138, 83]
[117, 134, 82]
[113, 143, 80]
[114, 148, 81]
[113, 145, 79]
[116, 142, 81]
[116, 142, 81]
[118, 131, 78]
[116, 151, 83]
[117, 144, 83]
[112, 170, 81]
[113, 176, 81]
[113, 172, 83]
[111, 171, 79]
[117, 149, 77]
[116, 156, 77]
[118, 152, 82]
[112, 164, 84]
[112, 164, 84]
[112, 177, 82]
[113, 181, 86]
[113, 176, 81]
[111, 180, 78]
[112, 168, 76]
[116, 154, 78]
[116, 155, 74]
[117, 163, 80]
[115, 161, 81]
[112, 167, 87]
[112, 162, 85]
[112, 164, 81]
[114, 158, 76]
[116, 141, 74]
[119, 134, 80]
[116, 145, 86]
[117, 143, 84]
[116, 154, 81]
[118, 152, 82]
[116, 156, 80]
[115, 161, 81]
[111, 175, 80]
[113, 179, 80]
[112, 177, 78]
[115, 167, 81]
[115, 165, 79]
[115, 158, 79]
[115, 157, 83]
[116, 154, 81]
[115, 165, 82]
[116, 156, 80]
[116, 155, 74]
[117, 150, 73]
[112, 158, 92]
[113, 155, 92]
[112, 144, 92]
[111, 140, 93]
[111, 148, 95]
[115, 138, 94]
[115, 140, 93]
[113, 149, 96]
[112, 144, 92]
[112, 140, 95]
[111, 138, 89]
[111, 144, 90]
[112, 150, 92]
[112, 158, 92]
[113, 167, 96]
[113, 176, 97]
[114, 166, 92]
[116, 147, 85]
[115, 137, 80]
[117, 134, 82]
[117, 133, 86]
[116, 135, 89]
[116, 129, 89]
[114, 135, 89]
[113, 133, 86]
[117, 126, 87]
[116, 137, 84]
[116, 126, 79]
[114, 129, 77]
[112, 136, 77]
[111, 128, 74]
[112, 134, 78]
[115, 131, 80]
[115, 132, 79]
[115, 137, 80]
[119, 132, 81]
[116, 133, 75]
[116, 134, 78]
[115, 139, 79]
[119, 131, 82]
[122, 132, 81]
[120, 121, 80]
[116, 131, 80]
[116, 129, 81]
[117, 131, 84]
[113, 142, 81]
[115, 151, 83]
[116, 147, 85]
[118, 144, 87]
[115, 155, 84]
[116, 146, 82]
[116, 144, 83]
[117, 134, 82]
[116, 147, 85]
[117, 153, 85]
[117, 138, 83]
[116, 142, 81]
[118, 128, 80]
[122, 121, 78]
[120, 119, 77]
[118, 129, 79]
[112, 159, 80]
[111, 165, 82]
[112, 166, 77]
[111, 169, 77]
[112, 168, 79]
[116, 142, 81]
[116, 143, 84]
[117, 134, 82]
[111, 153, 80]
[112, 157, 81]
[114, 152, 79]
[115, 148, 74]
[117, 142, 77]
[117, 144, 76]
[115, 148, 74]
[116, 153, 75]
[112, 166, 83]
[112, 160, 86]
[111, 161, 87]
[111, 157, 83]
[114, 146, 82]
[112, 157, 81]
[114, 160, 75]
[115, 167, 78]
[112, 177, 78]
[113, 185, 84]
[115, 169, 80]
[112, 174, 79]
[113, 174, 82]
[111, 173, 81]
[115, 155, 87]
[116, 145, 86]
[117, 138, 83]
[118, 147, 85]
[116, 156, 80]
[112, 168, 79]
[112, 161, 79]
[115, 161, 81]
[116, 154, 81]
[116, 154, 81]
[118, 151, 83]
[116, 154, 81]
[119, 141, 76]
[119, 141, 76]
[118, 136, 71]
[116, 153, 75]
[112, 161, 79]
[113, 168, 85]
[111, 173, 81]
[116, 152, 79]
[116, 149, 77]
[117, 142, 77]
[114, 156, 77]
[114, 150, 80]
[113, 149, 77]
[116, 156, 77]
[116, 154, 78]
[119, 139, 81]
[119, 137, 82]
[113, 152, 94]
[115, 141, 92]
[112, 145, 88]
[112, 143, 89]
[111, 147, 92]
[115, 138, 94]
[117, 138, 94]
[115, 140, 89]
[112, 148, 86]
[113, 129, 85]
[108, 138, 83]
[113, 129, 85]
[114, 135, 89]
[112, 150, 92]
[114, 165, 96]
[114, 173, 96]
[117, 151, 93]
[117, 141, 92]
[116, 136, 88]
[116, 139, 86]
[111, 161, 87]
[113, 162, 88]
[111, 169, 83]
[115, 154, 81]
[116, 143, 80]
[116, 131, 80]
[122, 131, 82]
[118, 126, 81]
[117, 118, 78]
[115, 121, 78]
[115, 116, 81]
[113, 117, 76]
[112, 120, 70]
[116, 113, 72]
[117, 115, 80]
[118, 118, 82]
[116, 131, 80]
[116, 144, 83]
[117, 138, 83]
[119, 134, 84]
[121, 127, 86]
[121, 133, 86]
[119, 134, 84]
[117, 135, 81]
[115, 139, 79]
[117, 134, 82]
[117, 134, 82]
[116, 143, 84]
[117, 143, 84]
[115, 158, 79]
[111, 171, 79]
[111, 163, 75]
[112, 166, 77]
[115, 153, 85]
[118, 142, 88]
[116, 147, 85]
[116, 143, 80]
[117, 139, 79]
[114, 136, 73]
[116, 131, 76]
[115, 141, 78]
[111, 155, 79]
[110, 160, 78]
[112, 166, 77]
[112, 168, 76]
[116, 149, 77]
[116, 142, 81]
[116, 131, 80]
[115, 141, 78]
[114, 156, 77]
[114, 150, 80]
[116, 152, 79]
[116, 156, 80]
[117, 145, 79]
[115, 142, 77]
[114, 156, 77]
[111, 165, 79]
[112, 164, 84]
[112, 175, 83]
[112, 172, 80]
[112, 168, 79]
[114, 156, 77]
[113, 149, 77]
[114, 150, 80]
[116, 146, 82]
[116, 169, 89]
[114, 184, 90]
[114, 182, 84]
[117, 177, 88]
[114, 180, 88]
[114, 184, 90]
[116, 169, 89]
[115, 161, 81]
[115, 163, 83]
[112, 179, 77]
[113, 183, 78]
[111, 178, 79]
[112, 164, 81]
[111, 173, 81]
[117, 161, 87]
[118, 167, 87]
[118, 152, 82]
[119, 141, 76]
[119, 145, 74]
[116, 136, 77]
[117, 137, 80]
[116, 142, 81]
[113, 147, 78]
[111, 173, 78]
[112, 170, 78]
[117, 149, 77]
[116, 158, 76]
[117, 144, 76]
[115, 134, 78]
[115, 124, 76]
[115, 136, 77]
[116, 145, 79]
[118, 140, 73]
[119, 145, 74]
[117, 150, 80]
[110, 142, 88]
[115, 137, 91]
[116, 122, 86]
[116, 132, 87]
[115, 124, 84]
[116, 120, 83]
[115, 131, 84]
[115, 131, 84]
[113, 140, 82]
[114, 139, 86]
[113, 132, 87]
[116, 130, 92]
[116, 133, 90]
[115, 141, 92]
[115, 145, 93]
[115, 144, 90]
[117, 144, 90]
[115, 147, 85]
[112, 160, 86]
[115, 151, 86]
[115, 151, 86]
[113, 160, 89]
[116, 156, 93]
[117, 146, 89]
[116, 141, 85]
[117, 131, 84]
[119, 130, 86]
[121, 129, 85]
[122, 119, 79]
[119, 113, 77]
[124, 114, 78]
[121, 101, 76]
[120, 93, 74]
[120, 98, 70]
[116, 128, 78]
[116, 134, 78]
[117, 142, 81]
[116, 142, 81]
[115, 137, 80]
[117, 132, 83]
[117, 148, 88]
[117, 143, 84]
[117, 159, 82]
[117, 145, 79]
[117, 148, 81]
[116, 143, 80]
[117, 135, 81]
[120, 123, 79]
[117, 135, 81]
[116, 131, 80]
[115, 137, 80]
[114, 144, 83]
[115, 153, 85]
[116, 149, 84]
[112, 170, 81]
[115, 154, 81]
[115, 142, 77]
[116, 149, 77]
[116, 136, 77]
[116, 146, 82]
[117, 139, 79]
[115, 137, 80]
[116, 143, 84]
[117, 141, 85]
[117, 151, 86]
[117, 138, 83]
[117, 148, 88]
[117, 139, 86]
[117, 134, 82]
[116, 134, 78]
[115, 148, 74]
[114, 160, 75]
[117, 146, 75]
[115, 149, 70]
[116, 142, 70]
[116, 151, 76]
[117, 159, 82]
[115, 161, 81]
[112, 175, 83]
[113, 168, 85]
[117, 153, 85]
[115, 157, 83]
[116, 151, 76]
[116, 153, 75]
[116, 154, 78]
[114, 178, 86]
[114, 188, 84]
[113, 187, 86]
[114, 188, 88]
[114, 186, 85]
[112, 186, 78]
[111, 188, 80]
[110, 178, 76]
[111, 171, 79]
[112, 168, 79]
[113, 176, 81]
[114, 184, 83]
[113, 185, 84]
[114, 184, 90]
[116, 171, 85]
[117, 163, 86]
[116, 145, 79]
[117, 137, 80]
[121, 136, 77]
[119, 149, 82]
[118, 157, 86]
[117, 159, 82]
[117, 148, 81]
[116, 156, 80]
[114, 184, 83]
[113, 188, 76]
[112, 182, 80]
[112, 172, 80]
[116, 145, 79]
[117, 144, 76]
[115, 152, 72]
[117, 151, 76]
[116, 156, 80]
[116, 154, 81]
[115, 158, 79]
[112, 150, 92]
[111, 151, 93]
[115, 145, 93]
[116, 132, 87]
[116, 124, 84]
[115, 128, 82]
[116, 130, 88]
[111, 139, 88]
[112, 143, 89]
[112, 149, 89]
[111, 150, 90]
[115, 144, 94]
[113, 155, 92]
[112, 153, 90]
[113, 159, 90]
[111, 156, 90]
[113, 155, 92]
[114, 143, 84]
[115, 148, 88]
[116, 145, 86]
[117, 143, 84]
[113, 162, 88]
[114, 168, 94]
[116, 162, 93]
[117, 149, 87]
[116, 146, 82]
[117, 138, 83]
[119, 131, 82]
[121, 124, 84]
[120, 120, 81]
[121, 106, 72]
[124, 117, 76]
[121, 114, 76]
[122, 121, 78]
[116, 132, 79]
[114, 146, 82]
[116, 140, 82]
[117, 135, 81]
[116, 140, 82]
[116, 128, 82]
[117, 133, 86]
[115, 147, 85]
[116, 131, 80]
[116, 142, 81]
[116, 142, 81]
[115, 141, 78]
[120, 118, 78]
[120, 115, 80]
[119, 131, 82]
[116, 131, 80]
[116, 142, 81]
[115, 155, 84]
[117, 142, 81]
[115, 155, 84]
[114, 150, 80]
[116, 145, 79]
[115, 139, 79]
[117, 134, 82]
[116, 144, 83]
[117, 142, 81]
[115, 146, 75]
[117, 139, 79]
[116, 154, 81]
[119, 145, 81]
[117, 144, 83]
[117, 142, 81]
[117, 143, 84]
[117, 149, 87]
[119, 142, 79]
[116, 136, 77]
[116, 140, 82]
[116, 132, 79]
[117, 135, 81]
[115, 136, 77]
[115, 138, 76]
[116, 152, 79]
[117, 150, 80]
[116, 167, 87]
[112, 174, 79]
[112, 175, 83]
[115, 157, 83]
[115, 155, 84]
[115, 152, 82]
[116, 142, 81]
[114, 148, 81]
[113, 168, 85]
[113, 181, 86]
[113, 183, 88]
[116, 173, 87]
[114, 185, 88]
[114, 184, 83]
[112, 179, 81]
[111, 178, 79]
[112, 174, 76]
[117, 154, 78]
[117, 165, 85]
[117, 171, 91]
[114, 180, 88]
[113, 187, 86]
[117, 179, 87]
[115, 171, 79]
[114, 160, 75]
[116, 143, 73]
[116, 154, 78]
[119, 150, 78]
[120, 164, 84]
[119, 150, 78]
[119, 151, 81]
[116, 160, 78]
[113, 174, 82]
[112, 170, 81]
[112, 175, 83]
[112, 170, 78]
[115, 164, 76]
[117, 156, 77]
[116, 158, 76]
[118, 154, 81]
[116, 160, 78]
[118, 174, 72]
[116, 162, 74]
[118, 147, 99]
[115, 170, 99]
[117, 164, 98]
[117, 144, 90]
[114, 133, 90]
[111, 139, 88]
[111, 142, 86]
[111, 146, 89]
[112, 142, 90]
[113, 129, 89]
[112, 146, 94]
[111, 151, 93]
[111, 149, 94]
[112, 153, 105]
[114, 166, 92]
[112, 165, 88]
[111, 155, 84]
[112, 148, 86]
[112, 145, 88]
[115, 143, 91]
[118, 140, 89]
[116, 158, 92]
[113, 159, 90]
[113, 154, 93]
[115, 144, 90]
[117, 146, 89]
[118, 145, 93]
[117, 148, 88]
[117, 156, 90]
[117, 138, 83]
[116, 131, 80]
[120, 118, 78]
[118, 129, 79]
[117, 134, 82]
[117, 140, 82]
[116, 143, 80]
[115, 134, 78]
[117, 118, 78]
[120, 116, 79]
[116, 131, 80]
[115, 137, 80]
[112, 138, 76]
[112, 138, 76]
[113, 122, 73]
[115, 117, 72]
[115, 137, 80]
[115, 135, 81]
[119, 129, 83]
[118, 126, 81]
[119, 134, 84]
[119, 135, 83]
[117, 140, 82]
[116, 143, 80]
[119, 134, 80]
[121, 128, 82]
[118, 128, 80]
[116, 142, 81]
[117, 141, 85]
[118, 163, 89]
[117, 169, 83]
[116, 158, 76]
[117, 139, 79]
[117, 137, 84]
[116, 143, 84]
[116, 149, 84]
[117, 142, 81]
[116, 154, 78]
[117, 137, 80]
[116, 132, 79]
[117, 122, 75]
[120, 126, 73]
[119, 144, 78]
[117, 154, 78]
[117, 159, 82]
[118, 151, 83]
[117, 151, 86]
[116, 147, 85]
[117, 135, 81]
[115, 155, 84]
[113, 175, 89]
[113, 175, 89]
[115, 158, 79]
[117, 148, 81]
[115, 152, 82]
[111, 163, 80]
[112, 162, 82]
[112, 169, 86]
[111, 169, 83]
[113, 174, 82]
[114, 178, 86]
[115, 159, 85]
[115, 163, 83]
[117, 161, 81]
[117, 151, 76]
[117, 144, 76]
[117, 138, 83]
[117, 153, 85]
[117, 144, 83]
[118, 147, 85]
[118, 151, 83]
[117, 148, 74]
[116, 155, 74]
[114, 152, 79]
[115, 152, 82]
[116, 156, 80]
[119, 158, 84]
[121, 147, 78]
[121, 141, 74]
[120, 131, 74]
[117, 142, 77]
[117, 147, 78]
[116, 160, 78]
[115, 169, 77]
[115, 171, 79]
[112, 182, 80]
[115, 169, 80]
[117, 159, 82]
[119, 145, 81]
[119, 144, 78]
[117, 144, 76]
[118, 151, 96]
[120, 148, 102]
[118, 156, 100]
[117, 146, 96]
[116, 144, 87]
[112, 155, 82]
[111, 153, 80]
[111, 157, 83]
[115, 131, 84]
[117, 129, 89]
[116, 132, 87]
[112, 147, 87]
[111, 152, 89]
[115, 144, 90]
[118, 154, 98]
[116, 151, 96]
[113, 160, 89]
[115, 145, 86]
[111, 156, 90]
[116, 158, 92]
[117, 152, 92]
[117, 152, 92]
[112, 160, 86]
[114, 146, 82]
[117, 139, 86]
[117, 148, 88]
[113, 173, 93]
[117, 171, 91]
[117, 171, 91]
[115, 157, 86]
[116, 146, 82]
[116, 143, 80]
[116, 143, 80]
[115, 151, 86]
[116, 147, 85]
[116, 140, 82]
[114, 129, 77]
[117, 118, 78]
[118, 123, 79]
[116, 129, 81]
[115, 137, 80]
[112, 155, 82]
[113, 139, 79]
[114, 131, 76]
[116, 131, 76]
[115, 141, 78]
[115, 139, 79]
[116, 131, 80]
[116, 140, 82]
[118, 128, 80]
[122, 128, 78]
[119, 135, 83]
[119, 132, 81]
[118, 128, 80]
[119, 131, 82]
[116, 131, 80]
[116, 147, 85]
[113, 164, 87]
[114, 178, 89]
[114, 182, 91]
[113, 166, 86]
[114, 150, 80]
[113, 153, 75]
[114, 156, 77]
[113, 149, 77]
[114, 148, 81]
[116, 132, 79]
[115, 141, 78]
[117, 137, 80]
[118, 136, 75]
[117, 148, 74]
[117, 154, 78]
[119, 167, 84]
[119, 165, 85]
[119, 165, 88]
[117, 167, 84]
[117, 154, 78]
[117, 149, 77]
[112, 168, 79]
[113, 172, 83]
[113, 181, 89]
[115, 159, 85]
[115, 155, 84]
[115, 157, 86]
[113, 174, 82]
[112, 170, 78]
[110, 169, 80]
[111, 165, 82]
[111, 175, 80]
[112, 172, 80]
[115, 163, 80]
[117, 163, 80]
[118, 158, 79]
[117, 152, 79]
[116, 143, 73]
[114, 158, 76]
[116, 153, 75]
[116, 158, 76]
[116, 160, 78]
[118, 152, 82]
[117, 146, 75]
[116, 151, 76]
[114, 160, 75]
[112, 168, 79]
[115, 163, 80]
[116, 154, 78]
[116, 152, 79]
[118, 136, 75]
[116, 139, 75]
[115, 158, 79]
[117, 148, 81]
[117, 163, 86]
[119, 167, 87]
[116, 182, 80]
[115, 178, 73]
[115, 169, 80]
[117, 148, 81]
[116, 156, 80]
[116, 156, 77]
[116, 141, 74]
[117, 144, 90]
[116, 136, 92]
[117, 138, 94]
[118, 139, 97]
[117, 140, 93]
[117, 129, 89]
[116, 135, 89]
[116, 139, 90]
[118, 139, 90]
[117, 138, 87]
[117, 137, 84]
[114, 144, 83]
[116, 137, 91]
[117, 141, 92]
[121, 136, 90]
[121, 143, 93]
[118, 142, 88]
[118, 142, 88]
[118, 140, 89]
[115, 144, 90]
[116, 156, 93]
[116, 155, 94]
[115, 150, 90]
[116, 138, 83]
[117, 134, 82]
[116, 129, 81]
[117, 137, 84]
[115, 154, 88]
[117, 141, 85]
[114, 146, 82]
[114, 146, 82]
[115, 135, 81]
[113, 143, 80]
[112, 155, 82]
[115, 137, 80]
[114, 128, 78]
[122, 118, 80]
[120, 121, 80]
[116, 143, 80]
[117, 141, 85]
[115, 151, 86]
[111, 161, 84]
[111, 161, 81]
[116, 142, 81]
[116, 140, 82]
[116, 129, 81]
[116, 140, 82]
[117, 134, 82]
[112, 152, 84]
[115, 137, 80]
[119, 132, 81]
[122, 131, 82]
[117, 134, 82]
[116, 134, 78]
[116, 142, 81]
[117, 138, 87]
[115, 151, 83]
[115, 151, 83]
[115, 159, 85]
[115, 163, 80]
[115, 162, 77]
[112, 168, 79]
[112, 177, 75]
[112, 191, 76]
[111, 190, 74]
[112, 168, 76]
[111, 165, 79]
[115, 138, 76]
[116, 136, 77]
[122, 129, 77]
[121, 138, 76]
[119, 145, 81]
[119, 144, 85]
[122, 145, 86]
[122, 141, 83]
[121, 147, 83]
[119, 147, 80]
[117, 137, 80]
[114, 150, 80]
[115, 161, 81]
[115, 167, 81]
[115, 155, 84]
[112, 162, 85]
[116, 160, 91]
[114, 172, 89]
[113, 172, 83]
[113, 176, 81]
[116, 152, 79]
[116, 148, 81]
[117, 140, 82]
[119, 147, 83]
[120, 156, 88]
[118, 167, 90]
[114, 180, 88]
[112, 184, 79]
[115, 173, 78]
[116, 177, 85]
[116, 173, 84]
[112, 179, 81]
[112, 174, 79]
[111, 178, 79]
[113, 176, 81]
[112, 172, 80]
[115, 165, 82]
[112, 174, 79]
[113, 179, 80]
[113, 181, 79]
[113, 189, 85]
[114, 188, 84]
[114, 193, 86]
[113, 190, 82]
[117, 163, 80]
[118, 152, 82]
[116, 152, 79]
[117, 146, 75]
[116, 160, 78]
[117, 175, 80]
[118, 169, 80]
[118, 164, 76]
[115, 173, 78]
[116, 139, 90]
[117, 131, 84]
[117, 133, 86]
[117, 130, 92]
[118, 133, 94]
[115, 139, 90]
[117, 127, 90]
[116, 137, 91]
[117, 144, 90]
[118, 139, 90]
[116, 132, 87]
[117, 125, 88]
[115, 139, 90]
[116, 142, 88]
[117, 146, 89]
[119, 138, 96]
[119, 132, 93]
[119, 133, 92]
[119, 130, 86]
[119, 130, 90]
[118, 140, 89]
[116, 156, 93]
[115, 151, 86]
[114, 148, 81]
[116, 140, 82]
[116, 128, 82]
[117, 137, 84]
[117, 137, 84]
[117, 137, 84]
[116, 140, 82]
[116, 131, 80]
[116, 142, 81]
[115, 137, 80]
[112, 161, 79]
[115, 146, 75]
[115, 141, 78]
[120, 118, 78]
[121, 132, 83]
[119, 151, 81]
[117, 154, 78]
[115, 167, 78]
[112, 168, 76]
[112, 155, 82]
[115, 137, 80]
[115, 139, 79]
[117, 135, 81]
[117, 144, 83]
[118, 151, 83]
[112, 166, 77]
[114, 150, 80]
[116, 131, 80]
[121, 128, 82]
[116, 132, 79]
[117, 135, 81]
[119, 132, 81]
[119, 137, 82]
[116, 152, 79]
[115, 158, 79]
[116, 144, 83]
[116, 144, 83]
[115, 146, 75]
[116, 148, 81]
[112, 164, 84]
[115, 157, 83]
[111, 173, 81]
[112, 164, 81]
[112, 162, 82]
[116, 143, 80]
[117, 137, 80]
[120, 123, 79]
[119, 142, 79]
[117, 150, 80]
[119, 154, 86]
[122, 157, 86]
[122, 152, 82]
[121, 149, 82]
[119, 147, 83]
[117, 140, 82]
[115, 160, 78]
[116, 156, 77]
[116, 151, 76]
[117, 142, 81]
[118, 145, 86]
[116, 149, 84]
[117, 143, 84]
[117, 151, 86]
[117, 151, 86]
[116, 154, 81]
[117, 150, 80]
[117, 154, 78]
[119, 153, 80]
[119, 158, 84]
[116, 160, 78]
[114, 180, 85]
[112, 177, 82]
[114, 176, 87]
[114, 186, 89]
[113, 172, 83]
[112, 171, 85]
[112, 170, 81]
[111, 173, 81]
[114, 176, 87]
[113, 176, 81]
[115, 169, 80]
[112, 179, 77]
[113, 179, 80]
[113, 179, 80]
[113, 187, 86]
[114, 184, 86]
[114, 191, 87]
[114, 182, 84]
[116, 160, 78]
[117, 154, 78]
[116, 158, 76]
[115, 164, 76]
[116, 175, 83]
[119, 173, 84]
[118, 173, 84]
[118, 158, 79]
[117, 161, 81]
[120, 114, 85]
[122, 120, 89]
[121, 127, 90]
[115, 149, 87]
[114, 166, 92]
[113, 167, 93]
[112, 158, 92]
[115, 142, 88]
[116, 124, 84]
[116, 133, 86]
[116, 137, 84]
[118, 119, 86]
[116, 119, 88]
[112, 151, 91]
[116, 144, 87]
[117, 144, 90]
[117, 131, 84]
[121, 124, 84]
[125, 131, 84]
[122, 123, 81]
[121, 133, 86]
[117, 135, 85]
[117, 137, 84]
[116, 140, 82]
[117, 132, 83]
[119, 129, 83]
[122, 123, 81]
[119, 131, 82]
[116, 140, 82]
[111, 153, 80]
[110, 156, 80]
[113, 142, 81]
[115, 132, 79]
[115, 140, 93]
[115, 142, 88]
[116, 140, 82]
[119, 131, 82]
[119, 134, 84]
[121, 128, 82]
[121, 132, 83]
[122, 129, 77]
[119, 132, 81]
[119, 116, 75]
[118, 98, 68]
[115, 109, 70]
[118, 131, 78]
[121, 138, 76]
[119, 142, 79]
[119, 141, 76]
[119, 141, 76]
[120, 129, 75]
[120, 121, 76]
[120, 119, 77]
[122, 123, 77]
[122, 134, 80]
[118, 131, 78]
[115, 139, 79]
[117, 135, 81]
[118, 129, 79]
[119, 136, 79]
[114, 146, 68]
[116, 138, 72]
[116, 138, 72]
[117, 129, 71]
[116, 153, 75]
[117, 148, 74]
[115, 163, 80]
[115, 161, 81]
[117, 165, 79]
[116, 162, 74]
[116, 157, 73]
[117, 150, 80]
[118, 167, 87]
[119, 163, 86]
[118, 173, 87]
[118, 163, 83]
[118, 154, 81]
[115, 163, 80]
[115, 165, 82]
[116, 160, 78]
[117, 153, 75]
[117, 154, 78]
[118, 154, 81]
[119, 148, 79]
[119, 142, 79]
[119, 145, 81]
[121, 153, 80]
[117, 151, 76]
[116, 158, 79]
[116, 156, 80]
[116, 154, 81]
[119, 147, 83]
[118, 152, 82]
[116, 151, 76]
[112, 166, 77]
[115, 163, 80]
[118, 152, 82]
[115, 165, 79]
[115, 167, 78]
[115, 169, 80]
[117, 158, 76]
[117, 167, 78]
[117, 162, 74]
[117, 165, 79]
[117, 154, 78]
[116, 154, 81]
[117, 149, 77]
[116, 158, 76]
[118, 164, 76]
[116, 160, 78]
[117, 151, 76]
[119, 148, 76]
[119, 148, 79]
[115, 167, 81]
[114, 193, 86]
[115, 191, 88]
[117, 183, 88]
[116, 175, 83]
[117, 157, 83]
[116, 154, 81]
[122, 125, 94]
[119, 126, 93]
[115, 154, 88]
[114, 168, 91]
[113, 169, 98]
[113, 164, 101]
[112, 155, 94]
[112, 149, 89]
[115, 134, 82]
[115, 142, 88]
[115, 150, 90]
[116, 141, 85]
[115, 152, 89]
[112, 160, 86]
[116, 144, 87]
[117, 141, 92]
[116, 123, 85]
[119, 120, 89]
[122, 116, 86]
[121, 120, 87]
[116, 128, 82]
[117, 132, 83]
[117, 141, 85]
[117, 141, 85]
[117, 139, 86]
[117, 132, 83]
[117, 131, 84]
[116, 126, 79]
[109, 150, 75]
[109, 152, 74]
[108, 142, 72]
[108, 147, 78]
[115, 132, 79]
[116, 144, 83]
[116, 149, 77]
[117, 139, 79]
[117, 137, 80]
[115, 136, 77]
[119, 114, 76]
[120, 118, 78]
[120, 123, 79]
[121, 128, 82]
[122, 121, 78]
[118, 98, 68]
[115, 109, 70]
[116, 113, 72]
[120, 118, 78]
[120, 121, 80]
[122, 136, 79]
[120, 122, 75]
[119, 114, 76]
[121, 114, 76]
[119, 113, 77]
[121, 108, 80]
[118, 121, 80]
[116, 132, 79]
[117, 148, 81]
[116, 154, 81]
[117, 149, 77]
[116, 151, 76]
[112, 168, 76]
[113, 152, 72]
[116, 141, 74]
[120, 131, 70]
[120, 135, 72]
[117, 151, 76]
[117, 153, 75]
[116, 162, 77]
[117, 154, 78]
[116, 154, 78]
[119, 144, 78]
[119, 147, 80]
[117, 163, 80]
[119, 163, 86]
[119, 165, 85]
[117, 163, 80]
[116, 156, 80]
[117, 145, 79]
[118, 154, 81]
[116, 151, 83]
[115, 153, 85]
[115, 163, 83]
[119, 150, 78]
[118, 156, 80]
[121, 151, 81]
[121, 143, 80]
[121, 149, 82]
[117, 145, 79]
[112, 164, 81]
[115, 160, 78]
[117, 163, 80]
[117, 154, 78]
[118, 160, 78]
[116, 158, 76]
[115, 167, 78]
[116, 156, 80]
[116, 154, 81]
[118, 151, 83]
[118, 151, 83]
[117, 165, 85]
[118, 154, 81]
[116, 154, 81]
[118, 154, 81]
[116, 160, 75]
[116, 162, 74]
[119, 148, 76]
[117, 154, 78]
[117, 152, 79]
[118, 156, 80]
[116, 162, 77]
[118, 156, 80]
[121, 144, 76]
[117, 158, 76]
[119, 167, 84]
[115, 189, 89]
[117, 178, 90]
[118, 163, 89]
[115, 157, 86]
[116, 156, 77]
[116, 158, 76]
[117, 149, 87]
[119, 151, 93]
[118, 153, 95]
[114, 163, 100]
[114, 162, 101]
[113, 164, 98]
[113, 165, 94]
[112, 158, 92]
[118, 136, 92]
[117, 146, 96]
[118, 155, 94]
[116, 156, 93]
[117, 160, 97]
[116, 155, 94]
[118, 139, 90]
[117, 146, 89]
[117, 137, 84]
[116, 140, 82]
[119, 125, 86]
[119, 127, 88]
[118, 139, 90]
[115, 149, 87]
[112, 160, 86]
[115, 157, 86]
[117, 140, 82]
[117, 137, 84]
[112, 155, 82]
[110, 152, 77]
[111, 131, 72]
[113, 139, 79]
[114, 129, 77]
[114, 128, 78]
[115, 135, 81]
[117, 134, 82]
[115, 141, 78]
[114, 146, 82]
[112, 138, 76]
[115, 123, 77]
[113, 121, 74]
[115, 121, 78]
[115, 131, 80]
[111, 151, 81]
[112, 157, 81]
[115, 143, 73]
[115, 142, 77]
[116, 131, 76]
[118, 127, 76]
[120, 121, 76]
[121, 106, 72]
[120, 118, 78]
[121, 106, 72]
[115, 105, 68]
[113, 129, 69]
[116, 133, 75]
[115, 139, 79]
[116, 131, 80]
[115, 163, 83]
[115, 163, 80]
[115, 167, 81]
[115, 160, 78]
[116, 151, 76]
[116, 156, 80]
[118, 164, 76]
[117, 173, 75]
[119, 165, 74]
[119, 161, 73]
[117, 164, 73]
[117, 176, 74]
[117, 178, 73]
[119, 160, 70]
[121, 152, 69]
[119, 149, 72]
[119, 149, 72]
[117, 153, 75]
[117, 148, 74]
[114, 160, 75]
[111, 167, 81]
[115, 157, 83]
[116, 156, 80]
[118, 151, 83]
[117, 159, 82]
[118, 156, 80]
[117, 152, 79]
[117, 157, 83]
[117, 139, 79]
[119, 134, 80]
[121, 131, 80]
[117, 144, 83]
[115, 165, 82]
[115, 167, 78]
[116, 158, 76]
[117, 150, 80]
[117, 145, 79]
[116, 155, 74]
[119, 145, 74]
[117, 151, 76]
[116, 160, 78]
[116, 156, 77]
[116, 158, 79]
[117, 161, 81]
[116, 152, 79]
[115, 158, 79]
[111, 175, 80]
[115, 164, 76]
[117, 161, 81]
[116, 160, 78]
[117, 161, 81]
[118, 157, 86]
[119, 152, 87]
[119, 158, 84]
[119, 162, 82]
[118, 154, 81]
[118, 151, 83]
[117, 163, 86]
[118, 165, 88]
[119, 167, 87]
[117, 178, 79]
[117, 162, 74]
[115, 157, 70]
[114, 162, 74]
[119, 149, 94]
[118, 153, 95]
[118, 157, 96]
[116, 160, 94]
[114, 164, 101]
[114, 157, 101]
[112, 161, 90]
[113, 155, 92]
[116, 137, 91]
[117, 149, 94]
[118, 139, 90]
[116, 151, 96]
[117, 149, 94]
[118, 157, 96]
[119, 148, 95]
[117, 141, 92]
[117, 130, 88]
[113, 135, 85]
[116, 133, 86]
[117, 138, 87]
[117, 139, 86]
[113, 162, 88]
[113, 160, 89]
[112, 156, 88]
[117, 136, 88]
[117, 135, 85]
[112, 154, 83]
[113, 134, 82]
[113, 137, 80]
[116, 131, 80]
[117, 134, 82]
[115, 137, 80]
[116, 143, 80]
[116, 132, 79]
[115, 139, 79]
[115, 134, 78]
[116, 128, 78]
[118, 124, 78]
[113, 124, 72]
[115, 126, 75]
[113, 124, 72]
[111, 153, 80]
[110, 158, 79]
[116, 143, 80]
[115, 143, 73]
[116, 136, 77]
[116, 136, 77]
[120, 121, 76]
[120, 126, 73]
[118, 129, 75]
[114, 136, 73]
[115, 122, 69]
[115, 133, 71]
[115, 146, 75]
[116, 132, 79]
[115, 141, 78]
[116, 156, 80]
[115, 169, 80]
[117, 154, 78]
[116, 156, 80]
[116, 154, 78]
[117, 148, 81]
[117, 161, 81]
[118, 158, 79]
[117, 165, 79]
[117, 156, 77]
[116, 164, 76]
[116, 175, 83]
[117, 167, 84]
[116, 158, 76]
[119, 141, 76]
[118, 132, 77]
[116, 143, 80]
[116, 134, 78]
[116, 136, 77]
[114, 156, 77]
[110, 167, 75]
[112, 170, 78]
[116, 154, 78]
[118, 155, 87]
[118, 171, 88]
[118, 159, 85]
[118, 152, 82]
[117, 157, 83]
[116, 145, 79]
[117, 142, 77]
[122, 128, 78]
[117, 138, 83]
[116, 154, 81]
[115, 171, 79]
[117, 165, 79]
[117, 151, 76]
[117, 147, 78]
[117, 137, 80]
[122, 134, 80]
[121, 132, 79]
[117, 144, 76]
[117, 146, 75]
[116, 154, 78]
[115, 164, 76]
[117, 148, 74]
[113, 157, 73]
[114, 158, 76]
[115, 157, 83]
[118, 145, 86]
[116, 149, 84]
[116, 156, 80]
[118, 156, 80]
[121, 151, 76]
[121, 161, 76]
[121, 153, 80]
[119, 150, 78]
[118, 156, 80]
[118, 160, 78]
[117, 169, 83]
[119, 161, 87]
[117, 167, 84]
[118, 158, 79]
[115, 173, 78]
[115, 171, 76]
H	tG2.54932G115.687
MS	tG17.0512G142.112
V	tG5.31195G80.7034
