[104, 35, 152]
[110, 38, 156]
[108, 41, 156]
[110, 38, 156]
[109, 44, 157]
[110, 41, 155]
[111, 44, 158]
[109, 44, 157]
[110, 40, 158]
[108, 41, 156]
[108, 40, 158]
[112, 36, 156]
[112, 36, 155]
[110, 33, 154]
[107, 34, 156]
[104, 35, 152]
[102, 38, 155]
[103, 41, 157]
[103, 41, 156]
[106, 38, 154]
[107, 34, 156]
[108, 40, 158]
[110, 40, 158]
[109, 44, 156]
[106, 39, 151]
[106, 38, 153]
[106, 32, 152]
[106, 38, 154]
[108, 41, 155]
[110, 38, 156]
[107, 34, 158]
[110, 37, 159]
[111, 43, 160]
[113, 39, 156]
[109, 44, 156]
[113, 42, 159]
[113, 42, 158]
[112, 36, 154]
[110, 33, 154]
[113, 26, 155]
[107, 34, 156]
[110, 38, 155]
[110, 41, 156]
[110, 47, 158]
[109, 44, 157]
[113, 42, 159]
[113, 39, 157]
[110, 33, 153]
[113, 30, 153]
[113, 27, 151]
[116, 25, 150]
[112, 36, 155]
[106, 32, 150]
[110, 34, 151]
[116, 25, 150]
[113, 30, 151]
[113, 27, 149]
[112, 36, 154]
[110, 38, 154]
[110, 38, 154]
[110, 38, 154]
[108, 41, 156]
[103, 41, 154]
[103, 41, 154]
[103, 41, 156]
[109, 44, 157]
[109, 44, 156]
[111, 44, 158]
[111, 49, 160]
[113, 49, 161]
[112, 53, 160]
[110, 47, 156]
[110, 47, 159]
[110, 41, 157]
[111, 43, 159]
[109, 44, 156]
[107, 48, 155]
[109, 54, 157]
[106, 53, 155]
[107, 51, 156]
[107, 51, 156]
[113, 42, 156]
[113, 42, 156]
[110, 38, 153]
[110, 41, 154]
[109, 45, 154]
[110, 56, 159]
[110, 56, 159]
[113, 50, 159]
[111, 50, 157]
[110, 47, 156]
[113, 47, 158]
[107, 51, 156]
[107, 51, 155]
[111, 44, 155]
[109, 46, 151]
[105, 51, 151]
[109, 54, 155]
[112, 54, 155]
[115, 50, 154]
[113, 51, 154]
[111, 61, 154]
[113, 52, 152]
[113, 58, 154]
[115, 51, 150]
[115, 56, 151]
[115, 55, 154]
[112, 55, 152]
[113, 58, 154]
[113, 52, 152]
[112, 55, 152]
[112, 67, 155]
[111, 79, 155]
[112, 78, 150]
[110, 78, 150]
[109, 79, 151]
[111, 72, 149]
[110, 83, 151]
[109, 96, 152]
[110, 91, 148]
[108, 41, 155]
[110, 38, 156]
[108, 41, 155]
[110, 38, 154]
[110, 41, 157]
[109, 44, 158]
[109, 44, 157]
[110, 47, 158]
[111, 43, 160]
[108, 40, 158]
[108, 41, 156]
[113, 39, 157]
[118, 31, 155]
[110, 33, 153]
[110, 33, 153]
[104, 35, 151]
[103, 42, 153]
[102, 43, 153]
[106, 44, 155]
[106, 44, 156]
[109, 44, 158]
[109, 44, 156]
[111, 43, 159]
[109, 44, 158]
[107, 34, 157]
[106, 37, 158]
[107, 34, 158]
[104, 34, 156]
[108, 40, 159]
[107, 35, 154]
[107, 35, 153]
[107, 35, 154]
[113, 42, 159]
[113, 39, 157]
[116, 35, 160]
[112, 35, 159]
[116, 32, 159]
[110, 33, 154]
[108, 30, 152]
[105, 27, 153]
[104, 35, 155]
[107, 34, 156]
[110, 40, 160]
[109, 43, 160]
[110, 40, 160]
[113, 41, 160]
[110, 41, 157]
[110, 38, 154]
[108, 31, 150]
[113, 30, 152]
[116, 25, 150]
[110, 33, 153]
[106, 38, 154]
[107, 35, 153]
[107, 35, 152]
[112, 37, 152]
[110, 34, 152]
[110, 38, 154]
[110, 41, 156]
[109, 44, 156]
[107, 50, 158]
[107, 48, 155]
[106, 45, 154]
[103, 42, 151]
[110, 38, 153]
[109, 44, 155]
[109, 44, 155]
[113, 47, 159]
[113, 47, 159]
[112, 52, 161]
[115, 52, 163]
[110, 47, 156]
[110, 47, 156]
[110, 41, 154]
[110, 47, 158]
[110, 41, 156]
[107, 50, 157]
[110, 41, 156]
[109, 44, 157]
[110, 47, 157]
[109, 44, 155]
[111, 44, 157]
[110, 47, 157]
[110, 41, 155]
[111, 44, 156]
[107, 48, 153]
[108, 58, 157]
[110, 57, 156]
[112, 54, 156]
[116, 51, 159]
[115, 54, 157]
[113, 51, 155]
[111, 60, 157]
[109, 55, 154]
[110, 48, 153]
[109, 46, 151]
[105, 51, 149]
[108, 57, 152]
[113, 58, 154]
[112, 55, 152]
[113, 59, 152]
[110, 59, 150]
[112, 56, 150]
[115, 56, 151]
[116, 54, 151]
[113, 50, 147]
[115, 56, 151]
[112, 56, 149]
[113, 53, 149]
[113, 59, 152]
[113, 53, 149]
[112, 69, 152]
[112, 76, 155]
[112, 77, 153]
[109, 79, 151]
[109, 80, 150]
[110, 83, 151]
[111, 86, 151]
[111, 96, 151]
[110, 95, 148]
[110, 37, 159]
[108, 40, 158]
[106, 37, 157]
[107, 34, 156]
[106, 31, 154]
[108, 41, 156]
[111, 43, 159]
[109, 44, 157]
[109, 44, 158]
[111, 43, 160]
[109, 44, 157]
[111, 44, 158]
[110, 47, 159]
[110, 38, 156]
[106, 32, 152]
[106, 38, 156]
[108, 40, 158]
[110, 40, 161]
[111, 42, 163]
[110, 40, 161]
[109, 43, 160]
[107, 49, 160]
[111, 43, 159]
[108, 41, 154]
[107, 35, 153]
[107, 35, 152]
[110, 38, 154]
[110, 38, 155]
[109, 43, 161]
[110, 40, 161]
[116, 35, 161]
[113, 29, 156]
[116, 25, 154]
[110, 33, 156]
[110, 37, 158]
[110, 40, 160]
[110, 37, 158]
[106, 37, 157]
[106, 37, 157]
[102, 29, 152]
[101, 32, 152]
[106, 31, 156]
[106, 31, 156]
[108, 40, 160]
[116, 35, 162]
[113, 38, 160]
[110, 41, 157]
[110, 47, 156]
[110, 39, 152]
[116, 33, 154]
[118, 31, 154]
[110, 34, 151]
[106, 32, 150]
[110, 38, 156]
[106, 44, 155]
[108, 41, 155]
[108, 41, 154]
[107, 47, 157]
[107, 50, 158]
[107, 48, 155]
[107, 50, 157]
[107, 48, 155]
[106, 51, 160]
[107, 47, 157]
[110, 47, 158]
[109, 45, 154]
[110, 41, 154]
[111, 50, 159]
[113, 47, 159]
[110, 47, 158]
[109, 44, 157]
[113, 42, 158]
[113, 42, 157]
[113, 39, 155]
[110, 41, 155]
[110, 47, 156]
[110, 47, 156]
[111, 44, 156]
[108, 42, 152]
[109, 45, 154]
[111, 44, 156]
[109, 44, 155]
[109, 45, 154]
[113, 43, 155]
[111, 51, 155]
[113, 51, 156]
[115, 49, 156]
[116, 52, 158]
[115, 52, 162]
[113, 47, 158]
[113, 49, 160]
[115, 55, 161]
[114, 61, 163]
[111, 59, 159]
[110, 57, 157]
[109, 54, 155]
[108, 60, 153]
[111, 61, 154]
[110, 58, 153]
[110, 65, 157]
[108, 66, 154]
[107, 64, 152]
[110, 63, 154]
[112, 55, 152]
[113, 50, 148]
[107, 53, 148]
[110, 59, 152]
[107, 68, 154]
[108, 75, 153]
[113, 72, 153]
[113, 72, 153]
[112, 69, 151]
[113, 74, 155]
[113, 78, 157]
[112, 84, 157]
[110, 87, 155]
[109, 94, 155]
[111, 98, 153]
[111, 98, 153]
[110, 104, 154]
[104, 35, 155]
[107, 34, 158]
[106, 37, 157]
[106, 31, 155]
[104, 34, 156]
[107, 35, 154]
[110, 38, 154]
[112, 36, 154]
[110, 41, 157]
[110, 41, 157]
[110, 41, 157]
[110, 47, 159]
[108, 41, 156]
[110, 37, 158]
[106, 37, 157]
[110, 32, 158]
[113, 26, 156]
[113, 29, 156]
[116, 25, 154]
[112, 36, 156]
[111, 43, 159]
[109, 44, 157]
[109, 44, 157]
[113, 42, 158]
[113, 39, 157]
[113, 41, 162]
[113, 39, 158]
[111, 43, 159]
[111, 42, 162]
[112, 36, 156]
[110, 33, 156]
[113, 29, 157]
[116, 28, 157]
[113, 26, 155]
[107, 34, 158]
[110, 39, 162]
[108, 40, 160]
[107, 34, 158]
[107, 34, 158]
[104, 34, 156]
[106, 38, 154]
[106, 32, 151]
[106, 32, 150]
[107, 35, 153]
[110, 33, 156]
[113, 39, 158]
[111, 43, 159]
[109, 44, 157]
[112, 36, 156]
[110, 33, 154]
[108, 30, 152]
[110, 33, 154]
[112, 36, 156]
[110, 41, 157]
[110, 47, 158]
[107, 47, 157]
[107, 47, 158]
[109, 52, 161]
[107, 50, 159]
[107, 49, 160]
[107, 50, 159]
[105, 49, 157]
[103, 52, 157]
[104, 46, 156]
[107, 47, 158]
[109, 44, 158]
[110, 41, 157]
[110, 47, 157]
[110, 41, 155]
[110, 47, 157]
[110, 47, 157]
[113, 39, 155]
[109, 44, 155]
[113, 47, 157]
[110, 41, 154]
[110, 47, 156]
[107, 50, 157]
[107, 50, 157]
[104, 55, 159]
[106, 44, 156]
[108, 41, 154]
[109, 45, 154]
[110, 41, 154]
[111, 50, 158]
[115, 45, 159]
[118, 42, 159]
[119, 47, 162]
[120, 43, 160]
[111, 44, 155]
[111, 44, 156]
[109, 45, 153]
[113, 48, 153]
[112, 54, 156]
[111, 59, 159]
[112, 54, 157]
[111, 50, 157]
[111, 59, 159]
[110, 58, 154]
[111, 61, 155]
[108, 60, 152]
[110, 63, 155]
[107, 63, 153]
[108, 60, 153]
[110, 58, 154]
[115, 55, 154]
[111, 52, 151]
[109, 56, 151]
[111, 68, 158]
[112, 75, 150]
[110, 78, 151]
[113, 69, 158]
[114, 65, 154]
[117, 71, 155]
[114, 78, 154]
[112, 83, 153]
[110, 91, 154]
[109, 92, 153]
[111, 87, 156]
[111, 84, 154]
[112, 85, 156]
[106, 38, 156]
[106, 31, 155]
[106, 31, 155]
[110, 33, 156]
[116, 32, 158]
[112, 35, 159]
[110, 32, 157]
[108, 30, 155]
[110, 32, 157]
[110, 37, 159]
[111, 42, 163]
[108, 41, 156]
[107, 35, 153]
[108, 30, 152]
[110, 32, 157]
[108, 30, 155]
[108, 30, 155]
[112, 36, 156]
[108, 30, 151]
[110, 38, 156]
[107, 35, 154]
[108, 40, 158]
[109, 43, 160]
[113, 45, 164]
[111, 49, 161]
[111, 43, 160]
[107, 48, 163]
[105, 47, 162]
[106, 50, 164]
[103, 50, 162]
[106, 43, 160]
[106, 43, 159]
[110, 37, 159]
[108, 40, 160]
[110, 45, 163]
[113, 38, 160]
[110, 32, 157]
[107, 34, 158]
[107, 34, 159]
[104, 34, 156]
[106, 38, 154]
[113, 39, 157]
[119, 37, 158]
[116, 36, 158]
[112, 36, 158]
[106, 43, 159]
[106, 43, 159]
[108, 40, 158]
[110, 37, 158]
[110, 33, 156]
[106, 32, 152]
[110, 33, 153]
[113, 39, 158]
[110, 41, 157]
[113, 46, 161]
[109, 53, 160]
[111, 44, 158]
[111, 49, 160]
[111, 43, 159]
[107, 49, 160]
[109, 44, 158]
[106, 44, 156]
[107, 49, 160]
[108, 41, 156]
[106, 44, 156]
[106, 44, 155]
[110, 41, 156]
[111, 50, 159]
[115, 52, 163]
[111, 50, 159]
[110, 47, 156]
[113, 40, 154]
[109, 45, 154]
[113, 47, 158]
[109, 45, 154]
[111, 44, 157]
[110, 47, 157]
[107, 48, 155]
[106, 52, 157]
[109, 45, 154]
[111, 44, 156]
[113, 39, 155]
[110, 41, 154]
[111, 44, 156]
[110, 41, 154]
[111, 50, 158]
[110, 56, 160]
[110, 56, 160]
[110, 56, 160]
[110, 48, 155]
[111, 44, 156]
[113, 40, 154]
[113, 43, 155]
[115, 46, 154]
[113, 49, 151]
[109, 56, 151]
[108, 60, 153]
[106, 60, 152]
[109, 55, 153]
[109, 55, 153]
[109, 55, 153]
[109, 56, 151]
[110, 59, 152]
[111, 63, 149]
[113, 62, 145]
[113, 53, 149]
[115, 54, 156]
[114, 63, 158]
[111, 70, 153]
[110, 77, 153]
[110, 78, 151]
[112, 68, 147]
[115, 63, 149]
[113, 75, 153]
[112, 87, 153]
[109, 87, 150]
[110, 79, 149]
[110, 79, 148]
[110, 79, 149]
[112, 78, 151]
[108, 30, 155]
[110, 32, 157]
[112, 36, 158]
[112, 36, 158]
[113, 38, 161]
[112, 35, 159]
[106, 31, 155]
[107, 34, 157]
[106, 37, 157]
[110, 37, 158]
[110, 40, 158]
[108, 40, 158]
[106, 37, 157]
[106, 31, 155]
[110, 33, 156]
[106, 32, 152]
[110, 37, 158]
[109, 43, 160]
[108, 40, 159]
[110, 37, 158]
[104, 46, 156]
[106, 44, 158]
[110, 40, 161]
[111, 48, 165]
[111, 48, 165]
[107, 48, 164]
[106, 50, 163]
[102, 52, 161]
[103, 55, 162]
[102, 53, 160]
[104, 54, 162]
[105, 48, 158]
[107, 46, 160]
[110, 45, 163]
[109, 43, 160]
[111, 43, 160]
[110, 40, 158]
[107, 34, 156]
[107, 35, 154]
[104, 35, 151]
[106, 38, 154]
[112, 36, 156]
[113, 41, 160]
[113, 39, 157]
[110, 38, 156]
[106, 37, 157]
[103, 41, 157]
[109, 44, 158]
[110, 46, 160]
[110, 38, 156]
[108, 41, 156]
[110, 38, 155]
[109, 44, 156]
[110, 41, 155]
[111, 49, 160]
[109, 52, 161]
[111, 49, 160]
[111, 50, 159]
[110, 41, 155]
[110, 47, 158]
[110, 38, 155]
[108, 41, 155]
[110, 41, 156]
[109, 45, 154]
[110, 41, 154]
[109, 44, 155]
[113, 47, 159]
[112, 52, 161]
[115, 52, 161]
[111, 50, 158]
[109, 45, 154]
[113, 42, 156]
[113, 40, 154]
[113, 42, 157]
[113, 39, 155]
[111, 44, 158]
[111, 44, 158]
[109, 44, 157]
[110, 47, 159]
[109, 44, 155]
[116, 36, 155]
[116, 37, 153]
[113, 41, 151]
[111, 44, 156]
[110, 47, 156]
[108, 58, 159]
[108, 59, 156]
[108, 65, 158]
[107, 61, 159]
[108, 56, 154]
[109, 47, 148]
[110, 49, 152]
[111, 45, 153]
[113, 49, 152]
[111, 61, 155]
[108, 60, 154]
[108, 65, 157]
[108, 59, 155]
[108, 57, 153]
[109, 55, 153]
[108, 60, 154]
[108, 60, 153]
[113, 58, 154]
[112, 55, 152]
[113, 58, 154]
[115, 50, 153]
[115, 55, 154]
[114, 64, 155]
[111, 70, 153]
[110, 76, 154]
[109, 74, 152]
[112, 66, 150]
[115, 62, 152]
[113, 75, 153]
[113, 79, 154]
[109, 85, 153]
[110, 82, 153]
[111, 81, 152]
[109, 76, 148]
[112, 78, 150]
[116, 35, 161]
[116, 35, 160]
[113, 38, 161]
[111, 42, 163]
[111, 42, 164]
[109, 43, 161]
[107, 49, 162]
[107, 47, 158]
[108, 41, 155]
[110, 38, 156]
[110, 37, 160]
[106, 37, 157]
[107, 34, 157]
[102, 38, 154]
[102, 38, 155]
[103, 40, 158]
[111, 42, 164]
[109, 43, 160]
[111, 43, 160]
[107, 46, 160]
[106, 50, 162]
[103, 51, 160]
[108, 53, 165]
[109, 51, 165]
[106, 50, 163]
[104, 45, 159]
[100, 45, 157]
[105, 48, 160]
[106, 50, 162]
[103, 51, 160]
[105, 48, 161]
[106, 56, 165]
[107, 48, 163]
[110, 45, 163]
[111, 42, 163]
[109, 52, 162]
[107, 50, 159]
[108, 40, 158]
[107, 34, 157]
[106, 37, 157]
[107, 34, 156]
[108, 40, 159]
[110, 40, 161]
[108, 40, 159]
[106, 38, 156]
[110, 33, 156]
[110, 38, 156]
[109, 44, 157]
[111, 44, 158]
[109, 44, 157]
[110, 46, 160]
[110, 41, 157]
[110, 41, 156]
[110, 46, 160]
[113, 46, 161]
[110, 47, 159]
[109, 44, 156]
[111, 44, 157]
[111, 44, 156]
[109, 44, 155]
[111, 44, 157]
[109, 45, 154]
[109, 44, 155]
[111, 44, 157]
[111, 44, 157]
[107, 48, 155]
[113, 47, 159]
[112, 53, 160]
[111, 44, 155]
[112, 36, 154]
[112, 36, 154]
[112, 37, 153]
[111, 44, 156]
[110, 41, 154]
[110, 41, 154]
[110, 47, 156]
[110, 47, 156]
[110, 41, 154]
[110, 47, 157]
[110, 41, 154]
[110, 41, 154]
[113, 47, 157]
[112, 54, 157]
[113, 50, 157]
[113, 56, 159]
[110, 57, 157]
[108, 63, 162]
[108, 57, 160]
[105, 65, 160]
[106, 68, 161]
[107, 62, 156]
[108, 65, 157]
[110, 61, 158]
[110, 57, 157]
[111, 59, 159]
[110, 57, 157]
[113, 56, 158]
[112, 54, 155]
[113, 57, 157]
[112, 55, 153]
[113, 58, 154]
[113, 58, 154]
[113, 58, 155]
[115, 50, 152]
[120, 46, 149]
[116, 57, 152]
[114, 65, 153]
[116, 64, 156]
[113, 70, 156]
[112, 66, 151]
[115, 56, 149]
[114, 63, 150]
[115, 62, 151]
[113, 75, 153]
[111, 80, 153]
[112, 75, 150]
[110, 78, 151]
[109, 74, 151]
[113, 76, 151]
[113, 79, 146]
[111, 43, 159]
[110, 41, 157]
[110, 41, 157]
[110, 46, 160]
[110, 46, 160]
[109, 44, 157]
[106, 43, 159]
[108, 40, 160]
[110, 37, 160]
[107, 46, 160]
[106, 50, 162]
[105, 48, 161]
[102, 48, 159]
[106, 44, 156]
[108, 41, 155]
[109, 44, 158]
[111, 42, 162]
[109, 43, 161]
[108, 40, 159]
[110, 37, 159]
[108, 40, 160]
[106, 43, 160]
[109, 43, 161]
[111, 48, 164]
[111, 42, 163]
[108, 40, 158]
[110, 37, 158]
[108, 40, 158]
[110, 45, 164]
[107, 46, 162]
[104, 53, 164]
[107, 45, 163]
[109, 42, 162]
[110, 45, 163]
[110, 40, 160]
[107, 48, 163]
[107, 48, 164]
[107, 48, 163]
[109, 43, 160]
[109, 43, 160]
[110, 37, 159]
[108, 40, 160]
[108, 40, 160]
[110, 37, 160]
[110, 37, 160]
[108, 40, 159]
[112, 36, 156]
[110, 40, 158]
[110, 46, 160]
[110, 38, 156]
[106, 31, 154]
[110, 32, 157]
[110, 37, 159]
[108, 40, 159]
[110, 45, 163]
[113, 38, 161]
[112, 35, 159]
[110, 37, 158]
[110, 40, 158]
[110, 47, 159]
[110, 41, 156]
[110, 47, 158]
[111, 44, 158]
[109, 44, 155]
[111, 44, 157]
[109, 44, 155]
[111, 44, 158]
[109, 44, 155]
[113, 39, 156]
[113, 30, 153]
[107, 35, 153]
[110, 38, 154]
[109, 44, 156]
[108, 55, 159]
[108, 55, 159]
[111, 50, 158]
[111, 50, 158]
[107, 51, 156]
[110, 47, 156]
[110, 48, 153]
[111, 44, 155]
[112, 54, 157]
[113, 50, 157]
[114, 59, 161]
[112, 54, 157]
[115, 53, 159]
[109, 54, 155]
[108, 58, 157]
[106, 69, 159]
[107, 71, 161]
[107, 66, 159]
[108, 64, 159]
[107, 62, 156]
[111, 60, 157]
[112, 55, 154]
[113, 58, 155]
[112, 55, 154]
[115, 54, 157]
[112, 54, 157]
[113, 50, 157]
[115, 54, 157]
[115, 50, 152]
[116, 54, 152]
[115, 51, 149]
[115, 58, 153]
[114, 65, 154]
[116, 63, 157]
[114, 65, 154]
[112, 68, 153]
[112, 69, 152]
[114, 65, 152]
[117, 61, 151]
[115, 62, 151]
[112, 76, 155]
[112, 77, 153]
[111, 81, 152]
[111, 88, 154]
[111, 88, 148]
[113, 83, 148]
[112, 89, 149]
[110, 37, 159]
[106, 43, 159]
[104, 45, 158]
[102, 49, 156]
[104, 45, 158]
[106, 43, 160]
[103, 40, 158]
[103, 40, 158]
[100, 45, 157]
[105, 47, 162]
[103, 50, 162]
[106, 50, 164]
[107, 48, 163]
[108, 40, 158]
[109, 43, 160]
[110, 40, 160]
[110, 46, 162]
[109, 43, 160]
[110, 45, 163]
[112, 36, 158]
[112, 35, 159]
[110, 37, 159]
[110, 37, 160]
[110, 37, 159]
[107, 34, 156]
[110, 33, 156]
[113, 26, 156]
[110, 32, 157]
[106, 31, 155]
[106, 37, 158]
[106, 31, 157]
[106, 37, 160]
[109, 42, 163]
[109, 42, 163]
[110, 45, 165]
[110, 39, 163]
[109, 42, 162]
[111, 42, 162]
[110, 40, 160]
[107, 34, 158]
[106, 37, 159]
[110, 36, 161]
[110, 45, 164]
[106, 44, 158]
[102, 42, 158]
[103, 40, 158]
[104, 34, 156]
[110, 32, 157]
[110, 37, 158]
[107, 47, 158]
[108, 41, 156]
[106, 38, 156]
[107, 34, 156]
[108, 40, 159]
[108, 40, 160]
[110, 37, 160]
[108, 40, 158]
[110, 38, 155]
[109, 44, 156]
[110, 38, 155]
[112, 36, 156]
[110, 38, 155]
[108, 41, 155]
[113, 39, 156]
[113, 39, 155]
[113, 42, 156]
[111, 44, 157]
[109, 44, 155]
[111, 44, 158]
[109, 44, 157]
[106, 51, 160]
[106, 58, 159]
[108, 57, 160]
[106, 58, 158]
[107, 48, 155]
[107, 51, 156]
[104, 56, 156]
[107, 61, 160]
[106, 53, 153]
[110, 47, 156]
[113, 49, 160]
[112, 53, 159]
[115, 52, 161]
[115, 45, 158]
[116, 51, 161]
[115, 48, 159]
[115, 53, 159]
[108, 56, 155]
[106, 59, 155]
[108, 58, 157]
[108, 59, 155]
[108, 57, 153]
[112, 54, 156]
[112, 55, 154]
[113, 57, 156]
[115, 50, 154]
[116, 53, 154]
[116, 56, 156]
[114, 61, 154]
[115, 55, 152]
[112, 55, 153]
[115, 49, 155]
[120, 45, 153]
[116, 56, 156]
[112, 65, 154]
[109, 70, 153]
[113, 59, 150]
[114, 64, 155]
[114, 64, 155]
[115, 59, 152]
[115, 67, 156]
[112, 68, 154]
[111, 72, 149]
[113, 73, 150]
[113, 74, 149]
[108, 79, 146]
[110, 92, 152]
[109, 98, 149]
[110, 103, 156]
[112, 95, 153]
[106, 43, 159]
[104, 45, 160]
[104, 45, 160]
[102, 48, 160]
[102, 48, 159]
[107, 47, 156]
[103, 52, 157]
[107, 47, 158]
[103, 51, 161]
[105, 47, 162]
[103, 51, 161]
[106, 50, 164]
[105, 47, 162]
[109, 43, 161]
[110, 40, 161]
[112, 35, 159]
[110, 37, 160]
[109, 42, 162]
[108, 40, 158]
[112, 36, 158]
[112, 35, 160]
[112, 35, 160]
[107, 34, 159]
[110, 32, 158]
[106, 37, 158]
[106, 31, 156]
[110, 32, 159]
[108, 29, 158]
[104, 34, 157]
[107, 34, 158]
[106, 37, 159]
[106, 31, 158]
[107, 33, 160]
[109, 42, 163]
[110, 45, 165]
[110, 39, 162]
[110, 45, 164]
[110, 40, 161]
[110, 37, 158]
[110, 33, 156]
[107, 35, 154]
[110, 41, 157]
[110, 47, 159]
[106, 44, 158]
[102, 42, 158]
[103, 40, 158]
[106, 31, 155]
[106, 37, 157]
[110, 37, 160]
[107, 46, 162]
[108, 40, 160]
[108, 40, 159]
[109, 43, 161]
[110, 37, 159]
[110, 46, 160]
[110, 40, 158]
[110, 40, 158]
[109, 44, 157]
[108, 41, 156]
[110, 32, 157]
[110, 32, 157]
[107, 34, 157]
[108, 40, 158]
[113, 39, 157]
[113, 39, 156]
[113, 42, 156]
[109, 45, 154]
[111, 44, 156]
[110, 47, 156]
[105, 49, 155]
[104, 55, 158]
[105, 62, 160]
[107, 61, 160]
[106, 58, 158]
[109, 44, 155]
[107, 50, 157]
[108, 57, 161]
[107, 61, 160]
[108, 55, 157]
[107, 51, 155]
[113, 47, 158]
[112, 53, 160]
[113, 49, 160]
[111, 51, 155]
[113, 51, 154]
[115, 50, 154]
[115, 54, 155]
[111, 52, 152]
[111, 51, 154]
[110, 58, 155]
[107, 61, 159]
[108, 58, 159]
[109, 54, 157]
[112, 54, 156]
[113, 58, 155]
[113, 52, 153]
[114, 60, 157]
[115, 57, 157]
[115, 57, 156]
[114, 60, 156]
[112, 55, 152]
[115, 55, 154]
[115, 55, 154]
[115, 61, 155]
[111, 70, 153]
[109, 71, 151]
[112, 65, 154]
[114, 60, 156]
[114, 65, 153]
[115, 60, 149]
[111, 71, 151]
[111, 70, 152]
[112, 74, 151]
[112, 71, 148]
[112, 75, 149]
[111, 83, 148]
[109, 98, 149]
[110, 92, 147]
[111, 93, 151]
[113, 95, 150]
[106, 36, 161]
[100, 39, 158]
[104, 45, 160]
[102, 48, 160]
[110, 45, 164]
[109, 43, 161]
[111, 42, 162]
[109, 44, 158]
[107, 50, 159]
[105, 48, 158]
[106, 50, 163]
[103, 50, 162]
[104, 53, 164]
[106, 43, 160]
[110, 37, 160]
[110, 32, 158]
[106, 37, 159]
[106, 31, 157]
[108, 40, 160]
[112, 35, 160]
[113, 38, 163]
[112, 35, 161]
[108, 29, 157]
[110, 32, 159]
[107, 34, 159]
[104, 34, 157]
[104, 34, 156]
[107, 34, 158]
[106, 37, 158]
[106, 31, 156]
[110, 37, 159]
[112, 36, 158]
[108, 40, 158]
[110, 40, 161]
[107, 34, 158]
[107, 34, 156]
[106, 31, 155]
[103, 40, 158]
[107, 34, 158]
[108, 40, 160]
[110, 40, 161]
[108, 40, 159]
[104, 35, 154]
[106, 38, 154]
[107, 34, 156]
[108, 40, 158]
[109, 44, 158]
[109, 44, 157]
[110, 46, 160]
[113, 39, 157]
[113, 39, 155]
[113, 42, 158]
[119, 34, 156]
[113, 42, 157]
[109, 44, 155]
[113, 46, 160]
[111, 44, 158]
[110, 47, 158]
[111, 43, 159]
[110, 38, 154]
[108, 42, 153]
[110, 38, 154]
[109, 44, 156]
[110, 41, 156]
[110, 41, 156]
[113, 46, 160]
[111, 44, 157]
[110, 47, 157]
[110, 47, 158]
[110, 41, 157]
[107, 50, 158]
[108, 57, 160]
[113, 55, 163]
[112, 52, 161]
[110, 47, 157]
[110, 41, 155]
[110, 47, 158]
[109, 44, 155]
[111, 44, 157]
[109, 44, 155]
[107, 50, 157]
[109, 53, 159]
[111, 59, 161]
[112, 54, 157]
[110, 57, 156]
[113, 56, 158]
[114, 59, 159]
[112, 63, 158]
[112, 63, 157]
[112, 63, 158]
[112, 55, 154]
[111, 60, 157]
[110, 62, 156]
[110, 58, 154]
[111, 60, 156]
[110, 58, 154]
[111, 60, 156]
[110, 58, 154]
[115, 54, 156]
[112, 63, 158]
[114, 63, 159]
[114, 60, 156]
[114, 64, 155]
[112, 65, 152]
[109, 70, 152]
[110, 60, 148]
[112, 57, 147]
[114, 63, 150]
[111, 71, 151]
[112, 70, 149]
[112, 70, 149]
[112, 74, 151]
[111, 72, 149]
[113, 75, 153]
[113, 83, 153]
[113, 82, 150]
[110, 91, 154]
[110, 90, 151]
[111, 100, 151]
[113, 97, 147]
[104, 34, 159]
[103, 40, 159]
[104, 53, 165]
[105, 47, 162]
[110, 45, 164]
[109, 42, 162]
[111, 42, 164]
[109, 42, 162]
[107, 46, 162]
[107, 46, 162]
[104, 45, 160]
[105, 47, 162]
[102, 48, 160]
[103, 40, 159]
[108, 40, 160]
[112, 35, 159]
[110, 32, 157]
[108, 29, 156]
[112, 35, 160]
[113, 38, 161]
[110, 40, 161]
[113, 40, 164]
[113, 38, 162]
[107, 34, 158]
[106, 37, 158]
[106, 31, 156]
[106, 37, 158]
[107, 34, 157]
[107, 34, 159]
[108, 40, 161]
[110, 39, 162]
[113, 38, 160]
[113, 41, 162]
[110, 37, 159]
[107, 34, 157]
[106, 37, 157]
[103, 41, 157]
[102, 38, 156]
[106, 37, 158]
[109, 42, 162]
[110, 37, 160]
[108, 40, 159]
[108, 40, 159]
[110, 37, 159]
[109, 44, 158]
[110, 41, 157]
[111, 43, 159]
[109, 44, 157]
[110, 41, 157]
[116, 38, 160]
[116, 36, 158]
[113, 41, 160]
[113, 39, 157]
[113, 41, 162]
[110, 40, 158]
[111, 43, 159]
[109, 44, 155]
[111, 44, 157]
[109, 44, 156]
[111, 44, 158]
[107, 50, 157]
[107, 48, 155]
[109, 44, 155]
[113, 42, 158]
[113, 39, 157]
[111, 43, 159]
[110, 41, 157]
[110, 46, 160]
[111, 43, 159]
[110, 41, 157]
[110, 41, 156]
[111, 50, 159]
[115, 52, 163]
[111, 50, 159]
[111, 44, 156]
[110, 47, 156]
[110, 41, 154]
[109, 45, 154]
[113, 40, 154]
[110, 41, 154]
[109, 44, 155]
[107, 50, 158]
[113, 48, 163]
[112, 52, 161]
[112, 52, 161]
[112, 61, 164]
[111, 65, 165]
[111, 67, 161]
[112, 66, 158]
[114, 63, 159]
[115, 56, 158]
[111, 60, 156]
[110, 58, 154]
[108, 57, 152]
[110, 49, 151]
[111, 52, 152]
[113, 52, 153]
[112, 55, 153]
[115, 57, 156]
[114, 60, 157]
[111, 61, 155]
[111, 61, 154]
[114, 62, 152]
[114, 62, 152]
[115, 56, 149]
[112, 66, 150]
[111, 71, 151]
[111, 70, 152]
[111, 70, 152]
[113, 75, 153]
[113, 76, 151]
[114, 78, 154]
[113, 82, 155]
[112, 87, 147]
[112, 89, 149]
[113, 86, 148]
[111, 91, 148]
[111, 99, 152]
[110, 106, 152]
[113, 106, 151]
[110, 45, 164]
[107, 46, 162]
[109, 42, 162]
[110, 45, 163]
[110, 45, 163]
[110, 37, 159]
[111, 42, 164]
[109, 43, 161]
[109, 43, 161]
[111, 42, 163]
[109, 43, 161]
[111, 42, 162]
[107, 48, 163]
[108, 40, 158]
[108, 41, 155]
[110, 37, 158]
[108, 40, 160]
[110, 36, 161]
[110, 39, 163]
[111, 48, 166]
[113, 45, 166]
[111, 48, 164]
[109, 43, 160]
[110, 40, 160]
[108, 30, 155]
[110, 32, 158]
[113, 38, 162]
[109, 44, 158]
[111, 42, 163]
[109, 42, 162]
[110, 45, 164]
[110, 37, 159]
[104, 35, 155]
[107, 34, 158]
[110, 37, 158]
[108, 41, 156]
[110, 46, 160]
[109, 43, 160]
[113, 38, 160]
[113, 41, 163]
[109, 43, 160]
[113, 46, 162]
[109, 52, 162]
[110, 46, 162]
[110, 40, 158]
[108, 40, 158]
[107, 46, 161]
[107, 46, 161]
[111, 42, 162]
[109, 44, 158]
[111, 43, 159]
[108, 41, 155]
[108, 41, 156]
[110, 40, 160]
[110, 46, 162]
[110, 40, 158]
[109, 44, 157]
[111, 44, 157]
[110, 47, 156]
[109, 53, 158]
[110, 55, 161]
[111, 49, 160]
[110, 47, 159]
[111, 43, 159]
[109, 44, 156]
[111, 44, 158]
[110, 41, 155]
[110, 47, 157]
[110, 41, 154]
[111, 44, 156]
[110, 41, 154]
[111, 44, 156]
[110, 41, 155]
[110, 47, 156]
[109, 45, 154]
[111, 44, 156]
[111, 44, 156]
[113, 40, 154]
[119, 35, 154]
[113, 43, 155]
[110, 42, 151]
[111, 50, 157]
[113, 51, 156]
[112, 54, 155]
[116, 52, 156]
[113, 51, 154]
[113, 52, 153]
[111, 61, 155]
[110, 65, 158]
[112, 63, 158]
[108, 65, 156]
[110, 62, 157]
[111, 60, 158]
[112, 54, 155]
[115, 55, 154]
[113, 52, 153]
[111, 67, 159]
[111, 68, 158]
[112, 67, 156]
[115, 58, 153]
[115, 56, 151]
[111, 63, 150]
[112, 66, 150]
[112, 69, 152]
[112, 69, 152]
[113, 74, 155]
[115, 72, 152]
[113, 77, 149]
[113, 77, 149]
[116, 75, 153]
[116, 77, 156]
[113, 81, 152]
[111, 82, 150]
[109, 87, 149]
[111, 88, 148]
[111, 93, 151]
[115, 94, 152]
[113, 95, 150]
[114, 92, 150]
[112, 100, 151]
[107, 47, 157]
[107, 49, 160]
[111, 42, 164]
[109, 42, 164]
[110, 45, 166]
[110, 37, 160]
[110, 39, 162]
[109, 43, 161]
[109, 43, 161]
[113, 41, 163]
[111, 42, 164]
[110, 40, 160]
[110, 45, 163]
[106, 43, 160]
[107, 46, 162]
[107, 46, 162]
[111, 42, 164]
[108, 40, 160]
[107, 45, 163]
[109, 51, 166]
[111, 48, 166]
[111, 48, 166]
[110, 39, 162]
[110, 45, 164]
[106, 37, 158]
[107, 34, 157]
[110, 37, 159]
[109, 42, 162]
[107, 48, 164]
[109, 42, 162]
[111, 42, 164]
[108, 40, 158]
[107, 34, 156]
[106, 37, 157]
[110, 40, 161]
[109, 43, 161]
[109, 43, 160]
[111, 43, 160]
[113, 38, 160]
[113, 41, 160]
[111, 43, 160]
[113, 45, 164]
[106, 57, 162]
[106, 50, 162]
[109, 43, 160]
[108, 40, 158]
[105, 48, 161]
[107, 46, 161]
[109, 43, 161]
[108, 40, 159]
[110, 37, 158]
[108, 41, 155]
[106, 31, 154]
[112, 35, 159]
[110, 37, 159]
[110, 40, 160]
[110, 47, 159]
[113, 47, 158]
[115, 52, 162]
[110, 56, 160]
[110, 55, 161]
[113, 54, 164]
[113, 46, 160]
[111, 50, 158]
[111, 44, 158]
[110, 46, 160]
[107, 47, 158]
[110, 47, 159]
[113, 47, 159]
[113, 42, 157]
[110, 41, 155]
[115, 45, 158]
[109, 44, 156]
[111, 44, 158]
[110, 47, 157]
[111, 44, 156]
[110, 47, 156]
[110, 39, 152]
[116, 36, 154]
[113, 43, 153]
[113, 51, 154]
[110, 58, 154]
[112, 54, 155]
[113, 56, 159]
[116, 51, 161]
[115, 48, 159]
[113, 50, 157]
[111, 60, 156]
[112, 64, 156]
[112, 64, 156]
[108, 66, 154]
[110, 63, 154]
[110, 59, 150]
[116, 53, 154]
[113, 52, 152]
[114, 60, 156]
[111, 70, 152]
[110, 77, 153]
[112, 68, 154]
[116, 56, 154]
[116, 56, 154]
[112, 67, 155]
[112, 72, 155]
[112, 69, 152]
[114, 65, 153]
[115, 67, 155]
[116, 67, 156]
[116, 68, 153]
[116, 69, 152]
[116, 75, 152]
[117, 75, 154]
[113, 76, 151]
[111, 70, 152]
[109, 77, 156]
[109, 85, 153]
[112, 88, 156]
[113, 95, 155]
[114, 91, 151]
[115, 93, 153]
[112, 98, 149]
[107, 46, 160]
[110, 45, 164]
[107, 33, 160]
[110, 32, 159]
[108, 29, 156]
[105, 26, 154]
[106, 31, 156]
[110, 37, 160]
[110, 39, 163]
[109, 42, 163]
[110, 36, 162]
[108, 39, 162]
[104, 44, 161]
[104, 45, 160]
[103, 50, 162]
[105, 47, 162]
[106, 49, 165]
[107, 45, 163]
[106, 49, 165]
[105, 47, 162]
[106, 50, 164]
[107, 46, 162]
[106, 43, 161]
[106, 43, 161]
[110, 45, 165]
[109, 42, 162]
[110, 45, 164]
[107, 46, 162]
[105, 47, 162]
[107, 48, 164]
[111, 42, 163]
[109, 42, 162]
[105, 47, 162]
[106, 43, 160]
[108, 40, 159]
[108, 41, 156]
[109, 44, 157]
[110, 38, 155]
[110, 40, 158]
[110, 37, 158]
[110, 37, 158]
[107, 46, 161]
[106, 50, 164]
[104, 53, 164]
[103, 50, 162]
[106, 50, 163]
[107, 49, 162]
[107, 49, 162]
[107, 46, 162]
[107, 48, 164]
[109, 42, 162]
[108, 40, 159]
[106, 31, 155]
[110, 32, 157]
[110, 40, 158]
[110, 40, 160]
[109, 43, 161]
[111, 43, 160]
[111, 43, 159]
[110, 55, 163]
[110, 59, 163]
[108, 63, 162]
[110, 60, 162]
[107, 61, 160]
[106, 58, 158]
[106, 52, 156]
[105, 50, 154]
[110, 47, 159]
[110, 47, 159]
[110, 41, 156]
[110, 47, 158]
[113, 39, 155]
[111, 44, 156]
[113, 50, 157]
[112, 54, 155]
[111, 60, 157]
[112, 54, 156]
[110, 48, 153]
[109, 53, 158]
[110, 56, 160]
[112, 53, 159]
[114, 59, 161]
[115, 56, 159]
[113, 57, 156]
[113, 57, 156]
[113, 48, 153]
[113, 57, 156]
[110, 58, 153]
[112, 64, 156]
[112, 66, 158]
[115, 65, 160]
[114, 64, 156]
[113, 69, 158]
[112, 66, 158]
[115, 60, 158]
[114, 63, 158]
[113, 68, 161]
[112, 64, 156]
[114, 62, 153]
[117, 60, 154]
[112, 69, 152]
[112, 77, 153]
[110, 78, 151]
[110, 78, 151]
[116, 66, 151]
[114, 67, 148]
[115, 70, 149]
[118, 67, 152]
[119, 70, 154]
[119, 70, 153]
[116, 66, 150]
[116, 66, 151]
[112, 74, 151]
[108, 77, 149]
[111, 88, 154]
[113, 92, 156]
[113, 95, 155]
[114, 91, 151]
[112, 92, 149]
[111, 93, 146]
[110, 45, 164]
[108, 40, 160]
[113, 26, 156]
[113, 29, 159]
[113, 29, 160]
[113, 21, 156]
[106, 31, 157]
[108, 40, 160]
[106, 43, 160]
[106, 43, 160]
[110, 45, 164]
[107, 46, 161]
[104, 53, 163]
[105, 48, 160]
[106, 50, 163]
[104, 45, 160]
[102, 48, 161]
[105, 47, 162]
[103, 50, 162]
[106, 50, 164]
[107, 48, 164]
[107, 46, 162]
[105, 47, 162]
[104, 45, 159]
[107, 48, 164]
[107, 46, 161]
[110, 40, 161]
[110, 45, 163]
[111, 48, 165]
[111, 42, 162]
[113, 41, 163]
[112, 35, 160]
[110, 37, 159]
[108, 40, 158]
[110, 37, 159]
[108, 40, 159]
[110, 37, 159]
[108, 40, 160]
[108, 40, 160]
[103, 40, 158]
[102, 38, 156]
[103, 40, 158]
[107, 46, 160]
[106, 51, 160]
[104, 54, 162]
[106, 50, 162]
[109, 51, 164]
[112, 52, 163]
[113, 49, 162]
[110, 47, 159]
[110, 47, 159]
[107, 47, 157]
[110, 38, 155]
[113, 39, 157]
[113, 41, 160]
[113, 39, 157]
[110, 47, 159]
[110, 41, 156]
[109, 44, 155]
[109, 53, 159]
[107, 60, 162]
[108, 56, 163]
[110, 55, 162]
[110, 55, 162]
[109, 53, 160]
[110, 55, 161]
[111, 50, 158]
[110, 47, 156]
[110, 47, 156]
[110, 41, 155]
[111, 44, 157]
[113, 40, 154]
[110, 41, 154]
[109, 54, 157]
[107, 61, 159]
[110, 61, 159]
[112, 54, 155]
[111, 60, 156]
[110, 59, 152]
[110, 63, 154]
[112, 55, 153]
[113, 57, 156]
[116, 52, 158]
[115, 49, 156]
[113, 56, 158]
[113, 51, 156]
[110, 58, 155]
[111, 60, 156]
[116, 62, 160]
[114, 60, 156]
[115, 57, 156]
[112, 64, 156]
[112, 70, 160]
[109, 71, 158]
[113, 70, 157]
[114, 64, 156]
[114, 60, 156]
[115, 60, 158]
[116, 64, 155]
[114, 67, 149]
[113, 74, 156]
[109, 83, 156]
[108, 81, 155]
[109, 73, 154]
[112, 71, 157]
[115, 68, 154]
[115, 72, 153]
[120, 63, 153]
[119, 73, 154]
[117, 73, 151]
[115, 74, 149]
[113, 78, 148]
[113, 81, 151]
[113, 83, 147]
[114, 92, 150]
[113, 97, 147]
[114, 103, 149]
[115, 97, 147]
[114, 94, 146]
[111, 97, 145]
[106, 37, 159]
[107, 33, 160]
[113, 26, 158]
[116, 32, 160]
[118, 30, 160]
[112, 35, 160]
[110, 36, 162]
[108, 39, 162]
[110, 39, 164]
[107, 46, 162]
[107, 47, 158]
[111, 49, 161]
[113, 45, 164]
[111, 48, 165]
[109, 42, 162]
[111, 42, 164]
[110, 40, 161]
[107, 48, 163]
[105, 48, 161]
[107, 48, 163]
[111, 42, 162]
[109, 43, 160]
[107, 48, 163]
[107, 46, 162]
[110, 45, 164]
[109, 42, 162]
[109, 42, 162]
[110, 37, 160]
[113, 40, 164]
[113, 38, 161]
[113, 41, 163]
[112, 36, 158]
[106, 37, 157]
[107, 34, 158]
[104, 34, 156]
[110, 32, 158]
[108, 29, 156]
[110, 32, 157]
[110, 37, 158]
[107, 34, 157]
[107, 34, 156]
[109, 44, 158]
[107, 50, 158]
[109, 52, 162]
[107, 49, 160]
[110, 46, 160]
[110, 40, 160]
[111, 49, 162]
[115, 51, 165]
[113, 46, 162]
[111, 43, 160]
[113, 39, 156]
[110, 41, 155]
[111, 44, 158]
[112, 52, 162]
[113, 49, 161]
[113, 55, 162]
[113, 49, 160]
[111, 58, 162]
[111, 50, 159]
[109, 44, 156]
[111, 44, 158]
[109, 44, 155]
[111, 44, 156]
[115, 45, 158]
[118, 42, 158]
[118, 42, 158]
[111, 44, 156]
[113, 40, 154]
[113, 42, 156]
[113, 40, 154]
[115, 45, 157]
[111, 45, 153]
[109, 54, 155]
[108, 58, 159]
[108, 58, 157]
[110, 61, 158]
[112, 63, 158]
[113, 68, 161]
[112, 65, 160]
[113, 57, 157]
[113, 57, 157]
[113, 51, 155]
[113, 57, 156]
[110, 65, 156]
[110, 65, 157]
[110, 65, 158]
[114, 63, 158]
[115, 67, 157]
[114, 65, 154]
[108, 62, 148]
[110, 64, 152]
[111, 69, 155]
[112, 68, 154]
[115, 61, 154]
[115, 67, 156]
[114, 65, 152]
[113, 74, 155]
[114, 77, 155]
[113, 77, 159]
[113, 78, 164]
[110, 79, 159]
[107, 77, 155]
[109, 77, 155]
[111, 71, 151]
[110, 78, 151]
[110, 78, 150]
[114, 79, 152]
[113, 81, 151]
[112, 88, 150]
[112, 87, 147]
[114, 88, 151]
[117, 77, 149]
[116, 83, 151]
[118, 84, 155]
[115, 96, 154]
[114, 102, 150]
[115, 99, 149]
[113, 104, 150]
[113, 106, 152]
[108, 39, 163]
[106, 36, 161]
[106, 31, 158]
[112, 35, 161]
[118, 30, 161]
[112, 35, 162]
[108, 39, 163]
[110, 36, 162]
[110, 39, 163]
[109, 42, 162]
[109, 42, 162]
[110, 45, 164]
[109, 43, 161]
[113, 41, 163]
[109, 42, 162]
[111, 42, 164]
[111, 42, 164]
[107, 48, 164]
[110, 45, 164]
[108, 40, 160]
[111, 42, 164]
[109, 42, 162]
[107, 46, 161]
[109, 43, 161]
[111, 42, 164]
[109, 42, 162]
[108, 40, 160]
[107, 34, 158]
[108, 40, 160]
[110, 39, 162]
[110, 45, 164]
[110, 37, 160]
[108, 40, 160]
[110, 37, 160]
[110, 37, 160]
[113, 29, 158]
[113, 26, 156]
[118, 30, 159]
[118, 31, 158]
[110, 33, 154]
[107, 34, 156]
[109, 43, 160]
[110, 46, 160]
[111, 49, 160]
[111, 43, 159]
[110, 46, 160]
[109, 43, 160]
[115, 44, 162]
[113, 46, 161]
[111, 43, 159]
[109, 44, 156]
[113, 42, 157]
[113, 40, 154]
[113, 47, 158]
[115, 52, 163]
[112, 52, 162]
[113, 54, 165]
[113, 49, 162]
[115, 52, 162]
[111, 50, 158]
[111, 50, 159]
[111, 44, 157]
[111, 44, 157]
[110, 41, 155]
[115, 45, 159]
[118, 45, 160]
[120, 43, 160]
[113, 42, 156]
[110, 41, 155]
[115, 45, 159]
[113, 55, 162]
[113, 47, 158]
[113, 49, 160]
[110, 56, 160]
[110, 60, 162]
[108, 58, 157]
[107, 62, 156]
[110, 65, 158]
[110, 73, 160]
[110, 65, 156]
[111, 62, 152]
[113, 59, 151]
[113, 53, 150]
[112, 65, 154]
[112, 67, 155]
[110, 67, 152]
[113, 69, 158]
[114, 64, 155]
[115, 62, 153]
[115, 67, 156]
[109, 70, 153]
[110, 65, 150]
[112, 68, 154]
[112, 68, 153]
[115, 62, 153]
[115, 68, 154]
[112, 73, 154]
[112, 75, 156]
[112, 75, 156]
[112, 81, 157]
[112, 84, 157]
[111, 84, 155]
[110, 81, 155]
[110, 80, 157]
[111, 80, 153]
[109, 79, 151]
[111, 86, 157]
[111, 84, 154]
[111, 90, 156]
[111, 90, 155]
[114, 86, 154]
[112, 89, 149]
[112, 89, 149]
[115, 86, 151]
[115, 89, 152]
[116, 93, 151]
[115, 99, 150]
[114, 103, 149]
[113, 100, 148]
[113, 103, 151]
[110, 36, 161]
[108, 40, 161]
[108, 40, 161]
[110, 37, 160]
[110, 32, 158]
[112, 35, 161]
[108, 39, 162]
[110, 36, 161]
[109, 42, 163]
[110, 39, 162]
[110, 39, 162]
[108, 40, 160]
[110, 37, 160]
[112, 35, 161]
[109, 42, 162]
[110, 37, 160]
[110, 40, 161]
[106, 43, 160]
[110, 36, 161]
[108, 40, 161]
[109, 42, 162]
[110, 39, 162]
[110, 40, 161]
[109, 44, 158]
[113, 42, 159]
[113, 39, 158]
[110, 39, 162]
[107, 34, 158]
[108, 40, 160]
[110, 37, 160]
[111, 42, 164]
[107, 46, 162]
[107, 48, 163]
[106, 43, 160]
[106, 42, 163]
[110, 32, 160]
[113, 26, 157]
[118, 30, 160]
[116, 38, 162]
[113, 39, 158]
[109, 44, 158]
[110, 46, 162]
[111, 42, 163]
[111, 48, 164]
[111, 49, 162]
[111, 43, 160]
[110, 46, 160]
[113, 41, 162]
[109, 43, 160]
[111, 43, 160]
[113, 46, 162]
[112, 52, 163]
[115, 51, 164]
[112, 52, 161]
[113, 49, 160]
[111, 50, 158]
[111, 50, 158]
[111, 50, 158]
[115, 52, 163]
[110, 56, 160]
[110, 56, 160]
[111, 50, 158]
[110, 47, 157]
[113, 40, 154]
[115, 45, 157]
[115, 48, 159]
[118, 45, 157]
[115, 45, 157]
[113, 50, 157]
[110, 57, 157]
[112, 54, 157]
[111, 59, 161]
[108, 63, 161]
[108, 58, 157]
[110, 64, 160]
[109, 67, 159]
[108, 65, 157]
[111, 67, 160]
[109, 70, 160]
[110, 63, 154]
[110, 58, 154]
[112, 63, 159]
[111, 67, 159]
[111, 68, 158]
[109, 73, 154]
[112, 72, 156]
[111, 70, 154]
[110, 75, 156]
[116, 64, 155]
[114, 65, 154]
[114, 65, 153]
[112, 74, 151]
[112, 74, 151]
[112, 70, 149]
[115, 59, 150]
[114, 62, 151]
[113, 71, 155]
[112, 76, 155]
[113, 82, 155]
[111, 83, 157]
[112, 82, 161]
[112, 79, 161]
[113, 77, 158]
[112, 84, 157]
[112, 82, 155]
[111, 87, 156]
[111, 93, 156]
[112, 93, 157]
[110, 102, 152]
[112, 102, 153]
[110, 104, 150]
[111, 98, 149]
[109, 97, 145]
[111, 91, 149]
[112, 91, 151]
[115, 88, 153]
[114, 92, 149]
[115, 94, 152]
[114, 92, 149]
[113, 99, 149]
[109, 42, 163]
[110, 39, 163]
[110, 45, 165]
[110, 37, 160]
[108, 40, 160]
[107, 34, 159]
[110, 36, 161]
[108, 40, 160]
[108, 40, 160]
[110, 39, 162]
[110, 45, 164]
[109, 43, 161]
[110, 37, 160]
[108, 40, 160]
[108, 40, 160]
[108, 40, 160]
[107, 46, 162]
[103, 40, 158]
[106, 37, 160]
[112, 35, 161]
[112, 35, 160]
[110, 39, 162]
[110, 45, 164]
[110, 39, 162]
[113, 40, 165]
[113, 38, 163]
[112, 35, 161]
[112, 35, 161]
[106, 31, 157]
[110, 32, 159]
[110, 37, 160]
[109, 42, 162]
[106, 50, 162]
[103, 51, 160]
[104, 45, 159]
[106, 37, 157]
[104, 35, 155]
[110, 37, 159]
[110, 40, 160]
[110, 47, 159]
[111, 49, 161]
[109, 44, 155]
[109, 44, 156]
[113, 39, 157]
[109, 44, 158]
[111, 43, 160]
[110, 40, 158]
[110, 47, 159]
[110, 46, 160]
[110, 40, 158]
[112, 52, 162]
[113, 49, 161]
[108, 57, 160]
[111, 58, 162]
[111, 58, 162]
[110, 55, 161]
[110, 56, 160]
[113, 55, 163]
[113, 54, 164]
[112, 52, 161]
[108, 63, 163]
[110, 55, 161]
[111, 50, 157]
[110, 47, 156]
[110, 47, 156]
[115, 45, 157]
[115, 48, 159]
[115, 48, 159]
[112, 53, 159]
[115, 53, 159]
[112, 54, 156]
[110, 62, 157]
[108, 65, 157]
[108, 59, 155]
[110, 58, 154]
[112, 63, 157]
[115, 60, 158]
[112, 66, 158]
[111, 69, 156]
[108, 67, 152]
[108, 62, 149]
[112, 65, 153]
[112, 71, 157]
[108, 74, 155]
[109, 72, 155]
[109, 78, 154]
[110, 77, 153]
[109, 73, 153]
[115, 67, 157]
[114, 64, 155]
[113, 69, 158]
[111, 68, 158]
[111, 70, 153]
[115, 68, 153]
[114, 63, 149]
[115, 60, 149]
[115, 71, 155]
[113, 79, 155]
[113, 81, 157]
[112, 83, 154]
[112, 86, 154]
[113, 81, 151]
[114, 86, 155]
[112, 88, 156]
[113, 82, 155]
[111, 88, 154]
[112, 91, 151]
[113, 93, 153]
[113, 93, 153]
[112, 98, 154]
[112, 100, 151]
[111, 100, 145]
[110, 98, 143]
[112, 93, 148]
[114, 91, 151]
[113, 95, 150]
[113, 97, 152]
[116, 101, 151]
[115, 99, 144]
[115, 97, 147]
[111, 41, 166]
[109, 42, 163]
[111, 42, 164]
[108, 40, 161]
[106, 43, 160]
[106, 43, 160]
[106, 43, 161]
[106, 42, 162]
[109, 42, 164]
[110, 39, 162]
[106, 50, 163]
[104, 45, 160]
[100, 45, 159]
[103, 40, 161]
[106, 36, 161]
[110, 32, 160]
[108, 29, 156]
[112, 35, 161]
[116, 35, 162]
[113, 38, 162]
[110, 45, 165]
[110, 39, 162]
[110, 39, 162]
[110, 45, 164]
[107, 34, 158]
[110, 32, 160]
[107, 34, 158]
[112, 35, 159]
[108, 29, 157]
[110, 36, 161]
[107, 34, 158]
[106, 43, 160]
[107, 46, 162]
[106, 43, 160]
[104, 35, 154]
[107, 34, 156]
[106, 38, 153]
[110, 41, 157]
[110, 41, 156]
[110, 47, 159]
[110, 40, 158]
[110, 46, 162]
[111, 42, 162]
[109, 44, 158]
[111, 49, 161]
[113, 46, 161]
[113, 48, 164]
[111, 49, 161]
[110, 47, 159]
[111, 43, 159]
[110, 41, 156]
[111, 49, 161]
[111, 58, 164]
[110, 55, 161]
[108, 63, 163]
[108, 57, 161]
[111, 58, 163]
[112, 52, 161]
[113, 55, 162]
[113, 49, 160]
[110, 55, 162]
[107, 60, 162]
[107, 64, 163]
[110, 56, 160]
[113, 55, 161]
[113, 50, 157]
[113, 57, 157]
[113, 51, 154]
[113, 51, 154]
[113, 57, 157]
[115, 53, 158]
[112, 54, 156]
[110, 62, 157]
[110, 62, 156]
[108, 66, 155]
[108, 73, 158]
[109, 76, 158]
[109, 71, 158]
[109, 71, 158]
[110, 75, 157]
[113, 73, 157]
[112, 68, 154]
[109, 72, 156]
[113, 70, 157]
[113, 70, 157]
[112, 67, 155]
[113, 70, 156]
[114, 65, 154]
[113, 70, 156]
[112, 67, 155]
[112, 74, 159]
[111, 82, 158]
[113, 81, 157]
[115, 72, 153]
[116, 68, 153]
[113, 75, 153]
[115, 80, 157]
[114, 78, 154]
[116, 75, 154]
[116, 78, 154]
[117, 76, 157]
[115, 82, 158]
[113, 92, 160]
[114, 88, 157]
[113, 94, 158]
[111, 96, 151]
[111, 96, 151]
[109, 98, 154]
[109, 99, 152]
[111, 96, 151]
[111, 88, 148]
[112, 86, 155]
[112, 83, 153]
[114, 86, 155]
[113, 95, 155]
[111, 100, 151]
[113, 107, 155]
[114, 108, 153]
[114, 106, 149]
[114, 111, 147]
[107, 45, 164]
[107, 45, 165]
[109, 42, 165]
[108, 39, 162]
[106, 42, 162]
[104, 44, 161]
[107, 46, 162]
[109, 42, 163]
[110, 45, 166]
[110, 39, 164]
[106, 49, 167]
[104, 44, 163]
[102, 47, 163]
[108, 40, 161]
[108, 40, 160]
[110, 32, 158]
[116, 25, 156]
[116, 32, 160]
[116, 35, 162]
[112, 35, 160]
[109, 42, 163]
[110, 39, 162]
[110, 45, 165]
[110, 36, 162]
[110, 32, 160]
[108, 29, 157]
[110, 32, 160]
[112, 35, 160]
[112, 35, 159]
[110, 37, 160]
[110, 36, 161]
[108, 40, 161]
[110, 37, 160]
[108, 40, 160]
[104, 34, 156]
[110, 32, 158]
[106, 37, 158]
[110, 40, 161]
[110, 40, 160]
[110, 47, 159]
[111, 44, 158]
[107, 50, 158]
[109, 44, 156]
[107, 50, 159]
[113, 46, 161]
[112, 52, 163]
[113, 48, 163]
[111, 49, 161]
[111, 44, 158]
[110, 47, 158]
[109, 45, 154]
[111, 44, 157]
[111, 49, 161]
[110, 55, 163]
[110, 59, 164]
[108, 57, 161]
[110, 59, 163]
[110, 55, 161]
[115, 52, 163]
[112, 52, 161]
[110, 55, 161]
[105, 62, 161]
[107, 65, 162]
[112, 61, 164]
[113, 50, 157]
[113, 57, 157]
[112, 54, 156]
[115, 56, 159]
[115, 54, 156]
[113, 57, 156]
[112, 55, 154]
[115, 56, 158]
[112, 63, 159]
[110, 64, 159]
[110, 65, 158]
[109, 71, 158]
[107, 76, 158]
[109, 76, 157]
[109, 72, 155]
[113, 69, 158]
[114, 64, 156]
[113, 69, 158]
[112, 68, 154]
[113, 70, 156]
[113, 70, 156]
[112, 67, 155]
[116, 63, 157]
[114, 65, 154]
[111, 70, 154]
[112, 72, 155]
[110, 84, 160]
[111, 81, 160]
[112, 83, 160]
[116, 76, 157]
[116, 77, 155]
[114, 79, 151]
[115, 82, 153]
[113, 76, 151]
[115, 80, 157]
[116, 73, 157]
[117, 73, 157]
[116, 79, 158]
[115, 88, 162]
[114, 86, 160]
[112, 93, 162]
[111, 95, 158]
[111, 95, 158]
[109, 96, 156]
[111, 93, 157]
[111, 92, 158]
[111, 92, 152]
[111, 93, 150]
[114, 90, 153]
[112, 96, 152]
[112, 96, 151]
[112, 100, 151]
[113, 110, 151]
[113, 108, 149]
[113, 117, 150]
[115, 111, 152]
[106, 50, 164]
[106, 43, 161]
[107, 33, 160]
[106, 37, 160]
[102, 28, 156]
[108, 39, 162]
[113, 40, 165]
[111, 42, 164]
[110, 45, 164]
[110, 36, 161]
[104, 34, 157]
[106, 37, 159]
[104, 34, 157]
[110, 37, 160]
[113, 38, 161]
[110, 32, 157]
[110, 32, 157]
[113, 38, 160]
[113, 41, 163]
[112, 35, 160]
[110, 32, 158]
[107, 34, 158]
[110, 32, 158]
[112, 35, 160]
[116, 32, 161]
[110, 32, 158]
[106, 31, 156]
[108, 40, 160]
[110, 45, 164]
[110, 39, 162]
[109, 42, 162]
[110, 37, 160]
[108, 40, 160]
[107, 34, 157]
[106, 32, 152]
[108, 40, 158]
[107, 34, 156]
[108, 40, 159]
[109, 42, 162]
[113, 45, 165]
[110, 55, 163]
[110, 60, 162]
[108, 57, 161]
[106, 57, 160]
[106, 57, 161]
[109, 52, 161]
[109, 52, 162]
[109, 51, 164]
[111, 57, 166]
[113, 49, 162]
[113, 55, 162]
[109, 54, 157]
[109, 53, 158]
[106, 52, 156]
[104, 55, 158]
[107, 50, 157]
[109, 53, 159]
[109, 53, 159]
[108, 55, 158]
[108, 55, 158]
[108, 57, 160]
[107, 61, 160]
[109, 65, 164]
[110, 60, 162]
[109, 65, 164]
[112, 62, 161]
[111, 60, 157]
[111, 60, 157]
[110, 64, 159]
[109, 70, 160]
[111, 68, 158]
[114, 60, 156]
[112, 55, 154]
[110, 62, 156]
[109, 69, 156]
[112, 66, 158]
[109, 71, 158]
[112, 70, 160]
[114, 64, 156]
[114, 60, 157]
[116, 61, 163]
[114, 62, 160]
[112, 66, 158]
[113, 69, 160]
[115, 65, 161]
[114, 63, 158]
[114, 64, 155]
[116, 64, 155]
[110, 75, 156]
[109, 83, 157]
[109, 89, 158]
[110, 88, 159]
[109, 89, 157]
[111, 84, 160]
[113, 79, 155]
[116, 76, 157]
[116, 75, 154]
[112, 77, 153]
[112, 81, 157]
[114, 77, 155]
[116, 74, 155]
[117, 73, 157]
[117, 81, 160]
[114, 84, 158]
[112, 88, 157]
[114, 86, 160]
[115, 89, 161]
[112, 92, 158]
[112, 91, 160]
[112, 98, 159]
[111, 108, 154]
[113, 102, 153]
[111, 111, 149]
[113, 106, 147]
[113, 106, 152]
[113, 104, 150]
[114, 108, 154]
[113, 110, 151]
[111, 115, 151]
[111, 122, 155]
[106, 50, 163]
[110, 45, 163]
[106, 37, 157]
[107, 34, 157]
[106, 31, 155]
[113, 29, 157]
[119, 33, 162]
[110, 39, 162]
[110, 39, 163]
[108, 39, 162]
[106, 31, 158]
[113, 29, 158]
[116, 25, 156]
[116, 32, 160]
[110, 37, 160]
[110, 37, 160]
[109, 42, 163]
[110, 39, 162]
[113, 45, 165]
[113, 38, 161]
[107, 35, 154]
[107, 34, 156]
[104, 34, 157]
[110, 32, 158]
[112, 35, 160]
[112, 35, 160]
[111, 42, 164]
[107, 46, 162]
[109, 42, 162]
[110, 45, 164]
[110, 45, 163]
[110, 40, 161]
[110, 37, 158]
[106, 38, 153]
[103, 41, 154]
[103, 41, 156]
[102, 38, 155]
[106, 43, 160]
[106, 43, 159]
[109, 52, 162]
[108, 57, 162]
[107, 66, 165]
[105, 61, 162]
[108, 62, 165]
[104, 54, 160]
[106, 51, 159]
[111, 57, 165]
[110, 55, 161]
[113, 49, 161]
[113, 55, 162]
[112, 53, 160]
[115, 52, 162]
[110, 60, 162]
[110, 56, 160]
[112, 53, 160]
[111, 50, 158]
[113, 49, 160]
[110, 56, 159]
[108, 57, 160]
[108, 55, 158]
[106, 58, 158]
[108, 57, 160]
[107, 61, 159]
[110, 64, 159]
[110, 57, 156]
[111, 60, 158]
[108, 58, 157]
[110, 61, 158]
[111, 67, 161]
[109, 70, 160]
[110, 73, 161]
[111, 66, 162]
[109, 67, 160]
[110, 62, 157]
[109, 69, 156]
[112, 66, 158]
[112, 70, 160]
[111, 68, 158]
[112, 66, 159]
[114, 62, 160]
[114, 62, 160]
[112, 66, 159]
[116, 62, 161]
[112, 65, 160]
[112, 67, 156]
[115, 67, 156]
[115, 67, 156]
[115, 61, 154]
[111, 70, 154]
[111, 81, 160]
[111, 82, 159]
[111, 84, 161]
[111, 82, 158]
[111, 85, 159]
[111, 82, 159]
[113, 74, 156]
[115, 80, 157]
[113, 79, 154]
[113, 79, 154]
[112, 83, 153]
[114, 79, 152]
[117, 75, 153]
[115, 82, 152]
[113, 85, 150]
[116, 82, 152]
[116, 82, 152]
[115, 92, 156]
[114, 89, 154]
[112, 98, 158]
[111, 95, 158]
[112, 96, 156]
[112, 104, 154]
[112, 106, 151]
[111, 108, 153]
[113, 109, 152]
[113, 99, 149]
[113, 96, 149]
[114, 102, 155]
[111, 112, 152]
[110, 120, 153]
[104, 53, 165]
[107, 46, 162]
[111, 42, 164]
[109, 42, 162]
[112, 34, 163]
[110, 32, 161]
[108, 29, 159]
[107, 33, 161]
[108, 39, 163]
[113, 37, 164]
[119, 33, 162]
[113, 29, 158]
[112, 35, 160]
[113, 38, 162]
[110, 45, 164]
[110, 39, 162]
[110, 39, 162]
[110, 45, 164]
[111, 42, 164]
[109, 42, 162]
[108, 40, 160]
[107, 34, 157]
[107, 34, 157]
[106, 37, 158]
[113, 38, 163]
[113, 38, 162]
[110, 39, 162]
[111, 42, 164]
[109, 42, 162]
[110, 37, 160]
[109, 42, 162]
[113, 38, 161]
[111, 42, 164]
[108, 40, 161]
[110, 37, 160]
[109, 42, 162]
[110, 45, 164]
[107, 46, 161]
[104, 54, 160]
[108, 54, 161]
[108, 57, 162]
[107, 60, 161]
[110, 59, 163]
[109, 53, 159]
[110, 41, 156]
[109, 53, 160]
[111, 57, 165]
[110, 55, 163]
[115, 52, 163]
[112, 52, 161]
[113, 49, 160]
[113, 55, 162]
[112, 53, 160]
[112, 61, 164]
[113, 55, 162]
[111, 58, 164]
[108, 56, 164]
[109, 53, 160]
[110, 47, 158]
[109, 44, 156]
[110, 41, 156]
[107, 50, 157]
[110, 55, 161]
[111, 58, 162]
[110, 56, 160]
[111, 59, 161]
[110, 57, 156]
[111, 60, 158]
[112, 63, 159]
[111, 67, 160]
[111, 67, 160]
[110, 73, 160]
[110, 72, 163]
[107, 68, 161]
[110, 63, 163]
[109, 67, 161]
[110, 72, 163]
[111, 67, 160]
[110, 72, 162]
[111, 68, 158]
[114, 63, 158]
[115, 65, 160]
[115, 67, 156]
[114, 64, 155]
[113, 69, 158]
[112, 72, 156]
[113, 69, 158]
[114, 63, 159]
[112, 66, 159]
[113, 71, 162]
[116, 75, 159]
[113, 75, 153]
[112, 82, 155]
[112, 76, 155]
[111, 78, 157]
[113, 77, 160]
[113, 77, 159]
[115, 79, 159]
[114, 78, 154]
[115, 81, 155]
[115, 81, 155]
[113, 80, 153]
[113, 79, 154]
[111, 86, 157]
[113, 79, 154]
[116, 79, 158]
[116, 77, 156]
[115, 81, 155]
[112, 83, 154]
[111, 90, 156]
[111, 89, 152]
[111, 98, 154]
[111, 98, 154]
[110, 104, 155]
[110, 104, 149]
[112, 102, 147]
[113, 100, 148]
[115, 98, 151]
[114, 105, 151]
[113, 114, 150]
[106, 49, 167]
[103, 50, 164]
[110, 45, 164]
[109, 42, 162]
[108, 40, 161]
[110, 32, 160]
[106, 30, 159]
[110, 36, 163]
[109, 42, 165]
[113, 38, 162]
[116, 35, 162]
[110, 32, 159]
[110, 32, 159]
[110, 39, 162]
[109, 42, 162]
[111, 42, 164]
[110, 39, 162]
[107, 48, 164]
[107, 46, 162]
[110, 45, 163]
[108, 40, 159]
[110, 37, 160]
[108, 40, 160]
[110, 36, 161]
[113, 29, 159]
[116, 32, 160]
[113, 38, 161]
[111, 42, 162]
[109, 43, 161]
[110, 32, 158]
[113, 38, 162]
[113, 38, 161]
[111, 42, 163]
[109, 43, 160]
[110, 40, 158]
[109, 44, 157]
[109, 44, 157]
[109, 53, 160]
[108, 57, 162]
[109, 53, 160]
[108, 54, 161]
[108, 54, 161]
[109, 52, 161]
[111, 49, 162]
[111, 48, 164]
[113, 48, 164]
[111, 58, 164]
[109, 53, 160]
[112, 52, 162]
[110, 55, 162]
[112, 52, 161]
[113, 55, 163]
[113, 49, 162]
[113, 55, 163]
[110, 55, 161]
[111, 58, 163]
[110, 60, 162]
[110, 56, 160]
[109, 53, 159]
[110, 38, 153]
[109, 44, 155]
[110, 41, 155]
[112, 52, 161]
[110, 56, 160]
[113, 49, 160]
[111, 58, 162]
[113, 55, 163]
[112, 53, 160]
[111, 59, 161]
[110, 63, 161]
[111, 67, 161]
[110, 72, 163]
[109, 74, 163]
[108, 71, 161]
[108, 65, 157]
[110, 65, 158]
[110, 73, 161]
[112, 66, 158]
[109, 71, 158]
[111, 67, 159]
[114, 62, 160]
[114, 62, 161]
[115, 64, 163]
[112, 65, 160]
[112, 65, 160]
[113, 68, 162]
[112, 66, 158]
[113, 71, 162]
[112, 74, 158]
[114, 75, 160]
[117, 71, 161]
[116, 72, 159]
[113, 79, 162]
[112, 74, 158]
[111, 77, 160]
[112, 72, 162]
[112, 79, 161]
[115, 78, 160]
[115, 79, 159]
[114, 77, 155]
[112, 85, 156]
[113, 79, 155]
[111, 85, 159]
[110, 86, 158]
[112, 81, 158]
[112, 84, 157]
[112, 82, 155]
[113, 80, 160]
[112, 82, 155]
[111, 88, 154]
[110, 91, 154]
[111, 93, 151]
[110, 103, 151]
[111, 98, 153]
[111, 99, 152]
[111, 108, 154]
[114, 106, 154]
[114, 105, 151]
[116, 101, 151]
[114, 108, 153]
[100, 38, 159]
[103, 40, 161]
[103, 40, 161]
[106, 42, 163]
[107, 33, 160]
[103, 40, 159]
[102, 37, 157]
[106, 43, 161]
[109, 42, 162]
[112, 35, 160]
[119, 36, 164]
[116, 35, 162]
[113, 40, 164]
[110, 39, 162]
[110, 36, 161]
[108, 40, 161]
[107, 48, 165]
[106, 50, 164]
[106, 56, 164]
[106, 50, 163]
[106, 50, 163]
[108, 40, 160]
[106, 37, 159]
[112, 35, 160]
[113, 38, 163]
[112, 35, 160]
[111, 42, 163]
[110, 39, 162]
[110, 45, 163]
[112, 36, 158]
[110, 37, 159]
[110, 39, 162]
[110, 40, 161]
[110, 47, 159]
[113, 46, 160]
[109, 44, 157]
[111, 42, 162]
[112, 51, 164]
[113, 48, 163]
[113, 55, 163]
[112, 52, 161]
[115, 52, 163]
[113, 47, 159]
[111, 50, 159]
[111, 50, 159]
[108, 57, 162]
[106, 57, 161]
[108, 54, 160]
[107, 60, 161]
[108, 57, 160]
[107, 61, 160]
[110, 60, 162]
[110, 56, 160]
[113, 55, 162]
[115, 52, 162]
[110, 56, 160]
[111, 58, 162]
[111, 58, 162]
[112, 53, 160]
[113, 47, 158]
[115, 49, 157]
[113, 50, 157]
[115, 53, 159]
[114, 59, 160]
[113, 56, 159]
[115, 52, 161]
[113, 55, 162]
[108, 57, 160]
[108, 57, 160]
[107, 67, 164]
[112, 68, 164]
[109, 70, 160]
[112, 70, 160]
[109, 68, 157]
[112, 62, 160]
[112, 62, 160]
[115, 56, 160]
[114, 59, 159]
[116, 61, 162]
[112, 63, 158]
[111, 60, 157]
[110, 62, 156]
[109, 69, 156]
[111, 70, 154]
[109, 72, 155]
[112, 71, 158]
[111, 67, 159]
[111, 75, 163]
[112, 81, 164]
[113, 71, 162]
[116, 65, 162]
[116, 70, 164]
[116, 74, 161]
[114, 75, 159]
[113, 79, 161]
[114, 76, 157]
[112, 84, 157]
[114, 75, 159]
[116, 72, 159]
[116, 67, 156]
[114, 67, 149]
[112, 74, 151]
[110, 78, 151]
[113, 77, 158]
[113, 77, 158]
[112, 83, 159]
[113, 81, 157]
[111, 85, 153]
[109, 87, 150]
[110, 90, 151]
[110, 91, 148]
[111, 93, 151]
[111, 98, 153]
[110, 106, 152]
[112, 104, 154]
[111, 110, 155]
[114, 114, 159]
[113, 119, 157]
[113, 122, 152]
[115, 118, 154]
[107, 33, 161]
[104, 33, 160]
[106, 30, 159]
[106, 37, 160]
[106, 36, 161]
[104, 34, 159]
[103, 40, 161]
[107, 45, 165]
[109, 42, 165]
[108, 39, 163]
[113, 40, 167]
[116, 34, 164]
[119, 36, 164]
[113, 38, 162]
[108, 40, 160]
[104, 44, 161]
[102, 48, 161]
[106, 50, 164]
[109, 51, 164]
[106, 50, 162]
[104, 53, 164]
[104, 45, 160]
[108, 40, 160]
[109, 42, 162]
[109, 42, 162]
[111, 42, 164]
[111, 42, 164]
[109, 43, 161]
[109, 43, 160]
[111, 42, 162]
[109, 43, 161]
[110, 37, 160]
[109, 42, 162]
[111, 42, 162]
[110, 47, 159]
[110, 40, 160]
[109, 44, 158]
[113, 46, 161]
[113, 54, 164]
[113, 49, 162]
[114, 57, 165]
[113, 55, 163]
[107, 60, 162]
[110, 59, 164]
[110, 59, 163]
[106, 57, 160]
[108, 54, 160]
[106, 58, 159]
[108, 57, 162]
[107, 60, 161]
[107, 60, 162]
[110, 59, 164]
[112, 60, 167]
[112, 60, 165]
[111, 58, 162]
[110, 55, 161]
[110, 55, 162]
[111, 57, 165]
[110, 55, 161]
[113, 55, 162]
[115, 52, 163]
[112, 61, 164]
[115, 64, 163]
[114, 62, 161]
[115, 59, 161]
[115, 54, 156]
[113, 56, 158]
[110, 61, 159]
[110, 61, 159]
[107, 69, 159]
[109, 69, 162]
[110, 72, 163]
[111, 74, 166]
[111, 66, 162]
[110, 64, 160]
[110, 64, 160]
[114, 60, 158]
[114, 62, 161]
[115, 64, 163]
[115, 59, 160]
[112, 62, 160]
[110, 63, 161]
[112, 68, 165]
[109, 70, 160]
[110, 73, 161]
[112, 69, 162]
[109, 67, 161]
[111, 66, 162]
[113, 70, 163]
[113, 73, 158]
[111, 78, 157]
[113, 77, 160]
[114, 75, 160]
[113, 73, 158]
[112, 79, 161]
[113, 76, 161]
[113, 79, 162]
[113, 73, 158]
[116, 66, 159]
[113, 72, 160]
[112, 73, 160]
[111, 76, 162]
[113, 76, 161]
[114, 76, 158]
[113, 78, 157]
[113, 80, 160]
[111, 84, 155]
[110, 90, 156]
[110, 89, 152]
[109, 98, 154]
[110, 102, 152]
[111, 100, 150]
[112, 99, 152]
[112, 104, 154]
[112, 114, 154]
[114, 115, 157]
[114, 119, 157]
[113, 121, 154]
[114, 120, 151]
[113, 126, 152]
[112, 35, 160]
[108, 40, 161]
[106, 42, 163]
[106, 42, 162]
[103, 40, 160]
[108, 40, 160]
[109, 42, 162]
[110, 39, 162]
[109, 42, 162]
[111, 42, 162]
[110, 45, 163]
[110, 39, 162]
[110, 39, 162]
[111, 42, 164]
[109, 42, 162]
[107, 45, 163]
[105, 47, 164]
[107, 45, 164]
[111, 42, 164]
[107, 46, 162]
[107, 46, 162]
[107, 48, 164]
[107, 46, 161]
[109, 51, 166]
[110, 57, 170]
[106, 55, 166]
[108, 52, 166]
[109, 51, 164]
[110, 40, 161]
[110, 45, 163]
[109, 43, 160]
[113, 41, 162]
[116, 35, 160]
[113, 42, 159]
[110, 41, 156]
[113, 46, 160]
[110, 47, 159]
[113, 47, 159]
[112, 52, 161]
[115, 54, 165]
[113, 65, 169]
[108, 69, 167]
[107, 65, 162]
[110, 59, 163]
[108, 55, 159]
[108, 54, 160]
[105, 65, 162]
[105, 61, 162]
[106, 58, 159]
[109, 53, 159]
[109, 53, 159]
[109, 53, 159]
[110, 56, 160]
[113, 49, 160]
[113, 47, 158]
[111, 50, 159]
[115, 52, 163]
[112, 52, 161]
[113, 55, 163]
[112, 63, 166]
[116, 59, 168]
[114, 60, 166]
[117, 55, 166]
[115, 55, 163]
[114, 58, 164]
[115, 57, 166]
[112, 67, 167]
[109, 69, 163]
[108, 70, 163]
[107, 68, 161]
[109, 67, 159]
[107, 69, 160]
[108, 76, 164]
[109, 67, 159]
[110, 72, 164]
[111, 66, 163]
[115, 64, 164]
[114, 62, 161]
[118, 59, 164]
[115, 58, 162]
[111, 66, 163]
[112, 69, 163]
[110, 72, 163]
[111, 67, 161]
[110, 72, 163]
[111, 67, 160]
[114, 59, 159]
[114, 60, 158]
[115, 59, 159]
[114, 63, 159]
[111, 67, 160]
[112, 70, 160]
[113, 69, 160]
[115, 65, 160]
[111, 68, 158]
[112, 72, 162]
[111, 77, 159]
[113, 72, 159]
[113, 79, 162]
[113, 77, 158]
[112, 83, 159]
[113, 77, 159]
[112, 80, 160]
[111, 84, 161]
[112, 81, 158]
[112, 83, 160]
[112, 83, 160]
[113, 79, 155]
[113, 81, 152]
[113, 92, 156]
[115, 88, 154]
[115, 93, 153]
[115, 99, 150]
[113, 106, 151]
[114, 108, 153]
[114, 112, 157]
[114, 117, 159]
[114, 115, 157]
[114, 116, 156]
[112, 121, 156]
[108, 39, 162]
[110, 39, 162]
[106, 43, 160]
[104, 45, 160]
[104, 44, 161]
[106, 43, 160]
[110, 39, 162]
[109, 42, 162]
[109, 42, 162]
[111, 42, 164]
[110, 45, 164]
[111, 42, 162]
[110, 46, 160]
[110, 37, 158]
[109, 43, 161]
[107, 46, 162]
[108, 40, 160]
[108, 40, 158]
[111, 42, 163]
[109, 43, 161]
[107, 48, 163]
[109, 51, 165]
[107, 46, 162]
[107, 48, 164]
[106, 50, 164]
[108, 53, 165]
[108, 53, 165]
[109, 51, 166]
[110, 39, 162]
[110, 46, 162]
[109, 44, 158]
[113, 42, 158]
[116, 36, 156]
[113, 42, 159]
[110, 41, 157]
[113, 46, 161]
[111, 49, 160]
[113, 49, 161]
[113, 49, 161]
[112, 60, 166]
[110, 69, 169]
[107, 72, 167]
[105, 61, 163]
[111, 57, 166]
[110, 54, 164]
[108, 54, 162]
[108, 56, 163]
[107, 59, 163]
[107, 59, 163]
[106, 51, 160]
[107, 47, 158]
[111, 50, 159]
[113, 47, 159]
[113, 47, 158]
[113, 47, 159]
[113, 46, 161]
[113, 54, 165]
[113, 48, 163]
[113, 49, 161]
[114, 58, 164]
[115, 54, 164]
[115, 54, 164]
[113, 49, 160]
[115, 52, 162]
[113, 55, 163]
[115, 58, 163]
[111, 66, 162]
[109, 73, 165]
[108, 70, 163]
[109, 66, 163]
[110, 63, 161]
[107, 68, 161]
[108, 64, 159]
[109, 67, 161]
[109, 67, 161]
[111, 66, 163]
[112, 68, 164]
[114, 62, 160]
[115, 65, 162]
[115, 59, 160]
[114, 62, 160]
[112, 69, 163]
[112, 65, 161]
[112, 69, 163]
[112, 69, 163]
[112, 65, 160]
[114, 60, 158]
[114, 60, 158]
[114, 62, 160]
[115, 59, 160]
[115, 59, 160]
[113, 68, 161]
[115, 59, 159]
[115, 65, 160]
[112, 72, 163]
[112, 72, 164]
[112, 77, 165]
[114, 73, 164]
[112, 79, 162]
[113, 78, 163]
[112, 82, 162]
[113, 77, 159]
[112, 80, 159]
[111, 86, 163]
[110, 85, 159]
[111, 84, 161]
[111, 77, 158]
[112, 73, 160]
[113, 78, 163]
[114, 76, 157]
[118, 79, 158]
[117, 83, 156]
[116, 93, 157]
[114, 101, 157]
[114, 103, 158]
[115, 107, 157]
[114, 109, 157]
[113, 112, 157]
[113, 109, 152]
[113, 112, 153]
[111, 41, 167]
[109, 42, 163]
[110, 39, 163]
[110, 45, 164]
[111, 42, 163]
[108, 40, 160]
[108, 40, 160]
[110, 37, 160]
[111, 42, 164]
[109, 42, 162]
[110, 45, 163]
[109, 43, 161]
[111, 42, 164]
[110, 39, 162]
[110, 45, 163]
[107, 46, 160]
[111, 42, 164]
[109, 42, 162]
[109, 42, 163]
[107, 46, 162]
[107, 46, 162]
[111, 48, 165]
[110, 40, 161]
[110, 45, 164]
[110, 45, 164]
[110, 40, 161]
[109, 44, 158]
[111, 43, 160]
[109, 43, 160]
[111, 42, 162]
[110, 46, 160]
[110, 41, 157]
[111, 43, 160]
[109, 44, 158]
[111, 42, 162]
[110, 40, 158]
[111, 49, 162]
[113, 46, 161]
[113, 46, 161]
[112, 52, 163]
[108, 56, 163]
[110, 62, 165]
[110, 59, 163]
[109, 53, 160]
[109, 52, 162]
[112, 52, 163]
[109, 52, 161]
[108, 56, 163]
[107, 60, 162]
[110, 59, 163]
[110, 47, 158]
[111, 49, 161]
[113, 49, 162]
[115, 48, 160]
[112, 53, 159]
[115, 52, 161]
[113, 55, 162]
[112, 53, 160]
[113, 49, 160]
[111, 58, 162]
[113, 55, 162]
[112, 52, 161]
[112, 52, 161]
[111, 58, 162]
[110, 63, 163]
[112, 61, 163]
[110, 62, 164]
[110, 63, 163]
[112, 61, 163]
[114, 59, 161]
[115, 56, 159]
[113, 57, 157]
[112, 54, 156]
[112, 54, 157]
[112, 53, 159]
[114, 58, 163]
[115, 58, 162]
[114, 62, 161]
[114, 62, 161]
[116, 64, 164]
[113, 71, 162]
[113, 67, 163]
[115, 64, 163]
[114, 59, 159]
[112, 54, 156]
[113, 56, 158]
[113, 51, 155]
[114, 59, 159]
[111, 67, 161]
[112, 69, 162]
[110, 73, 160]
[113, 69, 160]
[114, 63, 158]
[116, 65, 162]
[115, 65, 161]
[116, 62, 160]
[115, 65, 161]
[112, 72, 162]
[112, 79, 162]
[113, 78, 164]
[112, 79, 161]
[113, 79, 162]
[113, 75, 164]
[112, 80, 166]
[113, 79, 162]
[111, 81, 160]
[110, 85, 159]
[108, 87, 155]
[111, 78, 157]
[112, 80, 160]
[113, 80, 159]
[113, 90, 159]
[113, 93, 153]
[112, 102, 157]
[112, 102, 157]
[111, 106, 157]
[111, 110, 156]
[113, 102, 153]
[114, 94, 147]
[114, 105, 151]
[107, 45, 164]
[107, 48, 165]
[113, 44, 167]
[111, 48, 166]
[110, 45, 164]
[111, 42, 164]
[109, 42, 163]
[110, 39, 162]
[107, 45, 163]
[107, 45, 164]
[109, 42, 162]
[111, 42, 164]
[113, 38, 162]
[113, 38, 163]
[111, 42, 165]
[109, 42, 162]
[111, 42, 164]
[109, 42, 162]
[111, 42, 164]
[109, 42, 162]
[111, 48, 165]
[113, 45, 164]
[111, 49, 162]
[111, 43, 159]
[110, 46, 160]
[113, 39, 158]
[113, 39, 158]
[113, 42, 159]
[110, 41, 157]
[113, 46, 161]
[113, 46, 161]
[110, 47, 159]
[111, 43, 159]
[109, 44, 158]
[109, 44, 158]
[111, 43, 159]
[110, 41, 157]
[113, 42, 158]
[111, 44, 157]
[110, 41, 155]
[112, 52, 161]
[110, 55, 161]
[112, 52, 162]
[109, 52, 161]
[106, 57, 161]
[109, 52, 161]
[113, 46, 160]
[111, 50, 159]
[115, 51, 164]
[112, 52, 161]
[115, 52, 163]
[111, 50, 158]
[113, 49, 160]
[112, 52, 161]
[111, 58, 163]
[110, 59, 163]
[110, 59, 163]
[107, 61, 160]
[110, 60, 161]
[109, 67, 160]
[108, 65, 158]
[111, 58, 162]
[110, 56, 160]
[110, 60, 162]
[111, 58, 162]
[112, 53, 160]
[113, 49, 160]
[113, 55, 162]
[115, 52, 162]
[112, 53, 160]
[113, 49, 161]
[113, 55, 161]
[115, 53, 159]
[112, 54, 157]
[112, 53, 159]
[116, 54, 161]
[116, 54, 160]
[116, 53, 163]
[118, 59, 165]
[116, 63, 165]
[113, 70, 157]
[113, 67, 163]
[115, 58, 162]
[114, 62, 161]
[113, 68, 162]
[110, 65, 158]
[112, 63, 159]
[112, 63, 158]
[110, 72, 163]
[108, 71, 162]
[107, 74, 161]
[110, 73, 161]
[113, 68, 161]
[115, 59, 161]
[116, 61, 163]
[115, 59, 159]
[114, 63, 158]
[116, 62, 160]
[116, 70, 164]
[113, 71, 162]
[113, 75, 164]
[112, 79, 161]
[112, 80, 159]
[114, 75, 160]
[112, 71, 158]
[108, 78, 160]
[107, 87, 159]
[108, 92, 160]
[109, 90, 155]
[111, 88, 159]
[111, 92, 163]
[111, 93, 161]
[112, 97, 161]
[109, 106, 159]
[108, 107, 153]
[110, 105, 156]
[110, 102, 158]
[110, 101, 154]
[112, 101, 154]
[113, 103, 151]
[110, 39, 163]
[109, 42, 163]
[110, 45, 165]
[111, 47, 167]
[109, 42, 163]
[111, 42, 164]
[107, 48, 164]
[109, 43, 161]
[110, 45, 163]
[110, 39, 162]
[110, 45, 164]
[110, 39, 162]
[110, 36, 161]
[112, 35, 162]
[112, 35, 162]
[112, 35, 162]
[113, 40, 166]
[110, 39, 163]
[109, 43, 161]
[113, 45, 165]
[115, 43, 165]
[115, 46, 167]
[115, 43, 165]
[111, 42, 162]
[109, 43, 161]
[111, 42, 163]
[110, 40, 161]
[113, 46, 162]
[113, 49, 162]
[112, 53, 160]
[115, 52, 162]
[112, 53, 160]
[113, 49, 162]
[112, 52, 163]
[111, 57, 165]
[109, 53, 160]
[111, 49, 160]
[111, 50, 158]
[111, 50, 158]
[113, 49, 160]
[111, 58, 162]
[112, 53, 160]
[113, 55, 163]
[113, 49, 162]
[111, 57, 165]
[109, 52, 161]
[111, 44, 158]
[111, 49, 160]
[113, 49, 160]
[112, 53, 160]
[112, 53, 160]
[115, 52, 162]
[111, 58, 163]
[109, 53, 159]
[108, 57, 161]
[108, 63, 162]
[107, 61, 159]
[107, 68, 161]
[107, 71, 161]
[107, 68, 161]
[108, 69, 166]
[112, 61, 164]
[112, 53, 160]
[115, 52, 162]
[113, 55, 162]
[110, 56, 160]
[113, 55, 162]
[114, 59, 161]
[115, 56, 160]
[111, 59, 159]
[109, 53, 158]
[111, 50, 158]
[113, 49, 160]
[113, 55, 162]
[115, 52, 162]
[115, 48, 161]
[115, 48, 160]
[115, 55, 163]
[114, 59, 161]
[110, 64, 159]
[109, 69, 162]
[112, 62, 160]
[114, 59, 159]
[112, 65, 160]
[109, 70, 160]
[112, 70, 161]
[111, 60, 156]
[111, 60, 158]
[111, 60, 158]
[112, 63, 158]
[110, 73, 161]
[111, 67, 160]
[111, 66, 162]
[112, 65, 160]
[112, 66, 158]
[110, 73, 160]
[111, 68, 158]
[113, 69, 160]
[114, 64, 155]
[112, 71, 158]
[111, 76, 162]
[113, 69, 160]
[114, 63, 158]
[114, 63, 158]
[112, 70, 160]
[109, 80, 163]
[109, 88, 166]
[110, 82, 164]
[112, 87, 168]
[113, 87, 164]
[113, 87, 164]
[112, 85, 162]
[113, 89, 161]
[111, 94, 160]
[108, 106, 154]
[109, 101, 152]
[109, 96, 152]
[109, 97, 155]
[110, 98, 158]
[112, 100, 155]
[108, 39, 162]
[110, 39, 163]
[110, 39, 163]
[110, 45, 165]
[111, 42, 165]
[107, 45, 163]
[110, 39, 165]
[109, 42, 164]
[110, 39, 163]
[111, 41, 166]
[113, 40, 166]
[109, 42, 162]
[110, 45, 164]
[113, 38, 162]
[116, 37, 164]
[116, 35, 162]
[116, 34, 163]
[113, 38, 163]
[110, 45, 164]
[113, 45, 165]
[113, 46, 161]
[113, 46, 162]
[111, 48, 165]
[113, 40, 164]
[109, 43, 161]
[111, 43, 160]
[109, 44, 157]
[111, 49, 161]
[109, 52, 162]
[110, 55, 163]
[115, 51, 164]
[112, 52, 162]
[115, 52, 163]
[112, 52, 161]
[111, 58, 164]
[108, 57, 162]
[112, 52, 161]
[111, 50, 159]
[111, 49, 161]
[113, 46, 162]
[113, 46, 161]
[113, 55, 163]
[113, 49, 161]
[113, 55, 163]
[115, 52, 163]
[111, 50, 159]
[111, 44, 156]
[111, 50, 158]
[112, 52, 161]
[115, 48, 160]
[113, 49, 160]
[113, 55, 163]
[111, 58, 163]
[108, 57, 160]
[108, 57, 160]
[108, 63, 162]
[107, 61, 160]
[110, 62, 164]
[111, 66, 162]
[109, 70, 161]
[111, 66, 162]
[112, 61, 163]
[113, 49, 160]
[113, 55, 162]
[110, 59, 163]
[108, 57, 161]
[109, 67, 167]
[112, 63, 165]
[112, 65, 161]
[111, 60, 158]
[110, 56, 160]
[112, 52, 161]
[115, 52, 162]
[112, 53, 159]
[113, 51, 156]
[118, 43, 155]
[115, 48, 159]
[115, 52, 161]
[110, 60, 161]
[110, 63, 163]
[110, 63, 161]
[111, 67, 161]
[112, 65, 161]
[112, 65, 162]
[112, 64, 163]
[113, 67, 163]
[112, 62, 160]
[113, 56, 159]
[113, 50, 159]
[112, 62, 160]
[110, 64, 160]
[111, 67, 160]
[111, 67, 161]
[111, 67, 160]
[112, 74, 159]
[111, 77, 160]
[111, 69, 156]
[110, 73, 160]
[111, 67, 159]
[113, 71, 162]
[111, 77, 158]
[112, 74, 159]
[112, 71, 158]
[112, 66, 158]
[112, 70, 160]
[110, 82, 164]
[109, 89, 163]
[111, 81, 160]
[112, 81, 163]
[115, 79, 165]
[115, 77, 163]
[116, 74, 162]
[113, 81, 157]
[111, 88, 159]
[109, 95, 158]
[109, 95, 158]
[109, 96, 156]
[110, 92, 152]
[111, 98, 153]
[110, 103, 151]
[111, 41, 166]
[107, 45, 163]
[107, 45, 163]
[107, 48, 164]
[110, 45, 164]
[109, 43, 161]
[108, 40, 160]
[110, 37, 160]
[110, 39, 163]
[107, 46, 162]
[109, 42, 162]
[113, 41, 163]
[109, 43, 161]
[111, 42, 164]
[116, 38, 163]
[116, 35, 161]
[111, 42, 163]
[110, 39, 162]
[111, 42, 163]
[111, 49, 162]
[113, 48, 163]
[111, 49, 161]
[109, 44, 157]
[111, 42, 162]
[113, 45, 164]
[109, 52, 161]
[111, 42, 162]
[111, 48, 164]
[113, 48, 164]
[112, 52, 163]
[115, 51, 165]
[112, 52, 163]
[115, 51, 165]
[110, 55, 162]
[108, 57, 162]
[108, 54, 161]
[111, 57, 165]
[111, 50, 159]
[111, 50, 159]
[113, 47, 159]
[110, 47, 158]
[113, 47, 159]
[112, 52, 161]
[116, 50, 162]
[113, 55, 162]
[113, 49, 160]
[113, 55, 163]
[113, 49, 161]
[113, 55, 163]
[113, 49, 161]
[113, 55, 163]
[113, 49, 161]
[113, 54, 164]
[112, 52, 163]
[113, 54, 164]
[112, 52, 161]
[115, 52, 163]
[112, 53, 160]
[112, 53, 160]
[113, 46, 160]
[113, 49, 162]
[111, 58, 163]
[110, 70, 167]
[111, 66, 163]
[112, 61, 164]
[112, 63, 166]
[113, 65, 168]
[112, 61, 164]
[111, 58, 162]
[111, 58, 162]
[111, 58, 162]
[112, 53, 160]
[110, 55, 161]
[113, 55, 162]
[115, 53, 159]
[118, 45, 157]
[119, 48, 159]
[121, 54, 161]
[115, 53, 159]
[110, 60, 161]
[107, 61, 159]
[111, 59, 161]
[112, 62, 161]
[112, 64, 163]
[115, 64, 164]
[112, 62, 160]
[110, 61, 159]
[110, 56, 160]
[113, 55, 162]
[113, 49, 160]
[113, 55, 161]
[110, 61, 158]
[110, 61, 158]
[112, 65, 160]
[111, 68, 158]
[110, 73, 160]
[112, 70, 160]
[109, 71, 158]
[111, 68, 158]
[110, 74, 158]
[112, 73, 160]
[110, 75, 157]
[112, 71, 158]
[111, 68, 158]
[110, 82, 164]
[110, 82, 164]
[112, 72, 162]
[112, 70, 160]
[114, 64, 156]
[115, 69, 160]
[116, 73, 164]
[117, 69, 160]
[117, 70, 157]
[113, 81, 157]
[113, 79, 155]
[112, 84, 157]
[112, 88, 157]
[114, 88, 157]
[112, 100, 155]
[112, 103, 156]
[109, 42, 162]
[113, 45, 166]
[111, 42, 164]
[107, 48, 164]
[111, 42, 164]
[110, 45, 164]
[106, 37, 157]
[110, 37, 160]
[109, 42, 162]
[107, 46, 161]
[111, 48, 165]
[111, 48, 165]
[110, 45, 163]
[111, 42, 164]
[110, 45, 163]
[110, 40, 161]
[110, 40, 160]
[107, 49, 162]
[109, 43, 161]
[109, 51, 166]
[111, 48, 165]
[111, 48, 165]
[112, 50, 167]
[113, 48, 166]
[115, 51, 166]
[112, 51, 164]
[113, 46, 162]
[111, 49, 161]
[112, 52, 163]
[113, 49, 161]
[111, 50, 159]
[113, 46, 160]
[113, 49, 162]
[111, 49, 160]
[109, 53, 160]
[109, 53, 160]
[112, 52, 161]
[112, 52, 161]
[113, 49, 161]
[111, 50, 159]
[111, 44, 158]
[111, 50, 159]
[116, 50, 163]
[118, 44, 161]
[112, 52, 161]
[115, 52, 162]
[113, 55, 162]
[115, 52, 162]
[115, 52, 162]
[113, 55, 162]
[113, 49, 160]
[113, 55, 161]
[113, 49, 160]
[111, 50, 159]
[111, 50, 159]
[113, 47, 159]
[113, 55, 163]
[113, 49, 161]
[110, 47, 157]
[111, 44, 157]
[109, 44, 156]
[110, 55, 161]
[109, 68, 165]
[111, 66, 163]
[110, 71, 165]
[112, 63, 165]
[115, 58, 163]
[111, 59, 161]
[110, 56, 160]
[112, 61, 163]
[112, 61, 163]
[114, 59, 161]
[115, 63, 165]
[116, 53, 163]
[117, 56, 165]
[116, 53, 163]
[121, 47, 162]
[119, 47, 162]
[115, 52, 162]
[110, 56, 160]
[108, 63, 162]
[110, 56, 159]
[111, 59, 159]
[114, 60, 165]
[114, 58, 163]
[115, 53, 159]
[110, 61, 159]
[110, 57, 157]
[110, 57, 156]
[114, 59, 161]
[114, 61, 162]
[112, 63, 159]
[109, 68, 158]
[111, 67, 160]
[109, 71, 159]
[112, 64, 156]
[115, 65, 160]
[114, 63, 158]
[116, 62, 160]
[112, 66, 158]
[110, 73, 160]
[112, 66, 158]
[114, 64, 156]
[112, 71, 157]
[112, 73, 160]
[111, 77, 159]
[113, 72, 159]
[115, 67, 157]
[116, 72, 159]
[114, 75, 159]
[116, 74, 161]
[116, 77, 163]
[117, 71, 162]
[117, 71, 162]
[112, 82, 155]
[113, 82, 155]
[115, 81, 155]
[114, 85, 156]
[113, 94, 158]
[111, 96, 156]
[112, 50, 167]
[111, 42, 163]
[110, 45, 164]
[110, 40, 161]
[110, 45, 163]
[110, 40, 160]
[109, 43, 161]
[111, 42, 162]
[109, 43, 160]
[111, 42, 162]
[110, 45, 163]
[110, 37, 160]
[111, 42, 164]
[109, 42, 162]
[111, 42, 163]
[110, 45, 163]
[111, 42, 164]
[107, 46, 162]
[110, 45, 164]
[107, 46, 161]
[113, 45, 164]
[112, 51, 164]
[113, 48, 164]
[114, 56, 167]
[114, 57, 166]
[115, 54, 165]
[115, 52, 163]
[111, 50, 159]
[113, 46, 161]
[112, 51, 164]
[113, 54, 165]
[115, 45, 160]
[115, 45, 160]
[111, 44, 157]
[111, 50, 158]
[113, 47, 159]
[111, 44, 158]
[111, 49, 161]
[115, 51, 165]
[115, 44, 161]
[110, 41, 156]
[111, 44, 157]
[112, 52, 161]
[113, 49, 161]
[112, 52, 162]
[113, 49, 161]
[111, 58, 162]
[111, 58, 162]
[112, 60, 165]
[112, 60, 165]
[112, 61, 164]
[113, 55, 162]
[113, 55, 162]
[113, 47, 159]
[111, 50, 158]
[113, 47, 158]
[111, 50, 158]
[112, 53, 160]
[115, 52, 162]
[112, 52, 161]
[111, 50, 159]
[110, 55, 161]
[111, 58, 162]
[112, 63, 166]
[111, 65, 166]
[112, 61, 164]
[112, 61, 163]
[112, 61, 163]
[112, 61, 164]
[112, 61, 164]
[112, 61, 164]
[114, 60, 165]
[114, 61, 163]
[118, 58, 167]
[122, 56, 168]
[116, 53, 164]
[116, 53, 163]
[116, 50, 162]
[115, 52, 162]
[113, 50, 159]
[110, 56, 160]
[111, 58, 162]
[110, 56, 160]
[114, 58, 163]
[114, 61, 162]
[112, 65, 162]
[112, 62, 160]
[111, 60, 158]
[115, 53, 158]
[114, 62, 160]
[115, 65, 161]
[112, 65, 161]
[109, 70, 160]
[112, 70, 160]
[109, 70, 160]
[110, 64, 160]
[114, 63, 159]
[114, 63, 158]
[115, 60, 156]
[116, 63, 157]
[112, 64, 156]
[110, 65, 157]
[112, 66, 159]
[112, 66, 158]
[112, 66, 159]
[113, 68, 161]
[112, 69, 163]
[113, 70, 163]
[113, 76, 161]
[114, 81, 164]
[114, 82, 161]
[115, 82, 164]
[117, 79, 164]
[115, 83, 163]
[114, 82, 162]
[115, 82, 159]
[113, 79, 155]
[113, 81, 157]
[113, 81, 157]
[112, 83, 154]
[107, 48, 164]
[110, 45, 164]
[111, 42, 165]
[110, 39, 162]
[109, 42, 162]
[110, 40, 161]
[109, 43, 161]
[111, 42, 163]
[110, 45, 164]
[110, 39, 162]
[110, 39, 163]
[107, 46, 162]
[109, 42, 162]
[110, 45, 163]
[113, 45, 165]
[110, 46, 162]
[107, 48, 163]
[105, 47, 163]
[107, 45, 164]
[110, 45, 164]
[113, 45, 164]
[112, 52, 163]
[112, 52, 162]
[115, 51, 165]
[113, 54, 165]
[115, 53, 167]
[115, 51, 165]
[111, 49, 161]
[110, 41, 157]
[111, 49, 161]
[115, 51, 165]
[112, 53, 160]
[111, 50, 158]
[113, 47, 158]
[111, 50, 159]
[113, 47, 159]
[107, 50, 157]
[111, 49, 160]
[113, 46, 161]
[115, 45, 159]
[110, 41, 155]
[111, 44, 157]
[113, 46, 160]
[112, 52, 161]
[112, 52, 161]
[115, 52, 162]
[111, 58, 163]
[111, 58, 163]
[110, 55, 162]
[111, 58, 163]
[110, 59, 164]
[111, 57, 165]
[115, 51, 165]
[112, 52, 162]
[115, 52, 163]
[111, 50, 158]
[113, 47, 159]
[112, 52, 162]
[113, 54, 164]
[113, 49, 161]
[113, 55, 163]
[110, 56, 160]
[111, 58, 162]
[112, 61, 164]
[114, 58, 164]
[113, 55, 163]
[112, 52, 161]
[112, 60, 165]
[112, 61, 164]
[111, 58, 162]
[113, 55, 162]
[112, 63, 166]
[114, 60, 166]
[118, 58, 168]
[121, 52, 166]
[120, 55, 167]
[118, 59, 164]
[116, 54, 161]
[113, 51, 156]
[111, 59, 159]
[111, 58, 162]
[108, 58, 159]
[107, 61, 160]
[112, 62, 161]
[111, 66, 162]
[112, 65, 160]
[115, 59, 160]
[112, 63, 157]
[112, 62, 160]
[114, 61, 163]
[112, 64, 163]
[110, 63, 161]
[112, 68, 165]
[109, 70, 161]
[111, 66, 162]
[109, 67, 160]
[111, 67, 161]
[114, 62, 160]
[111, 67, 160]
[112, 72, 164]
[110, 72, 162]
[110, 65, 158]
[112, 66, 159]
[112, 66, 158]
[112, 66, 158]
[112, 70, 160]
[110, 73, 161]
[112, 72, 162]
[112, 80, 166]
[113, 75, 164]
[112, 81, 163]
[115, 79, 164]
[113, 90, 165]
[115, 84, 161]
[115, 82, 159]
[116, 79, 158]
[114, 78, 153]
[113, 82, 156]
[113, 83, 154]
[112, 84, 152]
[103, 50, 163]
[107, 48, 164]
[111, 42, 164]
[108, 40, 160]
[108, 40, 161]
[110, 36, 161]
[110, 45, 164]
[110, 40, 161]
[107, 46, 160]
[108, 55, 166]
[110, 58, 168]
[106, 56, 165]
[107, 48, 163]
[110, 45, 163]
[111, 42, 164]
[107, 46, 162]
[105, 47, 162]
[106, 50, 164]
[108, 52, 166]
[107, 58, 166]
[108, 61, 166]
[110, 54, 164]
[112, 52, 163]
[115, 51, 166]
[112, 51, 164]
[115, 51, 166]
[113, 54, 166]
[113, 46, 161]
[111, 49, 161]
[113, 48, 163]
[111, 57, 166]
[112, 52, 163]
[112, 52, 163]
[113, 48, 163]
[113, 46, 162]
[111, 49, 161]
[107, 47, 157]
[110, 46, 160]
[110, 40, 158]
[113, 42, 159]
[111, 44, 158]
[113, 49, 162]
[113, 54, 164]
[115, 52, 162]
[112, 53, 160]
[115, 52, 162]
[113, 49, 161]
[113, 55, 163]
[113, 55, 162]
[108, 57, 160]
[108, 57, 160]
[108, 63, 162]
[110, 59, 164]
[112, 52, 161]
[115, 52, 163]
[110, 55, 161]
[113, 49, 161]
[111, 50, 159]
[113, 55, 163]
[113, 49, 161]
[112, 61, 164]
[109, 65, 164]
[109, 65, 164]
[112, 63, 166]
[114, 60, 166]
[115, 54, 164]
[115, 54, 164]
[114, 59, 161]
[110, 57, 157]
[111, 59, 161]
[113, 50, 159]
[114, 58, 163]
[115, 57, 165]
[115, 63, 167]
[119, 63, 169]
[118, 62, 165]
[115, 64, 164]
[116, 61, 164]
[115, 64, 164]
[112, 62, 160]
[113, 56, 158]
[111, 60, 157]
[114, 59, 160]
[112, 62, 160]
[110, 72, 164]
[109, 70, 161]
[112, 69, 162]
[109, 70, 160]
[110, 73, 161]
[111, 67, 159]
[109, 70, 161]
[110, 62, 157]
[110, 62, 157]
[111, 60, 156]
[112, 63, 157]
[114, 60, 158]
[115, 65, 162]
[112, 65, 160]
[112, 77, 165]
[113, 75, 164]
[111, 76, 162]
[112, 70, 160]
[112, 67, 156]
[113, 70, 157]
[113, 72, 159]
[112, 74, 159]
[112, 73, 160]
[111, 77, 159]
[111, 70, 154]
[109, 76, 158]
[113, 75, 164]
[112, 78, 164]
[113, 75, 164]
[112, 82, 168]
[112, 79, 161]
[113, 80, 160]
[113, 81, 157]
[112, 87, 158]
[113, 89, 160]
[114, 87, 159]
[110, 39, 162]
[110, 46, 160]
[110, 39, 162]
[108, 40, 161]
[106, 31, 157]
[108, 40, 160]
[110, 45, 164]
[110, 40, 160]
[109, 51, 165]
[105, 61, 164]
[109, 65, 166]
[108, 62, 164]
[112, 52, 163]
[113, 41, 160]
[111, 42, 162]
[110, 40, 161]
[107, 48, 164]
[110, 54, 166]
[113, 53, 168]
[112, 51, 164]
[115, 51, 166]
[112, 51, 164]
[113, 54, 166]
[115, 47, 162]
[115, 52, 163]
[112, 52, 162]
[115, 51, 166]
[118, 44, 163]
[115, 51, 164]
[113, 49, 161]
[115, 51, 165]
[112, 51, 164]
[113, 48, 164]
[111, 49, 162]
[113, 41, 162]
[113, 38, 161]
[109, 42, 162]
[111, 42, 164]
[113, 39, 158]
[113, 42, 158]
[113, 49, 161]
[112, 52, 161]
[112, 60, 165]
[112, 61, 163]
[113, 50, 159]
[113, 55, 162]
[113, 49, 160]
[113, 55, 162]
[115, 52, 163]
[112, 52, 161]
[108, 57, 160]
[110, 60, 161]
[107, 61, 159]
[112, 61, 164]
[115, 52, 162]
[114, 58, 164]
[113, 49, 161]
[113, 54, 164]
[113, 49, 160]
[114, 59, 161]
[115, 64, 164]
[112, 64, 163]
[108, 63, 162]
[112, 63, 166]
[114, 60, 166]
[116, 59, 168]
[115, 62, 168]
[112, 61, 164]
[107, 61, 160]
[110, 60, 162]
[110, 62, 164]
[111, 65, 165]
[111, 67, 161]
[115, 66, 165]
[115, 66, 165]
[118, 62, 165]
[115, 64, 164]
[115, 58, 162]
[112, 64, 163]
[113, 67, 164]
[115, 64, 164]
[115, 59, 159]
[116, 62, 160]
[115, 59, 159]
[111, 66, 162]
[109, 70, 161]
[110, 72, 162]
[109, 70, 160]
[109, 71, 159]
[112, 70, 161]
[109, 71, 159]
[110, 62, 157]
[108, 59, 156]
[114, 60, 158]
[115, 60, 158]
[112, 66, 158]
[113, 68, 161]
[112, 66, 158]
[115, 68, 162]
[115, 65, 160]
[115, 59, 160]
[113, 68, 161]
[113, 69, 160]
[112, 66, 158]
[111, 68, 158]
[110, 73, 160]
[112, 74, 158]
[110, 79, 159]
[109, 72, 156]
[110, 73, 161]
[110, 73, 161]
[110, 77, 162]
[110, 86, 163]
[110, 84, 160]
[109, 82, 158]
[111, 77, 158]
[111, 78, 157]
[113, 78, 157]
[113, 89, 160]
[113, 93, 154]
[113, 53, 169]
[115, 44, 164]
[111, 42, 164]
[110, 36, 161]
[109, 42, 163]
[107, 45, 163]
[110, 39, 163]
[110, 45, 164]
[105, 48, 160]
[108, 54, 162]
[108, 56, 163]
[111, 49, 160]
[110, 41, 157]
[111, 43, 160]
[113, 45, 164]
[113, 45, 164]
[113, 46, 161]
[111, 49, 161]
[111, 43, 159]
[116, 38, 160]
[110, 40, 160]
[113, 48, 164]
[113, 54, 165]
[113, 48, 166]
[115, 50, 168]
[112, 51, 164]
[113, 54, 164]
[113, 47, 159]
[111, 44, 158]
[113, 42, 158]
[113, 39, 158]
[113, 45, 164]
[112, 51, 164]
[110, 55, 163]
[109, 44, 156]
[111, 43, 160]
[109, 44, 158]
[115, 44, 162]
[116, 38, 162]
[113, 45, 164]
[112, 51, 164]
[108, 57, 161]
[108, 63, 163]
[108, 57, 161]
[107, 60, 161]
[110, 59, 163]
[108, 57, 161]
[109, 53, 159]
[111, 49, 160]
[112, 52, 162]
[113, 54, 165]
[113, 49, 162]
[112, 63, 167]
[114, 60, 166]
[116, 59, 168]
[114, 60, 167]
[109, 65, 166]
[110, 59, 163]
[109, 65, 165]
[112, 61, 164]
[112, 63, 166]
[111, 65, 165]
[110, 60, 162]
[108, 63, 162]
[113, 54, 165]
[113, 55, 162]
[108, 57, 160]
[110, 62, 164]
[110, 60, 162]
[107, 61, 160]
[108, 69, 166]
[108, 70, 165]
[109, 73, 165]
[109, 68, 165]
[112, 67, 168]
[112, 63, 166]
[114, 61, 162]
[116, 61, 163]
[112, 65, 160]
[112, 69, 162]
[114, 62, 161]
[115, 64, 163]
[114, 63, 159]
[115, 56, 158]
[110, 61, 158]
[111, 66, 162]
[109, 69, 162]
[113, 70, 165]
[112, 72, 163]
[110, 72, 163]
[112, 67, 168]
[109, 65, 164]
[110, 63, 161]
[110, 63, 161]
[113, 67, 164]
[112, 62, 160]
[112, 64, 163]
[111, 66, 162]
[112, 63, 158]
[116, 52, 156]
[118, 46, 155]
[115, 56, 158]
[115, 60, 158]
[112, 66, 159]
[109, 70, 160]
[111, 67, 160]
[111, 68, 158]
[110, 73, 160]
[109, 71, 158]
[112, 70, 160]
[111, 78, 157]
[110, 84, 160]
[108, 89, 160]
[107, 87, 158]
[106, 84, 158]
[108, 74, 156]
[109, 71, 158]
[112, 71, 157]
[110, 79, 158]
[109, 94, 162]
[113, 54, 166]
[113, 45, 164]
[111, 42, 163]
[111, 42, 164]
[110, 40, 161]
[107, 46, 162]
[110, 39, 162]
[110, 45, 164]
[106, 50, 164]
[105, 48, 161]
[106, 50, 162]
[111, 48, 165]
[110, 40, 161]
[113, 41, 162]
[113, 41, 162]
[115, 44, 161]
[113, 46, 160]
[113, 46, 160]
[113, 42, 158]
[113, 42, 159]
[111, 43, 159]
[113, 46, 160]
[113, 48, 163]
[112, 52, 162]
[112, 52, 162]
[110, 55, 161]
[115, 52, 163]
[111, 50, 159]
[110, 47, 156]
[111, 44, 156]
[109, 44, 158]
[113, 46, 162]
[113, 54, 165]
[110, 55, 161]
[111, 50, 158]
[109, 53, 158]
[113, 48, 163]
[111, 50, 159]
[113, 49, 160]
[113, 47, 159]
[112, 52, 161]
[111, 58, 162]
[108, 63, 162]
[108, 57, 161]
[107, 60, 161]
[111, 58, 163]
[110, 55, 161]
[111, 50, 159]
[113, 47, 159]
[112, 52, 161]
[113, 47, 159]
[112, 52, 161]
[114, 57, 165]
[114, 60, 166]
[116, 59, 168]
[114, 58, 164]
[109, 65, 164]
[110, 60, 162]
[108, 57, 160]
[109, 65, 164]
[111, 65, 166]
[109, 68, 166]
[110, 62, 164]
[109, 65, 164]
[108, 63, 162]
[111, 58, 163]
[108, 63, 163]
[110, 62, 164]
[107, 61, 160]
[110, 60, 162]
[111, 65, 165]
[108, 71, 161]
[112, 69, 162]
[109, 70, 160]
[110, 72, 162]
[111, 67, 161]
[112, 65, 162]
[113, 66, 165]
[112, 64, 163]
[113, 66, 167]
[112, 63, 165]
[112, 63, 166]
[112, 63, 166]
[112, 61, 163]
[109, 67, 160]
[111, 67, 161]
[109, 70, 160]
[112, 71, 165]
[111, 74, 165]
[109, 74, 162]
[111, 67, 161]
[109, 70, 161]
[108, 64, 159]
[110, 60, 161]
[112, 62, 160]
[112, 63, 159]
[110, 64, 159]
[110, 65, 158]
[110, 58, 153]
[113, 57, 156]
[113, 52, 152]
[114, 63, 158]
[113, 69, 158]
[111, 69, 155]
[110, 75, 157]
[111, 69, 156]
[111, 69, 156]
[110, 73, 160]
[112, 70, 160]
[111, 76, 162]
[112, 82, 161]
[110, 86, 157]
[110, 88, 154]
[109, 94, 155]
[106, 84, 149]
[109, 77, 155]
[112, 71, 157]
[108, 75, 154]
[109, 89, 157]
[110, 89, 152]
[113, 53, 169]
[112, 50, 168]
[113, 41, 163]
[113, 41, 162]
[110, 40, 160]
[111, 43, 160]
[110, 40, 160]
[110, 45, 164]
[109, 51, 166]
[109, 52, 162]
[113, 46, 162]
[111, 49, 161]
[113, 46, 161]
[113, 42, 159]
[113, 41, 160]
[113, 46, 161]
[112, 52, 163]
[115, 44, 161]
[113, 46, 161]
[113, 46, 161]
[111, 49, 161]
[113, 48, 163]
[111, 49, 161]
[113, 46, 160]
[113, 48, 163]
[113, 55, 163]
[113, 49, 161]
[113, 54, 164]
[113, 48, 163]
[110, 47, 159]
[110, 41, 157]
[111, 49, 162]
[113, 46, 162]
[109, 52, 162]
[109, 52, 162]
[108, 54, 161]
[108, 57, 162]
[108, 57, 162]
[110, 55, 163]
[113, 54, 165]
[113, 49, 162]
[113, 54, 164]
[111, 49, 160]
[111, 48, 165]
[113, 49, 162]
[110, 60, 162]
[111, 58, 162]
[112, 52, 161]
[111, 49, 160]
[110, 55, 162]
[107, 60, 162]
[110, 60, 162]
[109, 68, 165]
[112, 62, 161]
[110, 62, 164]
[114, 60, 167]
[115, 54, 165]
[112, 61, 164]
[112, 61, 164]
[109, 68, 165]
[109, 69, 162]
[112, 68, 165]
[112, 68, 165]
[109, 69, 163]
[110, 72, 164]
[111, 67, 161]
[112, 68, 164]
[109, 69, 162]
[109, 67, 161]
[112, 64, 163]
[113, 67, 164]
[112, 63, 165]
[115, 63, 167]
[112, 65, 161]
[111, 67, 161]
[110, 72, 164]
[109, 66, 163]
[111, 65, 165]
[110, 71, 165]
[111, 66, 163]
[112, 62, 161]
[112, 61, 163]
[115, 54, 164]
[114, 58, 163]
[115, 55, 163]
[112, 64, 163]
[111, 66, 162]
[110, 72, 164]
[108, 71, 162]
[109, 73, 164]
[109, 73, 164]
[108, 70, 163]
[109, 72, 167]
[109, 66, 163]
[110, 63, 161]
[111, 60, 157]
[111, 60, 156]
[108, 60, 154]
[108, 66, 155]
[110, 63, 154]
[111, 68, 158]
[112, 73, 160]
[110, 78, 160]
[110, 77, 162]
[112, 78, 164]
[112, 80, 160]
[113, 78, 157]
[111, 78, 157]
[111, 70, 154]
[109, 77, 156]
[109, 89, 158]
[111, 90, 161]
[113, 88, 163]
[112, 85, 162]
[111, 82, 158]
[111, 84, 160]
[109, 88, 159]
[109, 82, 158]
[110, 78, 160]
[110, 78, 160]
[111, 56, 168]
[111, 48, 164]
[111, 43, 159]
[113, 42, 159]
[113, 42, 159]
[116, 36, 158]
[113, 39, 158]
[113, 46, 161]
[115, 51, 166]
[110, 55, 163]
[110, 55, 163]
[111, 58, 164]
[111, 49, 161]
[111, 49, 161]
[113, 46, 161]
[111, 49, 161]
[109, 44, 157]
[113, 46, 162]
[115, 51, 164]
[110, 56, 160]
[111, 58, 163]
[112, 52, 161]
[111, 49, 161]
[115, 44, 162]
[113, 46, 160]
[113, 49, 162]
[115, 51, 164]
[113, 49, 162]
[110, 59, 164]
[108, 57, 162]
[108, 57, 162]
[111, 50, 159]
[113, 47, 159]
[109, 53, 158]
[109, 53, 158]
[112, 53, 160]
[111, 50, 158]
[111, 58, 163]
[112, 52, 161]
[113, 55, 163]
[112, 52, 162]
[111, 58, 164]
[104, 55, 157]
[107, 51, 156]
[109, 53, 158]
[108, 58, 159]
[110, 60, 162]
[113, 55, 162]
[113, 55, 163]
[108, 57, 160]
[110, 60, 162]
[109, 68, 166]
[112, 67, 168]
[109, 65, 164]
[109, 65, 164]
[112, 63, 165]
[114, 59, 159]
[113, 57, 156]
[112, 62, 160]
[112, 64, 163]
[112, 71, 166]
[115, 64, 163]
[114, 61, 162]
[112, 61, 163]
[112, 63, 165]
[113, 66, 167]
[110, 70, 167]
[112, 68, 165]
[115, 64, 164]
[114, 61, 162]
[115, 64, 164]
[116, 61, 163]
[115, 57, 165]
[114, 58, 164]
[114, 60, 166]
[112, 63, 165]
[112, 67, 168]
[111, 65, 165]
[112, 67, 168]
[112, 61, 164]
[115, 54, 164]
[114, 58, 163]
[114, 59, 160]
[115, 55, 161]
[114, 61, 162]
[115, 55, 161]
[110, 63, 161]
[111, 66, 162]
[110, 72, 163]
[110, 65, 158]
[112, 70, 161]
[108, 72, 159]
[108, 72, 159]
[110, 72, 162]
[110, 73, 161]
[110, 65, 157]
[109, 67, 159]
[110, 64, 160]
[109, 70, 161]
[111, 67, 160]
[112, 78, 164]
[111, 80, 162]
[108, 83, 162]
[109, 74, 161]
[112, 77, 165]
[114, 73, 164]
[115, 76, 164]
[113, 72, 159]
[109, 73, 153]
[112, 72, 156]
[111, 77, 158]
[111, 81, 160]
[113, 79, 162]
[112, 79, 161]
[112, 81, 163]
[111, 82, 158]
[112, 83, 159]
[111, 79, 155]
[112, 75, 156]
[111, 79, 155]
[113, 47, 167]
[112, 51, 164]
[113, 54, 164]
[113, 46, 161]
[116, 38, 162]
[116, 35, 162]
[119, 33, 161]
[118, 41, 162]
[113, 46, 161]
[113, 46, 161]
[109, 52, 161]
[106, 52, 157]
[105, 49, 157]
[106, 51, 160]
[107, 58, 166]
[108, 56, 164]
[109, 51, 164]
[110, 54, 164]
[110, 59, 165]
[110, 62, 165]
[110, 62, 165]
[109, 65, 165]
[111, 58, 162]
[112, 52, 162]
[113, 54, 165]
[113, 46, 160]
[113, 48, 163]
[112, 60, 166]
[107, 60, 161]
[107, 64, 164]
[107, 60, 161]
[108, 63, 162]
[108, 62, 164]
[108, 56, 163]
[108, 56, 163]
[113, 54, 164]
[113, 49, 161]
[113, 54, 164]
[112, 52, 162]
[116, 50, 163]
[113, 49, 161]
[108, 57, 161]
[108, 57, 160]
[108, 63, 162]
[110, 60, 162]
[110, 56, 159]
[115, 52, 162]
[112, 52, 161]
[112, 52, 161]
[112, 60, 165]
[112, 67, 168]
[111, 65, 166]
[111, 65, 166]
[109, 65, 164]
[109, 65, 164]
[110, 62, 164]
[108, 57, 160]
[110, 60, 162]
[111, 58, 162]
[112, 63, 165]
[115, 63, 167]
[117, 56, 165]
[115, 55, 163]
[113, 55, 161]
[113, 55, 161]
[114, 58, 163]
[114, 61, 163]
[115, 55, 161]
[115, 53, 158]
[114, 61, 163]
[115, 58, 163]
[113, 67, 164]
[112, 65, 162]
[115, 63, 165]
[114, 60, 165]
[116, 60, 165]
[115, 59, 161]
[113, 68, 162]
[113, 57, 157]
[115, 52, 161]
[112, 53, 160]
[110, 60, 161]
[109, 67, 159]
[114, 62, 160]
[115, 59, 160]
[111, 60, 157]
[110, 64, 159]
[112, 65, 160]
[110, 73, 161]
[110, 63, 155]
[109, 69, 162]
[111, 67, 161]
[112, 69, 163]
[112, 69, 162]
[111, 67, 160]
[110, 72, 162]
[110, 72, 162]
[113, 70, 164]
[113, 76, 167]
[114, 73, 164]
[113, 77, 166]
[113, 77, 166]
[112, 79, 162]
[112, 81, 164]
[112, 73, 160]
[113, 69, 160]
[115, 67, 157]
[112, 74, 158]
[112, 75, 157]
[110, 77, 153]
[109, 73, 153]
[110, 67, 152]
[109, 72, 156]
[110, 66, 154]
[110, 73, 160]
[111, 68, 158]
[113, 69, 160]
[113, 72, 160]
[113, 79, 161]
[111, 82, 159]
[111, 42, 164]
[111, 48, 166]
[113, 47, 168]
[111, 48, 166]
[113, 40, 164]
[113, 41, 162]
[119, 36, 162]
[116, 35, 161]
[111, 42, 163]
[110, 46, 160]
[103, 52, 157]
[106, 51, 159]
[107, 47, 157]
[107, 50, 158]
[106, 57, 160]
[108, 56, 164]
[106, 57, 162]
[108, 54, 162]
[107, 59, 163]
[110, 59, 164]
[110, 55, 162]
[110, 59, 165]
[110, 55, 162]
[113, 55, 163]
[113, 55, 163]
[112, 52, 161]
[115, 52, 163]
[112, 60, 165]
[110, 55, 162]
[110, 59, 163]
[110, 60, 162]
[109, 65, 165]
[111, 58, 162]
[110, 55, 161]
[110, 55, 161]
[111, 58, 163]
[113, 49, 161]
[113, 55, 162]
[112, 52, 161]
[115, 52, 162]
[113, 47, 158]
[110, 56, 160]
[107, 59, 163]
[110, 59, 164]
[110, 55, 161]
[113, 55, 163]
[113, 55, 162]
[113, 49, 162]
[110, 55, 161]
[112, 60, 165]
[112, 63, 166]
[111, 65, 166]
[110, 62, 164]
[109, 65, 166]
[109, 65, 166]
[110, 59, 163]
[110, 55, 161]
[111, 58, 162]
[112, 61, 164]
[112, 63, 165]
[115, 63, 167]
[114, 58, 163]
[115, 55, 163]
[114, 59, 161]
[115, 55, 161]
[113, 56, 159]
[114, 59, 161]
[115, 52, 162]
[115, 52, 162]
[114, 58, 163]
[116, 60, 167]
[112, 63, 165]
[109, 69, 163]
[113, 66, 165]
[115, 64, 164]
[114, 62, 160]
[115, 59, 159]
[115, 65, 160]
[115, 54, 156]
[113, 56, 158]
[112, 54, 156]
[110, 64, 160]
[109, 67, 159]
[112, 63, 157]
[114, 60, 157]
[112, 63, 159]
[112, 62, 160]
[112, 65, 162]
[112, 69, 163]
[110, 64, 159]
[109, 68, 158]
[112, 66, 158]
[111, 68, 158]
[112, 70, 161]
[109, 69, 162]
[112, 68, 165]
[112, 69, 163]
[111, 76, 162]
[113, 76, 162]
[116, 76, 164]
[116, 77, 163]
[115, 77, 162]
[113, 78, 163]
[112, 81, 164]
[110, 77, 162]
[112, 72, 162]
[113, 71, 162]
[113, 71, 162]
[111, 77, 160]
[110, 75, 157]
[109, 72, 156]
[110, 65, 156]
[109, 69, 156]
[110, 64, 159]
[112, 63, 159]
[112, 65, 160]
[109, 73, 154]
[113, 77, 159]
[113, 79, 161]
[110, 84, 161]
[111, 42, 163]
[107, 46, 161]
[107, 48, 163]
[107, 46, 161]
[109, 42, 162]
[111, 42, 163]
[110, 46, 162]
[110, 37, 158]
[110, 37, 159]
[107, 46, 161]
[104, 54, 162]
[105, 48, 158]
[107, 49, 160]
[109, 53, 160]
[108, 54, 160]
[108, 54, 161]
[108, 53, 164]
[106, 57, 162]
[105, 61, 163]
[111, 49, 160]
[111, 49, 160]
[113, 46, 160]
[109, 53, 159]
[110, 55, 161]
[112, 52, 161]
[112, 52, 161]
[113, 54, 164]
[116, 53, 165]
[115, 48, 161]
[115, 52, 163]
[113, 55, 163]
[115, 54, 165]
[115, 52, 163]
[113, 55, 163]
[111, 58, 164]
[108, 57, 161]
[111, 58, 163]
[112, 52, 161]
[113, 49, 161]
[111, 58, 162]
[110, 60, 162]
[110, 62, 164]
[111, 66, 163]
[112, 62, 161]
[113, 55, 161]
[113, 55, 162]
[113, 55, 162]
[115, 48, 160]
[115, 52, 162]
[108, 57, 160]
[107, 61, 160]
[111, 58, 162]
[110, 56, 160]
[110, 60, 162]
[110, 60, 162]
[109, 65, 164]
[109, 68, 166]
[112, 67, 167]
[112, 67, 168]
[114, 60, 166]
[114, 60, 166]
[116, 53, 164]
[114, 58, 163]
[115, 56, 160]
[113, 67, 163]
[112, 65, 161]
[115, 58, 162]
[114, 59, 161]
[116, 53, 164]
[115, 52, 162]
[115, 54, 164]
[112, 61, 164]
[108, 63, 162]
[110, 62, 164]
[109, 66, 163]
[111, 65, 165]
[110, 63, 163]
[111, 58, 162]
[113, 55, 163]
[112, 52, 161]
[116, 50, 162]
[113, 49, 160]
[113, 55, 162]
[116, 53, 163]
[113, 50, 159]
[116, 53, 163]
[117, 57, 162]
[117, 57, 160]
[114, 60, 158]
[115, 54, 156]
[112, 55, 154]
[111, 60, 158]
[111, 67, 161]
[109, 68, 158]
[109, 69, 162]
[112, 63, 159]
[114, 62, 160]
[113, 70, 164]
[113, 78, 163]
[115, 80, 163]
[116, 72, 160]
[115, 76, 164]
[115, 77, 163]
[112, 81, 158]
[112, 80, 159]
[111, 77, 158]
[110, 75, 157]
[112, 71, 157]
[111, 69, 155]
[112, 71, 157]
[109, 72, 156]
[113, 69, 158]
[113, 69, 158]
[115, 55, 154]
[115, 65, 161]
[111, 68, 158]
[111, 69, 155]
[113, 71, 155]
[109, 73, 154]
[110, 75, 157]
[110, 39, 162]
[107, 49, 162]
[103, 51, 160]
[107, 49, 162]
[111, 48, 164]
[111, 43, 160]
[111, 42, 162]
[108, 40, 159]
[111, 41, 166]
[109, 42, 163]
[110, 45, 164]
[109, 51, 165]
[112, 51, 166]
[112, 52, 163]
[113, 48, 163]
[109, 52, 162]
[106, 51, 159]
[106, 52, 158]
[108, 55, 159]
[111, 50, 159]
[111, 50, 159]
[113, 47, 159]
[108, 54, 160]
[109, 53, 160]
[111, 49, 160]
[115, 47, 162]
[112, 52, 162]
[115, 52, 163]
[112, 52, 161]
[115, 52, 163]
[112, 52, 162]
[115, 51, 164]
[114, 57, 165]
[110, 59, 163]
[110, 60, 162]
[110, 60, 162]
[111, 58, 164]
[112, 52, 162]
[115, 51, 164]
[110, 55, 161]
[110, 60, 162]
[109, 68, 166]
[111, 65, 166]
[112, 61, 164]
[107, 61, 159]
[110, 60, 161]
[115, 52, 162]
[111, 50, 159]
[113, 49, 161]
[111, 58, 162]
[108, 57, 160]
[111, 58, 162]
[115, 52, 162]
[111, 59, 161]
[109, 67, 160]
[110, 64, 160]
[109, 68, 166]
[112, 61, 164]
[115, 52, 162]
[114, 58, 164]
[115, 54, 164]
[114, 60, 165]
[115, 55, 163]
[112, 61, 163]
[113, 66, 167]
[112, 65, 161]
[115, 52, 161]
[113, 55, 162]
[112, 52, 161]
[115, 54, 164]
[116, 60, 167]
[112, 64, 163]
[112, 62, 161]
[111, 59, 161]
[110, 63, 163]
[109, 68, 166]
[109, 68, 166]
[110, 60, 162]
[110, 56, 160]
[111, 50, 158]
[113, 49, 160]
[112, 53, 159]
[113, 56, 159]
[113, 49, 160]
[112, 53, 160]
[115, 55, 163]
[116, 60, 165]
[115, 58, 162]
[115, 64, 163]
[115, 57, 156]
[113, 58, 155]
[110, 62, 156]
[109, 68, 158]
[109, 70, 160]
[110, 72, 162]
[111, 67, 160]
[114, 63, 159]
[115, 67, 163]
[113, 76, 167]
[113, 75, 164]
[114, 73, 164]
[112, 70, 160]
[112, 79, 162]
[111, 81, 160]
[111, 81, 160]
[112, 71, 158]
[110, 73, 160]
[109, 71, 158]
[114, 63, 158]
[115, 69, 158]
[116, 66, 158]
[115, 67, 156]
[115, 66, 158]
[115, 61, 155]
[114, 64, 156]
[111, 68, 158]
[111, 68, 158]
[113, 68, 161]
[111, 68, 158]
[110, 73, 160]
[108, 54, 161]
[108, 57, 161]
[108, 63, 162]
[110, 56, 160]
[109, 44, 157]
[110, 46, 162]
[107, 49, 162]
[109, 52, 162]
[107, 49, 160]
[109, 53, 160]
[111, 57, 165]
[110, 55, 162]
[115, 51, 165]
[113, 55, 163]
[113, 55, 163]
[113, 47, 159]
[110, 47, 159]
[110, 40, 160]
[111, 42, 162]
[112, 52, 163]
[111, 58, 163]
[108, 57, 161]
[108, 57, 161]
[113, 55, 163]
[115, 52, 163]
[112, 52, 161]
[115, 52, 163]
[115, 48, 161]
[111, 49, 161]
[111, 44, 158]
[111, 44, 158]
[110, 55, 161]
[108, 63, 163]
[110, 62, 164]
[111, 65, 166]
[112, 61, 164]
[112, 53, 160]
[113, 54, 164]
[113, 54, 165]
[110, 55, 161]
[108, 57, 160]
[108, 63, 162]
[108, 63, 163]
[110, 55, 161]
[110, 59, 163]
[110, 62, 164]
[112, 61, 164]
[114, 58, 164]
[115, 57, 166]
[115, 63, 167]
[114, 60, 166]
[115, 52, 162]
[115, 52, 162]
[112, 52, 161]
[113, 49, 160]
[114, 58, 164]
[113, 54, 164]
[113, 49, 161]
[112, 52, 161]
[115, 52, 162]
[108, 57, 160]
[110, 60, 162]
[110, 60, 162]
[110, 55, 161]
[113, 49, 160]
[112, 61, 164]
[109, 65, 164]
[110, 63, 161]
[113, 67, 164]
[112, 64, 163]
[112, 64, 163]
[113, 66, 167]
[112, 68, 165]
[109, 69, 163]
[112, 62, 160]
[112, 62, 161]
[109, 67, 161]
[110, 62, 164]
[108, 57, 160]
[108, 63, 162]
[108, 63, 162]
[106, 58, 157]
[107, 62, 157]
[108, 58, 159]
[107, 62, 157]
[110, 63, 161]
[109, 67, 161]
[110, 63, 161]
[111, 65, 165]
[108, 70, 163]
[112, 69, 163]
[109, 71, 159]
[111, 67, 161]
[108, 72, 160]
[109, 80, 162]
[108, 84, 160]
[109, 81, 160]
[109, 75, 160]
[109, 71, 158]
[111, 76, 162]
[109, 71, 158]
[112, 70, 160]
[109, 72, 156]
[110, 75, 157]
[108, 74, 156]
[113, 68, 161]
[113, 68, 162]
[112, 66, 158]
[116, 63, 158]
[114, 63, 158]
[113, 69, 160]
[111, 69, 156]
[110, 74, 158]
[111, 67, 159]
[111, 67, 160]
[110, 72, 164]
[111, 75, 164]
[113, 71, 162]
[113, 69, 160]
[112, 70, 160]
[108, 53, 165]
[108, 55, 166]
[106, 55, 166]
[109, 51, 166]
[110, 39, 162]
[110, 45, 164]
[109, 51, 165]
[109, 52, 162]
[113, 54, 165]
[110, 55, 162]
[111, 57, 165]
[110, 55, 163]
[113, 48, 163]
[113, 54, 164]
[115, 51, 164]
[111, 49, 161]
[110, 47, 159]
[110, 41, 155]
[110, 41, 156]
[111, 49, 160]
[110, 55, 162]
[110, 59, 163]
[110, 56, 160]
[113, 55, 162]
[113, 49, 162]
[113, 54, 165]
[113, 54, 166]
[113, 48, 164]
[112, 52, 162]
[111, 44, 158]
[110, 46, 162]
[112, 51, 164]
[111, 58, 163]
[112, 61, 164]
[112, 61, 164]
[114, 57, 166]
[110, 55, 162]
[111, 58, 163]
[113, 49, 161]
[111, 58, 162]
[111, 58, 162]
[111, 58, 162]
[108, 57, 160]
[111, 58, 162]
[112, 61, 164]
[112, 63, 166]
[112, 63, 165]
[114, 61, 163]
[114, 61, 163]
[116, 60, 167]
[115, 62, 168]
[115, 54, 164]
[113, 55, 161]
[115, 52, 161]
[113, 49, 160]
[114, 58, 164]
[115, 52, 162]
[112, 53, 160]
[110, 55, 161]
[110, 60, 162]
[108, 63, 162]
[108, 55, 159]
[108, 55, 158]
[112, 53, 160]
[113, 49, 160]
[112, 61, 164]
[109, 68, 166]
[111, 65, 165]
[109, 69, 162]
[113, 70, 165]
[112, 65, 161]
[112, 68, 164]
[109, 69, 163]
[112, 68, 165]
[109, 69, 162]
[110, 64, 160]
[110, 63, 161]
[110, 61, 159]
[107, 61, 160]
[110, 60, 162]
[110, 60, 161]
[106, 58, 157]
[107, 62, 157]
[108, 59, 156]
[107, 63, 154]
[110, 65, 158]
[110, 64, 159]
[110, 64, 159]
[109, 71, 159]
[108, 73, 158]
[109, 71, 158]
[110, 72, 162]
[111, 67, 161]
[109, 70, 161]
[110, 82, 165]
[108, 83, 162]
[108, 78, 160]
[106, 79, 159]
[108, 77, 163]
[109, 70, 160]
[109, 71, 158]
[112, 70, 160]
[111, 68, 158]
[109, 71, 158]
[110, 73, 160]
[112, 64, 156]
[116, 62, 160]
[114, 63, 158]
[116, 62, 160]
[114, 63, 158]
[112, 66, 158]
[110, 65, 156]
[110, 65, 157]
[110, 75, 157]
[111, 70, 153]
[111, 78, 157]
[112, 80, 160]
[113, 76, 161]
[114, 74, 161]
[113, 70, 156]
[109, 43, 161]
[107, 48, 163]
[107, 48, 163]
[109, 44, 158]
[108, 41, 156]
[110, 37, 158]
[110, 40, 160]
[109, 52, 162]
[106, 57, 161]
[108, 54, 162]
[108, 53, 164]
[106, 56, 164]
[106, 56, 164]
[109, 52, 162]
[110, 55, 163]
[109, 53, 160]
[105, 49, 156]
[107, 50, 157]
[109, 44, 157]
[109, 44, 157]
[113, 46, 162]
[110, 54, 164]
[111, 58, 164]
[110, 55, 161]
[115, 52, 162]
[112, 52, 162]
[115, 51, 165]
[112, 52, 162]
[112, 52, 161]
[110, 55, 162]
[115, 52, 163]
[112, 52, 161]
[115, 52, 162]
[112, 52, 161]
[110, 59, 163]
[108, 57, 161]
[108, 63, 163]
[108, 57, 160]
[113, 55, 162]
[112, 52, 161]
[112, 52, 161]
[115, 54, 165]
[112, 63, 166]
[112, 64, 163]
[112, 69, 163]
[109, 65, 164]
[108, 62, 164]
[111, 58, 163]
[113, 55, 163]
[113, 49, 161]
[112, 52, 161]
[115, 52, 163]
[113, 55, 163]
[116, 50, 162]
[113, 49, 160]
[113, 49, 161]
[110, 59, 163]
[108, 57, 161]
[110, 59, 163]
[107, 61, 160]
[108, 63, 161]
[109, 54, 155]
[113, 47, 158]
[112, 53, 160]
[115, 52, 162]
[110, 56, 160]
[108, 63, 162]
[110, 62, 164]
[112, 68, 165]
[112, 63, 165]
[113, 65, 168]
[112, 63, 165]
[115, 62, 168]
[114, 61, 163]
[114, 61, 162]
[113, 67, 163]
[112, 68, 164]
[109, 67, 161]
[108, 58, 157]
[108, 63, 162]
[108, 63, 162]
[110, 56, 160]
[109, 67, 160]
[111, 68, 158]
[110, 73, 160]
[111, 68, 158]
[112, 66, 158]
[112, 66, 158]
[111, 67, 160]
[113, 68, 162]
[112, 63, 158]
[111, 60, 157]
[108, 59, 156]
[110, 64, 159]
[111, 67, 159]
[109, 71, 158]
[107, 70, 157]
[107, 67, 157]
[108, 65, 158]
[107, 63, 154]
[111, 68, 158]
[112, 71, 158]
[110, 67, 152]
[112, 65, 152]
[112, 65, 152]
[111, 62, 151]
[112, 55, 152]
[114, 60, 157]
[115, 65, 161]
[114, 63, 158]
[113, 70, 157]
[111, 69, 156]
[111, 69, 156]
[109, 72, 156]
[111, 77, 160]
[113, 73, 158]
[113, 72, 159]
[113, 72, 159]
[113, 70, 156]
[112, 74, 159]
[109, 43, 160]
[107, 49, 160]
[110, 46, 160]
[109, 44, 157]
[109, 44, 157]
[111, 43, 160]
[111, 49, 162]
[110, 54, 164]
[108, 56, 164]
[108, 54, 161]
[103, 51, 160]
[108, 53, 165]
[107, 48, 163]
[109, 51, 164]
[108, 56, 164]
[109, 52, 162]
[110, 46, 160]
[107, 47, 156]
[109, 44, 157]
[111, 44, 157]
[113, 49, 161]
[110, 55, 161]
[111, 58, 164]
[110, 55, 162]
[113, 55, 163]
[113, 46, 160]
[113, 54, 164]
[113, 49, 162]
[111, 49, 160]
[113, 46, 160]
[113, 49, 161]
[113, 55, 162]
[112, 53, 160]
[110, 60, 162]
[110, 60, 162]
[107, 60, 162]
[108, 57, 162]
[108, 63, 162]
[108, 57, 160]
[111, 58, 162]
[113, 55, 163]
[113, 49, 161]
[113, 55, 163]
[112, 63, 166]
[112, 66, 169]
[107, 67, 164]
[107, 70, 164]
[107, 61, 160]
[109, 45, 154]
[115, 45, 157]
[118, 45, 157]
[115, 45, 158]
[112, 53, 160]
[113, 47, 157]
[111, 50, 158]
[111, 44, 156]
[109, 53, 159]
[108, 55, 159]
[108, 55, 158]
[107, 60, 161]
[110, 60, 162]
[112, 53, 160]
[115, 52, 161]
[113, 50, 159]
[112, 53, 159]
[111, 59, 161]
[108, 63, 162]
[110, 62, 164]
[111, 58, 162]
[114, 58, 164]
[114, 60, 165]
[115, 58, 162]
[114, 59, 161]
[116, 51, 159]
[115, 58, 163]
[112, 65, 161]
[112, 69, 162]
[109, 67, 159]
[108, 65, 158]
[110, 61, 159]
[108, 57, 160]
[111, 58, 162]
[109, 69, 162]
[112, 72, 162]
[112, 71, 158]
[109, 76, 158]
[110, 73, 160]
[109, 71, 158]
[109, 71, 159]
[113, 69, 160]
[114, 63, 158]
[113, 58, 154]
[112, 55, 153]
[113, 57, 156]
[108, 60, 152]
[112, 64, 156]
[110, 65, 158]
[108, 65, 156]
[108, 66, 154]
[110, 58, 153]
[112, 69, 162]
[109, 70, 160]
[109, 71, 158]
[113, 69, 160]
[113, 69, 158]
[112, 66, 158]
[115, 57, 156]
[112, 64, 156]
[111, 69, 156]
[111, 68, 158]
[112, 70, 160]
[112, 66, 158]
[111, 69, 155]
[110, 79, 158]
[111, 77, 158]
[115, 69, 158]
[115, 69, 158]
[114, 75, 159]
[113, 73, 157]
[112, 74, 159]
[113, 47, 167]
[110, 45, 163]
[110, 46, 162]
[110, 40, 158]
[110, 46, 162]
[110, 39, 162]
[110, 45, 163]
[107, 46, 160]
[110, 46, 162]
[109, 44, 157]
[111, 44, 157]
[109, 44, 156]
[109, 53, 160]
[110, 55, 161]
[115, 52, 162]
[112, 52, 162]
[113, 54, 164]
[113, 49, 162]
[113, 54, 165]
[113, 49, 162]
[113, 49, 162]
[112, 61, 164]
[108, 63, 162]
[110, 60, 162]
[110, 60, 162]
[110, 55, 161]
[113, 49, 162]
[111, 57, 165]
[109, 52, 162]
[111, 49, 161]
[112, 52, 161]
[112, 61, 164]
[115, 57, 166]
[114, 58, 164]
[112, 61, 164]
[112, 60, 165]
[110, 55, 161]
[110, 60, 162]
[108, 57, 161]
[111, 58, 163]
[110, 55, 161]
[111, 58, 163]
[112, 52, 162]
[115, 54, 165]
[114, 57, 165]
[110, 62, 165]
[108, 63, 163]
[111, 58, 162]
[113, 55, 162]
[113, 47, 158]
[116, 50, 162]
[113, 49, 160]
[115, 52, 162]
[111, 50, 158]
[115, 52, 162]
[112, 52, 161]
[110, 55, 161]
[108, 54, 160]
[107, 60, 161]
[110, 56, 160]
[113, 49, 160]
[113, 55, 161]
[115, 52, 162]
[112, 53, 160]
[113, 55, 162]
[112, 63, 166]
[109, 69, 163]
[111, 67, 161]
[113, 68, 162]
[114, 62, 160]
[115, 58, 162]
[113, 67, 164]
[113, 67, 164]
[111, 60, 158]
[111, 60, 158]
[110, 61, 159]
[109, 67, 161]
[112, 62, 161]
[112, 62, 160]
[112, 63, 158]
[111, 60, 156]
[112, 63, 159]
[112, 65, 161]
[113, 69, 160]
[112, 70, 160]
[109, 70, 160]
[108, 77, 163]
[107, 75, 160]
[109, 80, 162]
[110, 77, 162]
[110, 73, 161]
[112, 63, 158]
[115, 53, 158]
[114, 62, 161]
[115, 56, 158]
[114, 60, 156]
[112, 66, 159]
[111, 67, 159]
[110, 73, 160]
[112, 73, 160]
[111, 69, 155]
[111, 75, 163]
[112, 77, 165]
[113, 78, 164]
[112, 83, 159]
[113, 75, 164]
[110, 73, 161]
[112, 72, 162]
[112, 70, 160]
[110, 77, 162]
[111, 83, 163]
[112, 80, 160]
[110, 86, 163]
[110, 83, 162]
[110, 87, 162]
[109, 88, 159]
[112, 83, 160]
[112, 80, 159]
[112, 81, 164]
[114, 74, 162]
[113, 46, 162]
[110, 46, 160]
[109, 44, 156]
[110, 41, 156]
[108, 41, 155]
[110, 40, 158]
[107, 49, 162]
[107, 46, 160]
[110, 46, 162]
[109, 44, 158]
[110, 41, 156]
[107, 50, 157]
[108, 55, 159]
[108, 57, 161]
[115, 51, 164]
[112, 52, 162]
[113, 54, 164]
[113, 49, 162]
[113, 54, 164]
[113, 48, 163]
[113, 48, 163]
[112, 60, 165]
[109, 65, 166]
[111, 57, 165]
[110, 54, 164]
[109, 52, 162]
[110, 55, 162]
[110, 59, 164]
[107, 59, 163]
[109, 52, 162]
[108, 57, 162]
[112, 61, 164]
[115, 63, 165]
[114, 60, 165]
[112, 63, 165]
[114, 59, 160]
[115, 53, 159]
[111, 58, 162]
[110, 55, 161]
[110, 59, 163]
[110, 55, 161]
[113, 55, 163]
[112, 53, 160]
[116, 50, 162]
[116, 53, 164]
[112, 60, 165]
[108, 57, 161]
[111, 58, 162]
[112, 53, 160]
[113, 55, 162]
[113, 50, 159]
[113, 56, 159]
[115, 53, 159]
[112, 54, 157]
[115, 53, 159]
[112, 53, 159]
[113, 55, 161]
[109, 53, 158]
[110, 60, 162]
[112, 53, 159]
[114, 59, 160]
[115, 55, 163]
[113, 49, 160]
[111, 59, 161]
[111, 59, 159]
[112, 65, 162]
[109, 69, 162]
[112, 68, 164]
[109, 69, 163]
[115, 63, 167]
[116, 60, 167]
[113, 66, 165]
[113, 66, 165]
[111, 66, 163]
[109, 67, 159]
[111, 60, 156]
[113, 51, 156]
[114, 59, 160]
[114, 59, 161]
[112, 61, 163]
[112, 61, 164]
[114, 58, 163]
[116, 60, 165]
[114, 62, 161]
[112, 65, 162]
[110, 64, 160]
[109, 70, 161]
[108, 72, 159]
[110, 83, 162]
[110, 77, 162]
[110, 73, 161]
[109, 67, 160]
[113, 57, 156]
[114, 64, 155]
[115, 61, 155]
[112, 64, 156]
[110, 65, 156]
[111, 68, 158]
[112, 71, 158]
[111, 77, 159]
[112, 73, 160]
[110, 73, 160]
[113, 75, 164]
[114, 73, 164]
[113, 78, 163]
[113, 77, 160]
[111, 77, 158]
[113, 73, 158]
[112, 75, 157]
[111, 81, 160]
[113, 76, 162]
[112, 80, 166]
[111, 80, 162]
[110, 86, 164]
[108, 89, 161]
[109, 90, 162]
[110, 88, 160]
[113, 77, 159]
[113, 80, 160]
[113, 78, 157]
H	tG2.72019G110.877
MS	tG15.715G56.1844
V	tG3.84439G159.294
