[65, 123, 85]
[66, 129, 85]
[65, 129, 85]
[64, 123, 85]
[64, 123, 85]
[67, 133, 86]
[65, 133, 86]
[70, 129, 87]
[68, 117, 87]
[66, 125, 88]
[65, 131, 84]
[63, 113, 81]
[65, 124, 84]
[64, 120, 87]
[65, 120, 87]
[71, 125, 86]
[70, 119, 86]
[69, 109, 82]
[72, 121, 82]
[70, 123, 83]
[71, 132, 85]
[73, 131, 84]
[72, 145, 86]
[68, 138, 89]
[66, 138, 89]
[70, 136, 88]
[70, 139, 86]
[68, 152, 89]
[67, 142, 90]
[68, 140, 91]
[68, 140, 91]
[66, 133, 92]
[66, 133, 92]
[68, 139, 92]
[68, 142, 90]
[65, 130, 88]
[65, 142, 88]
[64, 139, 90]
[61, 132, 91]
[64, 129, 91]
[65, 126, 91]
[65, 126, 91]
[70, 133, 90]
[68, 136, 90]
[66, 136, 90]
[68, 140, 91]
[68, 142, 90]
[65, 137, 91]
[64, 140, 93]
[65, 136, 92]
[64, 134, 93]
[62, 123, 91]
[64, 115, 91]
[65, 122, 90]
[61, 120, 89]
[62, 130, 86]
[64, 123, 85]
[65, 126, 87]
[65, 119, 88]
[65, 123, 89]
[64, 119, 88]
[66, 125, 88]
[65, 126, 87]
[65, 130, 88]
[65, 130, 88]
[67, 130, 88]
[68, 145, 88]
[66, 142, 86]
[65, 144, 87]
[64, 143, 91]
[64, 137, 91]
[61, 130, 92]
[63, 129, 91]
[64, 129, 91]
[64, 137, 95]
[62, 129, 99]
[62, 128, 100]
[63, 131, 101]
[65, 128, 98]
[65, 134, 97]
[67, 130, 98]
[66, 126, 97]
[65, 117, 98]
[68, 126, 97]
[63, 118, 99]
[60, 120, 100]
[62, 126, 101]
[65, 125, 100]
[68, 125, 98]
[63, 121, 97]
[61, 118, 97]
[59, 125, 94]
[61, 123, 93]
[61, 119, 90]
[62, 123, 91]
[61, 127, 94]
[64, 132, 95]
[64, 129, 91]
[67, 130, 88]
[64, 132, 89]
[64, 130, 90]
[65, 136, 92]
[66, 120, 91]
[63, 123, 91]
[62, 116, 92]
[63, 126, 93]
[62, 134, 95]
[64, 133, 94]
[67, 136, 94]
[66, 132, 93]
[65, 125, 92]
[63, 123, 91]
[64, 133, 94]
[65, 132, 95]
[62, 131, 97]
[64, 135, 96]
[65, 134, 97]
[65, 128, 98]
[65, 131, 99]
[64, 123, 95]
[65, 129, 81]
[66, 129, 85]
[65, 126, 87]
[64, 120, 87]
[66, 126, 87]
[64, 120, 87]
[64, 120, 87]
[69, 125, 86]
[65, 120, 87]
[66, 129, 85]
[65, 131, 84]
[65, 128, 82]
[65, 137, 80]
[68, 126, 81]
[71, 129, 83]
[70, 132, 85]
[72, 126, 83]
[70, 121, 84]
[72, 121, 82]
[70, 124, 82]
[73, 127, 86]
[71, 136, 88]
[70, 140, 89]
[68, 138, 89]
[67, 142, 90]
[70, 136, 88]
[66, 136, 90]
[68, 144, 94]
[68, 137, 93]
[67, 139, 92]
[67, 142, 90]
[68, 141, 87]
[66, 138, 89]
[68, 140, 91]
[68, 138, 89]
[64, 132, 89]
[63, 130, 90]
[63, 127, 92]
[61, 129, 93]
[63, 127, 92]
[65, 129, 89]
[66, 136, 90]
[68, 142, 90]
[70, 135, 89]
[66, 135, 91]
[68, 137, 93]
[67, 137, 93]
[65, 137, 91]
[65, 139, 90]
[64, 132, 89]
[61, 132, 91]
[63, 127, 92]
[62, 123, 91]
[65, 123, 89]
[62, 123, 91]
[59, 122, 92]
[64, 117, 89]
[65, 126, 87]
[64, 120, 87]
[66, 126, 87]
[65, 119, 88]
[66, 123, 89]
[64, 117, 89]
[65, 123, 89]
[64, 117, 89]
[65, 123, 89]
[67, 127, 90]
[65, 137, 91]
[64, 143, 91]
[61, 139, 92]
[60, 132, 91]
[64, 132, 89]
[67, 127, 90]
[64, 126, 93]
[61, 126, 95]
[63, 123, 95]
[63, 133, 100]
[65, 128, 98]
[65, 128, 98]
[65, 131, 99]
[67, 129, 99]
[65, 118, 97]
[68, 128, 100]
[65, 117, 98]
[61, 109, 98]
[62, 113, 99]
[65, 124, 101]
[66, 124, 99]
[66, 124, 99]
[62, 114, 98]
[59, 113, 99]
[61, 117, 98]
[61, 117, 98]
[61, 112, 96]
[61, 116, 92]
[61, 125, 96]
[64, 128, 98]
[66, 130, 94]
[67, 126, 91]
[65, 127, 90]
[66, 135, 91]
[68, 135, 91]
[68, 135, 91]
[63, 123, 91]
[61, 116, 92]
[61, 129, 93]
[62, 136, 94]
[65, 136, 92]
[67, 139, 92]
[65, 136, 92]
[62, 123, 91]
[61, 118, 91]
[61, 123, 93]
[64, 133, 94]
[63, 138, 96]
[63, 125, 94]
[65, 137, 95]
[65, 136, 92]
[65, 138, 94]
[64, 126, 93]
[70, 123, 83]
[73, 135, 81]
[72, 123, 81]
[69, 129, 83]
[65, 129, 85]
[65, 123, 85]
[70, 123, 83]
[71, 131, 82]
[71, 132, 81]
[72, 132, 79]
[72, 126, 79]
[72, 138, 76]
[72, 126, 79]
[69, 127, 84]
[65, 120, 87]
[66, 126, 87]
[65, 123, 85]
[65, 132, 83]
[66, 134, 82]
[70, 137, 82]
[71, 135, 83]
[71, 132, 85]
[73, 135, 87]
[70, 144, 87]
[68, 147, 87]
[68, 141, 87]
[68, 141, 87]
[67, 145, 88]
[64, 142, 88]
[64, 132, 89]
[67, 140, 91]
[68, 135, 91]
[68, 135, 91]
[64, 127, 92]
[67, 137, 93]
[66, 133, 92]
[66, 136, 90]
[65, 129, 89]
[65, 129, 89]
[65, 130, 88]
[67, 135, 85]
[65, 130, 88]
[67, 130, 88]
[65, 129, 89]
[66, 136, 90]
[67, 130, 88]
[67, 133, 86]
[64, 135, 87]
[64, 136, 86]
[64, 136, 86]
[61, 136, 88]
[64, 132, 89]
[67, 130, 88]
[65, 133, 86]
[61, 122, 88]
[61, 126, 91]
[61, 119, 90]
[65, 130, 88]
[67, 130, 88]
[67, 130, 88]
[67, 130, 88]
[65, 129, 89]
[65, 116, 90]
[65, 122, 90]
[63, 125, 90]
[61, 119, 90]
[63, 125, 90]
[64, 136, 92]
[63, 141, 94]
[64, 130, 90]
[64, 120, 87]
[65, 126, 87]
[68, 138, 89]
[66, 136, 90]
[66, 135, 91]
[66, 123, 89]
[65, 122, 90]
[64, 125, 94]
[63, 121, 97]
[64, 120, 98]
[65, 120, 96]
[66, 129, 95]
[67, 129, 99]
[65, 126, 99]
[64, 130, 100]
[66, 125, 98]
[66, 125, 98]
[67, 118, 97]
[65, 117, 98]
[63, 116, 101]
[62, 111, 101]
[61, 113, 102]
[62, 112, 100]
[62, 108, 99]
[65, 108, 97]
[64, 120, 98]
[61, 122, 98]
[65, 128, 98]
[65, 130, 100]
[65, 128, 98]
[64, 130, 96]
[66, 129, 95]
[68, 134, 95]
[64, 127, 92]
[62, 122, 92]
[59, 126, 93]
[59, 126, 93]
[65, 133, 94]
[68, 132, 93]
[65, 122, 90]
[62, 123, 91]
[61, 119, 90]
[59, 121, 93]
[63, 123, 91]
[65, 137, 91]
[65, 137, 91]
[68, 139, 92]
[67, 145, 93]
[68, 133, 92]
[67, 137, 93]
[72, 123, 81]
[75, 137, 80]
[74, 139, 79]
[71, 134, 80]
[70, 126, 81]
[69, 131, 82]
[72, 123, 81]
[75, 135, 81]
[75, 137, 80]
[73, 143, 82]
[71, 134, 84]
[72, 128, 82]
[71, 131, 82]
[68, 121, 84]
[64, 120, 87]
[63, 111, 83]
[65, 129, 85]
[64, 123, 85]
[64, 123, 85]
[69, 125, 86]
[70, 129, 87]
[71, 129, 87]
[73, 142, 86]
[71, 139, 86]
[70, 145, 86]
[70, 141, 85]
[66, 142, 86]
[68, 147, 87]
[64, 132, 89]
[63, 127, 88]
[66, 125, 88]
[65, 129, 89]
[66, 136, 90]
[66, 135, 91]
[66, 133, 92]
[68, 139, 92]
[70, 139, 90]
[68, 136, 90]
[68, 136, 90]
[70, 139, 90]
[70, 135, 89]
[64, 132, 89]
[65, 125, 88]
[65, 129, 89]
[66, 138, 89]
[70, 136, 88]
[70, 139, 90]
[68, 136, 90]
[68, 138, 89]
[65, 133, 86]
[67, 135, 85]
[65, 133, 86]
[67, 137, 84]
[67, 138, 83]
[64, 129, 81]
[63, 135, 83]
[62, 126, 85]
[65, 126, 87]
[64, 120, 87]
[66, 125, 88]
[67, 129, 89]
[65, 133, 86]
[67, 133, 86]
[65, 126, 87]
[62, 122, 88]
[62, 122, 88]
[63, 126, 89]
[65, 129, 89]
[66, 125, 88]
[65, 126, 87]
[66, 125, 88]
[64, 117, 89]
[66, 123, 89]
[65, 127, 90]
[68, 140, 91]
[67, 130, 88]
[63, 125, 90]
[62, 119, 94]
[61, 112, 96]
[61, 118, 97]
[68, 125, 98]
[65, 125, 100]
[62, 124, 103]
[64, 126, 103]
[63, 129, 103]
[65, 129, 101]
[66, 125, 98]
[68, 130, 98]
[65, 131, 99]
[63, 120, 98]
[64, 125, 100]
[61, 119, 101]
[63, 116, 101]
[65, 116, 99]
[68, 124, 99]
[65, 116, 99]
[67, 125, 102]
[65, 124, 101]
[63, 130, 102]
[64, 124, 101]
[64, 124, 101]
[61, 120, 100]
[65, 128, 98]
[65, 130, 96]
[64, 128, 98]
[61, 122, 98]
[63, 121, 97]
[61, 125, 96]
[68, 133, 96]
[67, 126, 91]
[67, 129, 89]
[65, 126, 91]
[65, 134, 93]
[64, 127, 92]
[65, 136, 92]
[65, 134, 93]
[65, 138, 94]
[66, 146, 94]
[66, 146, 94]
[66, 146, 94]
[71, 129, 83]
[74, 138, 85]
[73, 139, 79]
[72, 138, 76]
[70, 129, 79]
[72, 132, 79]
[72, 124, 80]
[69, 132, 81]
[70, 137, 82]
[67, 137, 84]
[66, 131, 84]
[66, 129, 85]
[66, 129, 85]
[64, 123, 85]
[64, 123, 85]
[66, 126, 87]
[68, 123, 83]
[70, 135, 83]
[70, 147, 85]
[70, 141, 85]
[71, 144, 83]
[71, 137, 82]
[73, 137, 80]
[71, 132, 81]
[72, 131, 80]
[70, 135, 83]
[68, 141, 87]
[66, 138, 89]
[62, 126, 89]
[62, 125, 90]
[63, 125, 90]
[66, 136, 90]
[68, 135, 91]
[68, 140, 91]
[67, 149, 91]
[68, 147, 92]
[68, 135, 91]
[72, 140, 89]
[70, 141, 85]
[68, 142, 90]
[68, 142, 90]
[66, 142, 86]
[65, 135, 85]
[65, 130, 88]
[67, 142, 90]
[68, 138, 89]
[68, 141, 87]
[68, 142, 90]
[67, 142, 90]
[70, 132, 85]
[71, 135, 83]
[73, 135, 81]
[66, 132, 83]
[69, 127, 84]
[64, 123, 85]
[65, 131, 84]
[61, 125, 86]
[62, 127, 88]
[59, 126, 89]
[62, 127, 88]
[62, 120, 89]
[65, 126, 87]
[65, 123, 85]
[65, 126, 87]
[65, 120, 87]
[65, 129, 85]
[64, 123, 85]
[66, 129, 85]
[64, 123, 85]
[66, 126, 87]
[64, 119, 88]
[64, 127, 92]
[64, 127, 92]
[65, 127, 90]
[67, 133, 86]
[67, 130, 88]
[63, 126, 89]
[61, 119, 90]
[61, 118, 91]
[65, 119, 92]
[67, 120, 96]
[66, 129, 95]
[68, 126, 97]
[65, 131, 99]
[65, 136, 101]
[65, 135, 102]
[64, 128, 102]
[65, 126, 103]
[65, 124, 101]
[64, 126, 103]
[64, 123, 102]
[62, 126, 101]
[64, 125, 100]
[65, 130, 100]
[64, 125, 100]
[64, 130, 100]
[63, 130, 102]
[65, 126, 99]
[65, 131, 99]
[63, 121, 97]
[61, 118, 97]
[58, 108, 92]
[63, 116, 97]
[65, 114, 96]
[68, 129, 99]
[65, 128, 98]
[65, 130, 96]
[65, 134, 97]
[68, 130, 98]
[65, 122, 94]
[64, 123, 95]
[65, 122, 94]
[68, 135, 91]
[66, 136, 90]
[67, 137, 93]
[64, 129, 91]
[61, 132, 91]
[61, 139, 92]
[64, 137, 91]
[63, 143, 93]
[70, 126, 81]
[74, 137, 80]
[74, 137, 80]
[74, 132, 79]
[70, 128, 80]
[72, 129, 81]
[70, 124, 82]
[69, 131, 82]
[65, 137, 84]
[66, 134, 82]
[64, 124, 84]
[66, 126, 87]
[66, 125, 88]
[64, 117, 89]
[65, 126, 87]
[69, 125, 86]
[71, 129, 87]
[71, 136, 88]
[71, 136, 88]
[72, 144, 87]
[72, 145, 86]
[73, 135, 81]
[73, 135, 81]
[71, 134, 80]
[68, 126, 81]
[69, 129, 83]
[67, 130, 88]
[67, 130, 88]
[65, 129, 85]
[62, 130, 86]
[62, 126, 89]
[65, 136, 92]
[66, 135, 91]
[70, 139, 90]
[68, 149, 91]
[68, 149, 91]
[68, 142, 90]
[70, 139, 90]
[70, 140, 89]
[68, 138, 89]
[66, 136, 90]
[67, 127, 90]
[67, 129, 89]
[65, 129, 89]
[67, 140, 91]
[68, 136, 90]
[66, 138, 89]
[68, 142, 90]
[67, 142, 90]
[70, 136, 88]
[72, 144, 87]
[73, 138, 85]
[70, 132, 85]
[69, 127, 84]
[64, 124, 84]
[65, 137, 84]
[63, 138, 85]
[63, 136, 86]
[59, 129, 87]
[62, 130, 86]
[63, 134, 84]
[63, 134, 84]
[64, 126, 83]
[65, 131, 84]
[64, 123, 85]
[65, 126, 87]
[65, 130, 88]
[68, 138, 89]
[68, 136, 90]
[65, 129, 89]
[65, 130, 88]
[64, 132, 89]
[67, 145, 88]
[66, 141, 87]
[68, 142, 90]
[65, 130, 88]
[61, 130, 92]
[61, 119, 90]
[61, 120, 89]
[65, 126, 87]
[66, 126, 87]
[65, 127, 90]
[66, 132, 93]
[68, 141, 96]
[66, 141, 98]
[65, 138, 100]
[64, 126, 99]
[64, 130, 100]
[65, 129, 101]
[63, 117, 100]
[63, 116, 101]
[63, 116, 101]
[64, 124, 101]
[65, 130, 100]
[64, 125, 100]
[64, 129, 101]
[64, 130, 100]
[66, 126, 97]
[68, 130, 98]
[63, 121, 97]
[61, 122, 98]
[58, 106, 94]
[59, 116, 97]
[65, 118, 93]
[66, 129, 95]
[66, 126, 97]
[66, 126, 97]
[67, 133, 96]
[67, 134, 95]
[64, 121, 97]
[62, 116, 97]
[63, 114, 98]
[66, 124, 99]
[66, 125, 98]
[66, 129, 95]
[64, 126, 93]
[64, 134, 93]
[62, 134, 95]
[64, 135, 96]
[61, 125, 96]
[71, 134, 80]
[73, 126, 79]
[71, 134, 80]
[72, 123, 81]
[72, 129, 81]
[71, 134, 84]
[72, 123, 81]
[71, 131, 82]
[68, 124, 82]
[66, 126, 87]
[66, 126, 87]
[67, 106, 84]
[70, 121, 84]
[73, 132, 83]
[73, 147, 83]
[73, 143, 82]
[73, 138, 85]
[70, 129, 87]
[71, 136, 88]
[71, 139, 86]
[70, 144, 87]
[68, 138, 89]
[70, 140, 89]
[70, 139, 86]
[68, 141, 87]
[67, 130, 88]
[64, 120, 87]
[66, 126, 87]
[66, 141, 87]
[67, 135, 85]
[65, 126, 87]
[64, 135, 87]
[67, 145, 88]
[66, 141, 87]
[68, 145, 88]
[66, 138, 89]
[70, 136, 88]
[70, 140, 89]
[67, 142, 90]
[67, 130, 88]
[67, 133, 86]
[70, 139, 86]
[66, 138, 89]
[68, 140, 91]
[67, 142, 90]
[66, 136, 90]
[66, 138, 89]
[68, 142, 90]
[66, 138, 89]
[67, 130, 88]
[67, 142, 90]
[70, 139, 86]
[68, 141, 87]
[68, 147, 87]
[65, 135, 85]
[64, 132, 89]
[65, 146, 89]
[65, 144, 87]
[64, 138, 85]
[65, 138, 83]
[65, 137, 84]
[66, 131, 84]
[66, 131, 84]
[65, 124, 84]
[62, 126, 85]
[64, 132, 89]
[66, 138, 89]
[65, 139, 90]
[64, 143, 91]
[64, 139, 90]
[64, 146, 89]
[64, 135, 87]
[59, 129, 87]
[62, 127, 88]
[61, 122, 88]
[61, 129, 89]
[59, 126, 89]
[62, 127, 88]
[59, 126, 89]
[63, 127, 88]
[63, 126, 89]
[64, 119, 88]
[65, 120, 91]
[68, 132, 93]
[66, 126, 97]
[67, 129, 99]
[65, 131, 99]
[63, 120, 98]
[61, 120, 100]
[63, 120, 98]
[63, 120, 98]
[62, 126, 101]
[62, 129, 103]
[62, 125, 102]
[63, 130, 102]
[64, 126, 99]
[63, 130, 102]
[64, 126, 99]
[62, 128, 100]
[64, 131, 99]
[64, 130, 100]
[61, 126, 101]
[62, 126, 101]
[66, 125, 98]
[66, 126, 97]
[64, 121, 97]
[65, 128, 98]
[63, 120, 98]
[64, 126, 99]
[61, 121, 99]
[63, 121, 97]
[61, 122, 98]
[64, 128, 98]
[66, 129, 95]
[67, 122, 94]
[64, 121, 97]
[64, 130, 100]
[64, 126, 99]
[64, 130, 100]
[61, 125, 96]
[72, 129, 81]
[70, 124, 82]
[71, 129, 83]
[68, 123, 83]
[69, 125, 86]
[71, 129, 87]
[72, 128, 82]
[70, 123, 83]
[71, 127, 84]
[69, 125, 86]
[69, 125, 86]
[69, 109, 82]
[72, 128, 82]
[76, 141, 83]
[77, 140, 82]
[73, 144, 85]
[73, 140, 84]
[70, 134, 84]
[68, 124, 82]
[66, 134, 82]
[67, 135, 85]
[65, 130, 88]
[66, 138, 89]
[68, 138, 89]
[68, 141, 87]
[68, 147, 87]
[65, 137, 84]
[67, 137, 84]
[70, 145, 86]
[71, 136, 88]
[67, 129, 89]
[67, 127, 90]
[66, 133, 92]
[68, 135, 91]
[67, 140, 91]
[65, 137, 91]
[68, 142, 90]
[66, 136, 90]
[67, 140, 91]
[68, 136, 90]
[70, 140, 89]
[71, 139, 86]
[70, 135, 89]
[68, 140, 91]
[68, 138, 89]
[66, 138, 89]
[67, 142, 90]
[68, 138, 89]
[65, 126, 87]
[66, 129, 85]
[67, 130, 88]
[65, 127, 90]
[70, 135, 89]
[66, 138, 89]
[61, 136, 88]
[62, 127, 88]
[66, 126, 87]
[65, 130, 88]
[63, 132, 85]
[64, 135, 87]
[65, 129, 85]
[65, 129, 85]
[65, 129, 85]
[64, 124, 84]
[61, 126, 85]
[63, 127, 88]
[65, 129, 89]
[67, 130, 88]
[65, 135, 85]
[65, 139, 90]
[63, 135, 87]
[63, 136, 86]
[62, 130, 86]
[59, 126, 89]
[61, 129, 89]
[61, 125, 86]
[59, 129, 87]
[64, 135, 87]
[64, 135, 87]
[63, 127, 88]
[60, 110, 86]
[62, 111, 83]
[64, 124, 84]
[65, 120, 87]
[67, 129, 89]
[65, 136, 92]
[63, 137, 97]
[64, 128, 98]
[64, 126, 99]
[61, 128, 100]
[59, 134, 103]
[61, 125, 102]
[62, 129, 103]
[62, 128, 100]
[63, 131, 101]
[63, 120, 98]
[61, 121, 99]
[63, 120, 98]
[64, 125, 100]
[62, 128, 100]
[64, 126, 99]
[63, 133, 100]
[63, 133, 100]
[65, 128, 98]
[64, 128, 98]
[65, 131, 99]
[65, 128, 98]
[64, 128, 98]
[64, 128, 98]
[61, 122, 98]
[61, 122, 98]
[64, 121, 97]
[63, 119, 94]
[65, 125, 92]
[68, 129, 95]
[65, 122, 94]
[64, 131, 99]
[64, 128, 98]
[62, 129, 99]
[65, 129, 101]
[73, 132, 83]
[71, 127, 84]
[72, 120, 83]
[71, 132, 85]
[71, 132, 85]
[72, 129, 81]
[72, 126, 79]
[69, 114, 78]
[71, 132, 81]
[74, 141, 83]
[73, 134, 82]
[72, 128, 82]
[73, 132, 83]
[71, 132, 85]
[72, 140, 89]
[73, 131, 84]
[73, 131, 84]
[71, 129, 87]
[71, 125, 86]
[69, 125, 86]
[65, 120, 87]
[66, 126, 87]
[66, 126, 87]
[67, 133, 86]
[67, 133, 86]
[65, 139, 90]
[65, 141, 92]
[66, 136, 90]
[71, 136, 88]
[72, 140, 89]
[70, 140, 89]
[67, 130, 88]
[68, 136, 90]
[66, 135, 91]
[68, 136, 94]
[64, 126, 93]
[63, 141, 94]
[64, 137, 91]
[65, 140, 93]
[66, 136, 90]
[66, 136, 90]
[70, 140, 89]
[71, 144, 83]
[69, 134, 80]
[65, 132, 83]
[62, 127, 84]
[62, 125, 86]
[65, 126, 87]
[65, 131, 84]
[66, 146, 84]
[68, 152, 84]
[65, 149, 84]
[63, 149, 89]
[66, 141, 87]
[65, 131, 84]
[63, 132, 85]
[63, 132, 85]
[64, 124, 84]
[62, 127, 84]
[63, 132, 85]
[63, 134, 84]
[64, 136, 86]
[67, 150, 85]
[64, 141, 83]
[61, 137, 84]
[64, 126, 83]
[70, 128, 80]
[71, 137, 82]
[71, 135, 83]
[67, 135, 85]
[59, 130, 86]
[60, 136, 88]
[60, 136, 88]
[65, 142, 88]
[67, 147, 87]
[66, 142, 86]
[66, 141, 87]
[66, 141, 87]
[65, 130, 88]
[67, 133, 86]
[65, 129, 85]
[67, 110, 81]
[65, 124, 84]
[65, 120, 87]
[65, 119, 88]
[65, 129, 89]
[65, 137, 91]
[64, 134, 93]
[64, 128, 98]
[64, 129, 101]
[62, 128, 100]
[64, 130, 100]
[64, 126, 99]
[65, 130, 100]
[62, 114, 98]
[62, 116, 97]
[61, 117, 98]
[61, 110, 97]
[59, 113, 99]
[64, 126, 99]
[64, 130, 100]
[65, 126, 99]
[67, 130, 98]
[68, 130, 94]
[68, 130, 94]
[67, 134, 95]
[66, 129, 95]
[68, 141, 96]
[67, 134, 95]
[68, 129, 95]
[67, 122, 94]
[65, 122, 94]
[65, 119, 92]
[63, 121, 93]
[65, 130, 96]
[66, 130, 94]
[66, 129, 95]
[68, 133, 96]
[68, 137, 99]
[68, 142, 99]
[72, 156, 80]
[73, 139, 79]
[72, 126, 79]
[71, 131, 82]
[73, 131, 84]
[71, 125, 86]
[70, 119, 86]
[71, 110, 79]
[74, 129, 81]
[76, 140, 84]
[73, 146, 84]
[73, 134, 82]
[70, 139, 86]
[70, 129, 87]
[70, 127, 88]
[71, 127, 88]
[73, 131, 84]
[71, 134, 84]
[73, 127, 86]
[71, 129, 87]
[71, 129, 87]
[70, 132, 85]
[65, 130, 88]
[67, 130, 88]
[65, 129, 89]
[64, 130, 90]
[64, 139, 90]
[66, 136, 90]
[68, 138, 89]
[70, 144, 87]
[70, 129, 87]
[67, 129, 89]
[67, 140, 91]
[68, 135, 91]
[65, 127, 90]
[63, 130, 90]
[64, 142, 88]
[62, 143, 89]
[64, 146, 89]
[66, 138, 89]
[68, 135, 91]
[70, 137, 91]
[73, 135, 87]
[69, 125, 86]
[66, 129, 85]
[64, 120, 87]
[62, 119, 90]
[63, 126, 89]
[67, 137, 84]
[66, 146, 84]
[66, 146, 84]
[67, 148, 86]
[63, 149, 89]
[65, 144, 87]
[67, 137, 84]
[63, 127, 88]
[63, 130, 86]
[62, 127, 84]
[65, 128, 82]
[63, 134, 84]
[65, 131, 84]
[65, 135, 85]
[67, 138, 83]
[64, 143, 82]
[61, 133, 86]
[63, 130, 86]
[68, 124, 82]
[71, 139, 81]
[73, 142, 77]
[66, 141, 78]
[59, 134, 84]
[60, 139, 86]
[61, 148, 86]
[65, 145, 86]
[68, 148, 86]
[66, 142, 86]
[66, 142, 86]
[67, 137, 84]
[70, 144, 83]
[67, 137, 84]
[64, 124, 84]
[69, 131, 82]
[69, 127, 84]
[65, 124, 84]
[66, 129, 85]
[65, 130, 88]
[68, 138, 89]
[65, 144, 87]
[64, 143, 91]
[64, 132, 95]
[64, 131, 99]
[65, 126, 99]
[65, 128, 102]
[64, 118, 99]
[62, 116, 97]
[58, 105, 95]
[59, 116, 97]
[61, 115, 93]
[61, 122, 94]
[63, 125, 94]
[64, 126, 93]
[64, 126, 93]
[67, 123, 93]
[66, 133, 92]
[68, 135, 91]
[67, 139, 92]
[67, 136, 94]
[68, 139, 97]
[66, 129, 95]
[68, 136, 94]
[68, 136, 94]
[66, 133, 92]
[66, 122, 90]
[63, 122, 92]
[66, 130, 94]
[66, 130, 94]
[67, 141, 96]
[68, 141, 96]
[67, 141, 96]
[68, 133, 96]
[71, 137, 82]
[73, 135, 81]
[70, 129, 79]
[66, 134, 82]
[62, 113, 81]
[63, 112, 82]
[66, 131, 84]
[68, 123, 83]
[68, 123, 83]
[67, 133, 86]
[66, 141, 87]
[67, 133, 86]
[67, 137, 84]
[66, 138, 89]
[68, 142, 90]
[71, 143, 84]
[73, 143, 82]
[71, 132, 85]
[70, 135, 89]
[72, 144, 92]
[73, 135, 87]
[73, 144, 85]
[73, 141, 83]
[72, 145, 86]
[71, 141, 85]
[70, 134, 84]
[71, 134, 84]
[71, 136, 88]
[70, 140, 89]
[70, 135, 89]
[70, 135, 89]
[70, 133, 90]
[68, 139, 92]
[66, 135, 91]
[67, 129, 89]
[65, 130, 88]
[64, 135, 87]
[64, 139, 90]
[67, 142, 90]
[66, 136, 90]
[70, 145, 86]
[68, 146, 84]
[70, 147, 85]
[70, 139, 86]
[70, 139, 86]
[67, 135, 85]
[65, 135, 85]
[65, 135, 85]
[63, 132, 85]
[69, 129, 83]
[69, 132, 81]
[67, 135, 85]
[64, 132, 89]
[64, 132, 89]
[67, 130, 88]
[65, 129, 89]
[71, 135, 83]
[71, 144, 78]
[70, 144, 78]
[70, 140, 80]
[67, 142, 81]
[66, 135, 81]
[65, 131, 80]
[65, 135, 81]
[65, 135, 81]
[62, 129, 83]
[65, 126, 83]
[65, 135, 85]
[68, 141, 87]
[70, 134, 84]
[65, 135, 81]
[62, 139, 81]
[62, 132, 81]
[63, 134, 84]
[65, 135, 85]
[65, 145, 86]
[68, 144, 85]
[67, 152, 84]
[67, 154, 83]
[68, 147, 83]
[67, 137, 84]
[70, 135, 83]
[70, 135, 83]
[67, 137, 84]
[67, 137, 84]
[64, 138, 85]
[64, 132, 89]
[64, 130, 90]
[64, 130, 90]
[65, 129, 89]
[67, 125, 92]
[64, 125, 94]
[62, 129, 99]
[63, 118, 99]
[62, 109, 98]
[63, 117, 96]
[63, 117, 96]
[64, 114, 92]
[62, 121, 93]
[59, 118, 95]
[61, 118, 97]
[64, 123, 95]
[64, 132, 95]
[65, 133, 94]
[67, 136, 94]
[64, 133, 94]
[63, 137, 97]
[62, 129, 99]
[67, 130, 98]
[68, 145, 97]
[66, 142, 97]
[64, 135, 96]
[62, 133, 96]
[63, 126, 93]
[66, 133, 92]
[66, 133, 92]
[68, 130, 94]
[67, 137, 99]
[68, 130, 98]
[64, 121, 97]
[71, 144, 78]
[72, 138, 76]
[66, 134, 82]
[63, 113, 81]
[62, 113, 81]
[63, 113, 81]
[65, 126, 83]
[66, 131, 84]
[64, 123, 85]
[66, 126, 87]
[68, 138, 89]
[65, 139, 90]
[65, 141, 92]
[66, 136, 90]
[68, 138, 89]
[72, 139, 90]
[72, 139, 90]
[67, 127, 90]
[66, 135, 91]
[70, 132, 91]
[72, 144, 92]
[74, 146, 89]
[73, 135, 87]
[72, 137, 91]
[73, 136, 90]
[71, 135, 89]
[72, 144, 87]
[73, 135, 87]
[73, 139, 88]
[70, 136, 88]
[71, 135, 89]
[71, 144, 92]
[68, 145, 93]
[68, 147, 92]
[66, 138, 89]
[68, 142, 90]
[70, 140, 89]
[68, 138, 89]
[68, 142, 90]
[70, 129, 87]
[73, 139, 88]
[71, 135, 89]
[68, 136, 90]
[68, 142, 90]
[67, 142, 90]
[68, 138, 89]
[68, 138, 89]
[65, 129, 89]
[65, 120, 87]
[65, 126, 87]
[68, 119, 86]
[67, 133, 86]
[68, 141, 87]
[66, 138, 89]
[68, 145, 88]
[70, 141, 85]
[72, 147, 85]
[73, 143, 82]
[73, 143, 82]
[70, 145, 86]
[68, 142, 86]
[67, 137, 84]
[66, 135, 81]
[62, 116, 79]
[62, 131, 82]
[62, 127, 84]
[63, 132, 85]
[64, 135, 87]
[62, 143, 89]
[64, 132, 89]
[65, 129, 85]
[63, 132, 85]
[64, 126, 83]
[65, 134, 82]
[63, 135, 83]
[65, 147, 85]
[67, 150, 85]
[67, 155, 87]
[68, 147, 87]
[66, 144, 85]
[68, 144, 85]
[70, 135, 83]
[68, 126, 81]
[67, 138, 83]
[67, 135, 85]
[65, 135, 85]
[61, 138, 87]
[62, 132, 85]
[65, 131, 84]
[65, 137, 84]
[67, 137, 84]
[65, 135, 85]
[64, 139, 90]
[62, 136, 94]
[64, 134, 97]
[65, 123, 93]
[65, 125, 92]
[65, 125, 92]
[61, 114, 94]
[63, 119, 94]
[63, 119, 94]
[65, 133, 94]
[64, 127, 92]
[65, 127, 90]
[68, 133, 92]
[64, 133, 94]
[62, 134, 95]
[62, 134, 95]
[65, 134, 93]
[67, 144, 94]
[68, 144, 94]
[67, 144, 94]
[65, 138, 94]
[64, 138, 94]
[65, 137, 95]
[65, 130, 96]
[65, 131, 99]
[66, 125, 98]
[65, 130, 100]
[64, 126, 99]
[71, 152, 79]
[74, 139, 79]
[72, 134, 78]
[72, 131, 76]
[71, 134, 80]
[65, 126, 83]
[66, 132, 83]
[64, 124, 84]
[64, 123, 85]
[66, 126, 87]
[65, 120, 87]
[65, 129, 85]
[63, 127, 88]
[64, 120, 87]
[69, 125, 86]
[71, 136, 88]
[71, 136, 88]
[73, 139, 88]
[73, 135, 87]
[72, 137, 91]
[72, 144, 92]
[71, 143, 93]
[70, 130, 92]
[72, 133, 94]
[73, 130, 90]
[72, 137, 91]
[72, 139, 90]
[73, 133, 88]
[70, 137, 91]
[71, 133, 90]
[70, 140, 89]
[69, 154, 91]
[72, 164, 92]
[73, 153, 90]
[69, 152, 92]
[68, 140, 91]
[67, 142, 90]
[70, 136, 88]
[72, 140, 89]
[73, 138, 85]
[71, 136, 88]
[72, 140, 89]
[68, 138, 89]
[70, 140, 89]
[68, 145, 88]
[68, 141, 87]
[65, 131, 84]
[67, 137, 84]
[65, 138, 83]
[63, 135, 87]
[63, 126, 89]
[65, 129, 89]
[68, 141, 87]
[66, 142, 86]
[68, 147, 87]
[70, 136, 88]
[70, 144, 87]
[70, 136, 88]
[70, 144, 87]
[68, 144, 85]
[68, 144, 85]
[70, 147, 85]
[68, 144, 85]
[65, 131, 84]
[63, 134, 84]
[64, 126, 83]
[64, 128, 82]
[62, 135, 83]
[62, 134, 84]
[61, 141, 85]
[63, 140, 84]
[65, 140, 82]
[67, 140, 82]
[66, 144, 85]
[68, 148, 86]
[66, 142, 86]
[67, 147, 87]
[67, 133, 86]
[64, 135, 87]
[63, 127, 88]
[61, 122, 88]
[65, 129, 85]
[65, 126, 83]
[63, 135, 83]
[64, 144, 87]
[65, 144, 87]
[64, 144, 87]
[63, 132, 85]
[63, 134, 84]
[65, 134, 78]
[68, 132, 77]
[66, 137, 80]
[65, 126, 83]
[65, 135, 85]
[66, 136, 90]
[70, 130, 92]
[67, 136, 94]
[68, 133, 92]
[68, 136, 94]
[66, 132, 93]
[68, 134, 95]
[66, 132, 93]
[67, 137, 93]
[68, 133, 92]
[67, 136, 94]
[65, 132, 95]
[64, 134, 97]
[63, 123, 95]
[62, 121, 93]
[65, 125, 92]
[71, 127, 94]
[72, 138, 96]
[71, 129, 93]
[68, 134, 95]
[64, 128, 98]
[64, 131, 99]
[61, 125, 96]
[64, 123, 95]
[64, 130, 96]
[64, 130, 96]
[71, 140, 80]
[72, 132, 79]
[74, 132, 79]
[72, 124, 80]
[72, 132, 79]
[68, 126, 81]
[68, 126, 81]
[70, 134, 84]
[65, 126, 87]
[67, 130, 88]
[65, 126, 87]
[66, 125, 88]
[63, 126, 89]
[64, 120, 87]
[69, 125, 86]
[71, 135, 89]
[72, 139, 90]
[73, 133, 88]
[71, 136, 88]
[73, 138, 85]
[71, 147, 90]
[71, 147, 90]
[68, 141, 87]
[68, 145, 88]
[71, 139, 86]
[72, 140, 89]
[71, 136, 88]
[73, 139, 88]
[70, 139, 90]
[70, 133, 90]
[68, 140, 91]
[71, 146, 91]
[72, 162, 93]
[71, 146, 91]
[67, 139, 92]
[67, 139, 92]
[66, 136, 90]
[70, 135, 89]
[72, 139, 90]
[73, 135, 87]
[71, 136, 88]
[68, 142, 90]
[68, 138, 89]
[70, 140, 89]
[72, 144, 87]
[68, 142, 86]
[65, 135, 85]
[67, 130, 88]
[65, 130, 88]
[63, 132, 89]
[61, 122, 88]
[65, 130, 88]
[66, 138, 89]
[68, 141, 87]
[66, 141, 87]
[67, 130, 88]
[65, 126, 87]
[67, 133, 86]
[66, 144, 85]
[68, 142, 86]
[68, 142, 86]
[70, 145, 86]
[68, 142, 86]
[66, 131, 84]
[66, 131, 84]
[64, 124, 84]
[64, 126, 83]
[62, 134, 84]
[61, 127, 84]
[61, 135, 85]
[62, 134, 84]
[63, 132, 85]
[68, 144, 85]
[65, 142, 81]
[67, 152, 84]
[68, 144, 85]
[68, 144, 85]
[65, 138, 83]
[61, 127, 84]
[62, 132, 85]
[61, 125, 86]
[63, 127, 88]
[62, 125, 86]
[63, 134, 84]
[61, 138, 83]
[63, 143, 82]
[61, 143, 84]
[63, 137, 82]
[65, 137, 80]
[65, 134, 78]
[64, 129, 81]
[66, 135, 81]
[65, 128, 82]
[67, 137, 84]
[68, 141, 87]
[68, 135, 91]
[67, 134, 95]
[68, 132, 93]
[66, 133, 92]
[68, 137, 93]
[68, 139, 92]
[65, 126, 91]
[68, 129, 95]
[65, 130, 96]
[68, 134, 95]
[65, 132, 95]
[62, 131, 97]
[63, 121, 97]
[61, 122, 98]
[65, 122, 94]
[66, 132, 93]
[70, 132, 95]
[70, 126, 99]
[68, 125, 98]
[64, 128, 98]
[64, 137, 95]
[62, 134, 95]
[63, 121, 97]
[63, 120, 98]
[61, 129, 99]
[70, 129, 79]
[70, 129, 79]
[72, 126, 79]
[71, 132, 81]
[72, 124, 80]
[71, 137, 82]
[73, 135, 81]
[70, 137, 82]
[67, 138, 83]
[68, 142, 86]
[68, 138, 89]
[67, 142, 90]
[66, 138, 89]
[70, 136, 88]
[72, 140, 89]
[70, 136, 88]
[68, 136, 90]
[70, 127, 88]
[65, 126, 87]
[67, 129, 89]
[66, 136, 90]
[70, 135, 89]
[70, 136, 88]
[68, 142, 90]
[70, 136, 88]
[72, 139, 90]
[72, 139, 90]
[74, 152, 89]
[70, 163, 94]
[68, 147, 92]
[68, 138, 89]
[68, 140, 91]
[68, 136, 90]
[67, 140, 91]
[68, 135, 91]
[64, 130, 90]
[64, 130, 90]
[65, 127, 90]
[67, 140, 91]
[68, 136, 90]
[68, 138, 89]
[67, 140, 91]
[66, 138, 89]
[68, 142, 90]
[70, 136, 88]
[68, 145, 88]
[68, 142, 86]
[64, 136, 86]
[63, 136, 86]
[64, 140, 84]
[67, 150, 85]
[66, 144, 85]
[65, 126, 87]
[66, 126, 87]
[64, 120, 87]
[66, 129, 85]
[64, 124, 84]
[63, 132, 85]
[65, 137, 84]
[66, 142, 86]
[67, 145, 88]
[68, 138, 89]
[66, 138, 89]
[64, 132, 89]
[61, 122, 88]
[63, 130, 86]
[63, 130, 86]
[58, 120, 83]
[57, 129, 83]
[61, 125, 86]
[64, 120, 87]
[65, 129, 85]
[64, 134, 78]
[66, 141, 78]
[66, 141, 78]
[70, 140, 80]
[65, 128, 82]
[65, 137, 84]
[64, 135, 87]
[64, 136, 86]
[63, 132, 85]
[65, 132, 83]
[63, 135, 83]
[61, 127, 84]
[62, 127, 84]
[63, 135, 83]
[63, 139, 81]
[62, 136, 79]
[66, 144, 76]
[64, 136, 77]
[65, 137, 80]
[64, 128, 82]
[66, 132, 83]
[64, 124, 84]
[64, 120, 87]
[63, 125, 90]
[62, 122, 92]
[65, 125, 92]
[70, 123, 91]
[70, 133, 90]
[66, 125, 88]
[62, 126, 89]
[59, 121, 93]
[63, 126, 93]
[61, 127, 94]
[63, 123, 95]
[59, 116, 97]
[61, 118, 97]
[63, 123, 95]
[62, 133, 96]
[61, 114, 94]
[61, 121, 95]
[62, 121, 93]
[62, 131, 97]
[63, 133, 100]
[60, 120, 100]
[61, 121, 99]
[61, 122, 98]
[62, 129, 99]
[63, 123, 95]
[70, 132, 77]
[72, 131, 76]
[72, 138, 76]
[68, 129, 79]
[69, 132, 81]
[71, 143, 84]
[72, 149, 84]
[73, 145, 81]
[67, 140, 82]
[67, 138, 83]
[68, 142, 90]
[66, 136, 90]
[72, 140, 89]
[71, 132, 85]
[70, 132, 85]
[67, 130, 88]
[68, 142, 90]
[65, 127, 90]
[64, 116, 90]
[63, 123, 91]
[66, 136, 90]
[66, 136, 90]
[68, 139, 92]
[66, 133, 92]
[66, 135, 91]
[68, 140, 91]
[72, 139, 90]
[73, 150, 92]
[72, 150, 92]
[68, 147, 92]
[70, 136, 88]
[72, 139, 90]
[68, 142, 90]
[68, 141, 87]
[65, 133, 86]
[68, 138, 89]
[67, 140, 91]
[64, 129, 91]
[64, 130, 90]
[65, 139, 90]
[67, 142, 90]
[65, 129, 89]
[68, 138, 89]
[67, 147, 92]
[68, 149, 91]
[72, 140, 89]
[70, 140, 89]
[67, 130, 88]
[65, 130, 88]
[66, 138, 89]
[67, 142, 90]
[68, 141, 87]
[66, 129, 85]
[69, 125, 86]
[68, 119, 86]
[66, 126, 87]
[64, 123, 85]
[63, 135, 87]
[64, 142, 88]
[67, 142, 90]
[68, 138, 89]
[65, 141, 92]
[62, 127, 88]
[62, 130, 86]
[59, 132, 85]
[62, 134, 84]
[61, 126, 85]
[61, 132, 87]
[63, 130, 86]
[62, 126, 85]
[64, 124, 84]
[65, 135, 85]
[71, 132, 81]
[70, 139, 81]
[70, 140, 80]
[70, 137, 82]
[65, 135, 85]
[64, 135, 87]
[63, 149, 89]
[64, 145, 86]
[66, 144, 85]
[65, 132, 83]
[64, 126, 83]
[62, 134, 84]
[62, 134, 84]
[59, 135, 83]
[57, 134, 80]
[58, 129, 77]
[63, 142, 79]
[62, 136, 79]
[60, 123, 77]
[58, 129, 77]
[57, 131, 82]
[62, 127, 84]
[59, 134, 84]
[62, 132, 85]
[64, 127, 92]
[67, 126, 91]
[73, 127, 86]
[70, 129, 87]
[65, 125, 88]
[62, 125, 90]
[61, 118, 91]
[61, 125, 96]
[61, 122, 98]
[62, 119, 94]
[61, 126, 95]
[63, 126, 93]
[62, 119, 94]
[59, 123, 95]
[57, 135, 96]
[54, 133, 94]
[55, 142, 95]
[61, 133, 96]
[62, 133, 100]
[61, 129, 99]
[63, 135, 98]
[65, 132, 95]
[64, 121, 97]
[63, 121, 97]
[70, 132, 77]
[72, 132, 79]
[72, 131, 80]
[69, 113, 79]
[70, 128, 80]
[70, 139, 81]
[71, 139, 81]
[70, 135, 83]
[72, 129, 81]
[69, 131, 82]
[67, 137, 84]
[65, 133, 86]
[71, 129, 87]
[71, 129, 87]
[71, 126, 89]
[71, 119, 90]
[71, 125, 90]
[67, 127, 90]
[65, 127, 90]
[66, 136, 90]
[68, 142, 90]
[65, 130, 88]
[65, 141, 92]
[64, 137, 91]
[62, 123, 91]
[65, 120, 91]
[67, 125, 92]
[70, 133, 90]
[72, 139, 90]
[68, 136, 90]
[68, 140, 91]
[71, 136, 88]
[73, 139, 88]
[70, 136, 88]
[73, 135, 87]
[72, 139, 90]
[73, 133, 88]
[72, 140, 89]
[70, 135, 89]
[67, 127, 90]
[67, 129, 89]
[64, 132, 89]
[68, 136, 90]
[66, 136, 90]
[66, 138, 89]
[68, 145, 88]
[68, 141, 87]
[63, 130, 86]
[64, 120, 87]
[65, 126, 87]
[65, 120, 87]
[63, 127, 88]
[64, 120, 87]
[65, 125, 88]
[65, 126, 87]
[65, 120, 87]
[64, 120, 87]
[65, 130, 88]
[68, 142, 90]
[66, 138, 89]
[67, 142, 90]
[67, 133, 86]
[67, 135, 85]
[65, 133, 86]
[64, 135, 87]
[64, 135, 87]
[61, 136, 88]
[64, 132, 89]
[66, 138, 89]
[64, 132, 89]
[64, 132, 89]
[66, 141, 87]
[67, 147, 87]
[68, 144, 85]
[68, 147, 83]
[65, 145, 86]
[64, 148, 88]
[61, 133, 90]
[59, 129, 87]
[62, 135, 83]
[62, 129, 83]
[62, 137, 82]
[61, 140, 82]
[62, 132, 81]
[61, 140, 82]
[61, 136, 79]
[59, 140, 80]
[62, 142, 79]
[63, 142, 79]
[62, 136, 79]
[62, 136, 79]
[64, 143, 82]
[61, 127, 84]
[62, 132, 85]
[59, 130, 86]
[63, 135, 83]
[65, 138, 83]
[67, 137, 84]
[65, 135, 85]
[67, 130, 88]
[63, 127, 92]
[63, 129, 91]
[61, 125, 92]
[61, 127, 94]
[61, 127, 94]
[63, 126, 93]
[64, 126, 93]
[64, 125, 94]
[61, 126, 95]
[62, 121, 93]
[59, 121, 93]
[59, 125, 94]
[57, 143, 96]
[61, 131, 97]
[62, 133, 96]
[63, 140, 95]
[64, 134, 93]
[65, 137, 95]
[68, 136, 94]
[66, 130, 94]
[72, 131, 76]
[69, 134, 80]
[71, 132, 81]
[69, 113, 79]
[72, 131, 80]
[68, 126, 81]
[68, 123, 83]
[70, 129, 87]
[69, 125, 86]
[71, 125, 86]
[70, 129, 87]
[70, 129, 87]
[71, 132, 85]
[71, 125, 86]
[73, 127, 86]
[71, 125, 86]
[70, 129, 87]
[68, 138, 89]
[67, 142, 90]
[68, 141, 87]
[68, 138, 89]
[65, 138, 94]
[65, 138, 94]
[64, 136, 92]
[63, 125, 90]
[65, 123, 89]
[66, 125, 88]
[70, 129, 87]
[71, 129, 87]
[67, 129, 89]
[68, 136, 90]
[71, 135, 89]
[73, 133, 88]
[70, 137, 91]
[70, 133, 90]
[72, 139, 90]
[71, 136, 88]
[73, 138, 89]
[72, 140, 89]
[68, 138, 89]
[67, 129, 89]
[65, 129, 89]
[66, 126, 87]
[65, 129, 89]
[67, 137, 93]
[68, 135, 91]
[65, 127, 90]
[63, 125, 90]
[64, 117, 89]
[65, 125, 88]
[65, 120, 87]
[65, 126, 87]
[63, 127, 88]
[63, 126, 89]
[64, 119, 88]
[63, 125, 90]
[63, 125, 90]
[64, 130, 90]
[67, 142, 90]
[70, 141, 85]
[73, 143, 82]
[70, 137, 82]
[67, 137, 84]
[67, 135, 85]
[67, 135, 85]
[65, 135, 85]
[64, 136, 86]
[65, 145, 86]
[67, 135, 85]
[65, 137, 84]
[64, 138, 85]
[65, 137, 84]
[67, 137, 84]
[63, 134, 84]
[62, 134, 84]
[63, 138, 85]
[63, 135, 87]
[61, 136, 88]
[59, 130, 86]
[62, 135, 83]
[62, 139, 81]
[59, 137, 82]
[61, 143, 80]
[62, 136, 79]
[65, 134, 78]
[65, 144, 76]
[66, 142, 77]
[63, 142, 79]
[63, 137, 82]
[64, 131, 80]
[65, 138, 83]
[66, 144, 85]
[68, 147, 87]
[64, 136, 86]
[62, 127, 84]
[65, 134, 82]
[65, 129, 81]
[63, 137, 82]
[66, 126, 87]
[65, 126, 91]
[62, 122, 92]
[62, 122, 92]
[59, 123, 91]
[62, 125, 90]
[63, 129, 91]
[61, 127, 94]
[61, 126, 95]
[63, 125, 94]
[61, 126, 95]
[63, 126, 93]
[63, 126, 93]
[60, 127, 94]
[61, 134, 95]
[62, 133, 96]
[64, 130, 96]
[63, 135, 98]
[62, 129, 99]
[64, 131, 99]
[67, 130, 98]
[66, 130, 94]
[68, 126, 81]
[63, 115, 80]
[65, 134, 82]
[68, 126, 81]
[71, 127, 84]
[68, 119, 86]
[70, 119, 86]
[71, 132, 85]
[71, 135, 83]
[73, 134, 82]
[72, 128, 82]
[71, 129, 87]
[70, 129, 87]
[70, 139, 86]
[68, 147, 87]
[64, 132, 89]
[67, 129, 89]
[66, 138, 89]
[68, 145, 88]
[68, 138, 89]
[68, 140, 91]
[66, 133, 92]
[65, 125, 92]
[64, 127, 92]
[64, 116, 90]
[65, 127, 90]
[66, 135, 91]
[70, 133, 90]
[72, 120, 87]
[71, 123, 87]
[72, 123, 85]
[71, 136, 88]
[71, 136, 88]
[68, 137, 93]
[68, 133, 92]
[67, 134, 95]
[68, 134, 95]
[70, 130, 92]
[68, 132, 93]
[66, 130, 94]
[68, 132, 93]
[66, 133, 92]
[65, 129, 89]
[67, 130, 88]
[65, 130, 88]
[67, 130, 88]
[68, 138, 89]
[66, 138, 89]
[68, 145, 88]
[70, 141, 85]
[70, 132, 85]
[65, 126, 87]
[65, 129, 89]
[63, 130, 90]
[59, 126, 89]
[62, 127, 88]
[59, 126, 89]
[63, 130, 90]
[64, 130, 90]
[63, 127, 88]
[64, 126, 83]
[63, 132, 85]
[61, 125, 86]
[58, 116, 86]
[63, 130, 86]
[62, 125, 86]
[65, 126, 87]
[65, 126, 87]
[65, 135, 85]
[66, 132, 83]
[65, 128, 82]
[69, 132, 81]
[67, 137, 84]
[63, 132, 85]
[59, 129, 87]
[62, 130, 86]
[59, 130, 86]
[62, 137, 82]
[59, 135, 83]
[62, 135, 83]
[61, 138, 83]
[61, 132, 81]
[62, 136, 79]
[62, 121, 76]
[64, 129, 81]
[66, 135, 81]
[66, 134, 82]
[64, 129, 81]
[64, 131, 80]
[66, 141, 78]
[65, 131, 80]
[66, 135, 81]
[66, 135, 81]
[70, 139, 81]
[65, 138, 83]
[66, 132, 83]
[65, 131, 84]
[62, 125, 86]
[64, 119, 88]
[65, 129, 89]
[65, 129, 89]
[62, 125, 90]
[61, 125, 92]
[61, 118, 91]
[63, 122, 92]
[65, 123, 89]
[65, 126, 87]
[63, 143, 82]
[62, 129, 99]
[62, 129, 99]
[67, 133, 96]
[66, 132, 93]
[68, 136, 94]
[65, 133, 94]
[63, 138, 96]
[64, 132, 95]
[63, 135, 98]
[62, 129, 99]
[64, 128, 98]
[67, 139, 97]
[69, 136, 79]
[65, 129, 81]
[64, 128, 82]
[69, 129, 83]
[71, 132, 85]
[70, 129, 87]
[72, 122, 86]
[71, 132, 85]
[73, 131, 84]
[73, 127, 86]
[68, 119, 86]
[69, 125, 86]
[70, 117, 87]
[67, 129, 89]
[64, 127, 92]
[62, 122, 92]
[64, 125, 94]
[66, 132, 93]
[67, 137, 93]
[68, 135, 91]
[66, 138, 89]
[68, 142, 90]
[66, 125, 88]
[63, 125, 90]
[64, 116, 90]
[66, 122, 90]
[67, 130, 88]
[65, 129, 89]
[71, 129, 87]
[71, 127, 88]
[71, 129, 87]
[73, 127, 86]
[73, 127, 86]
[70, 133, 90]
[68, 139, 92]
[66, 133, 92]
[65, 127, 90]
[67, 129, 89]
[67, 129, 89]
[66, 135, 91]
[72, 137, 91]
[71, 133, 90]
[72, 137, 91]
[70, 135, 89]
[67, 129, 89]
[68, 138, 89]
[70, 139, 86]
[70, 144, 87]
[70, 140, 89]
[70, 136, 88]
[67, 142, 90]
[65, 137, 91]
[65, 138, 94]
[65, 136, 92]
[63, 125, 90]
[65, 125, 88]
[65, 131, 84]
[62, 127, 84]
[61, 125, 86]
[62, 127, 88]
[61, 120, 89]
[61, 126, 91]
[59, 125, 90]
[58, 116, 86]
[63, 130, 86]
[62, 125, 86]
[64, 120, 87]
[65, 126, 87]
[64, 120, 87]
[65, 129, 85]
[64, 124, 84]
[69, 131, 82]
[65, 138, 83]
[65, 132, 83]
[62, 127, 84]
[63, 134, 84]
[63, 135, 83]
[63, 137, 82]
[62, 132, 81]
[63, 142, 79]
[65, 141, 78]
[64, 131, 80]
[65, 131, 80]
[65, 137, 80]
[65, 129, 81]
[65, 135, 81]
[64, 129, 81]
[67, 142, 81]
[67, 142, 81]
[63, 142, 79]
[65, 134, 78]
[64, 131, 80]
[65, 128, 82]
[62, 129, 83]
[65, 134, 82]
[65, 138, 83]
[65, 134, 82]
[64, 135, 87]
[65, 137, 91]
[65, 141, 92]
[67, 140, 91]
[64, 129, 91]
[61, 116, 92]
[61, 126, 95]
[63, 123, 95]
[64, 126, 93]
[65, 136, 92]
[64, 137, 91]
[63, 138, 96]
[62, 129, 99]
[66, 129, 95]
[68, 136, 94]
[68, 133, 92]
[64, 126, 93]
[64, 133, 94]
[63, 125, 94]
[63, 126, 93]
[62, 133, 96]
[64, 135, 96]
[65, 133, 94]
[72, 126, 79]
[69, 132, 81]
[68, 126, 81]
[71, 137, 82]
[76, 146, 84]
[74, 140, 84]
[74, 140, 84]
[72, 128, 82]
[71, 129, 87]
[68, 136, 90]
[67, 129, 89]
[66, 126, 87]
[68, 121, 84]
[67, 130, 88]
[65, 129, 89]
[68, 136, 90]
[70, 135, 89]
[68, 140, 91]
[67, 137, 93]
[68, 132, 93]
[67, 139, 92]
[68, 136, 90]
[67, 125, 92]
[65, 123, 93]
[70, 123, 91]
[66, 122, 90]
[65, 119, 88]
[65, 122, 90]
[65, 127, 90]
[70, 135, 89]
[70, 135, 89]
[70, 137, 91]
[68, 139, 92]
[66, 133, 92]
[67, 129, 89]
[65, 126, 87]
[65, 125, 88]
[65, 116, 90]
[66, 122, 90]
[70, 132, 91]
[71, 132, 91]
[73, 136, 90]
[71, 135, 89]
[70, 137, 91]
[68, 136, 94]
[68, 132, 93]
[68, 133, 92]
[65, 127, 90]
[67, 125, 92]
[65, 134, 93]
[64, 137, 91]
[64, 143, 91]
[64, 143, 91]
[64, 130, 90]
[65, 133, 86]
[70, 134, 84]
[70, 134, 84]
[67, 135, 85]
[67, 130, 88]
[65, 129, 89]
[63, 127, 88]
[62, 127, 88]
[65, 126, 87]
[64, 120, 87]
[65, 123, 85]
[70, 134, 84]
[71, 134, 84]
[66, 131, 84]
[66, 131, 84]
[63, 130, 86]
[64, 123, 85]
[65, 129, 85]
[70, 139, 81]
[70, 144, 78]
[65, 134, 78]
[63, 142, 79]
[61, 129, 83]
[59, 136, 86]
[61, 125, 86]
[65, 132, 83]
[65, 135, 81]
[70, 144, 83]
[70, 144, 83]
[70, 139, 81]
[65, 137, 80]
[67, 140, 82]
[67, 138, 83]
[68, 146, 84]
[68, 150, 85]
[64, 140, 84]
[66, 135, 81]
[65, 141, 78]
[65, 131, 80]
[63, 139, 81]
[62, 131, 82]
[64, 140, 84]
[65, 138, 83]
[63, 140, 84]
[64, 146, 89]
[62, 143, 89]
[64, 139, 90]
[61, 133, 90]
[61, 129, 93]
[64, 127, 92]
[65, 133, 94]
[65, 133, 94]
[64, 138, 94]
[62, 136, 94]
[65, 138, 94]
[70, 132, 91]
[68, 133, 92]
[68, 139, 92]
[67, 139, 92]
[68, 135, 91]
[68, 136, 94]
[65, 133, 94]
[64, 137, 95]
[63, 127, 92]
[59, 119, 94]
[63, 123, 95]
[70, 121, 84]
[69, 129, 83]
[69, 131, 82]
[71, 134, 84]
[73, 138, 85]
[74, 144, 85]
[72, 128, 82]
[72, 126, 83]
[71, 129, 83]
[70, 139, 86]
[70, 136, 88]
[69, 125, 86]
[64, 120, 87]
[67, 130, 88]
[66, 138, 89]
[68, 138, 89]
[70, 140, 89]
[70, 136, 88]
[67, 140, 91]
[68, 135, 91]
[68, 139, 92]
[65, 127, 90]
[67, 127, 90]
[65, 126, 91]
[64, 116, 90]
[66, 120, 91]
[66, 119, 92]
[65, 123, 93]
[68, 130, 94]
[66, 130, 94]
[67, 136, 94]
[68, 133, 92]
[68, 133, 92]
[67, 139, 92]
[67, 127, 90]
[65, 125, 88]
[65, 123, 89]
[65, 115, 91]
[69, 119, 90]
[71, 129, 93]
[72, 136, 92]
[71, 135, 89]
[70, 135, 89]
[68, 140, 91]
[66, 138, 89]
[68, 142, 90]
[68, 136, 90]
[65, 123, 89]
[65, 127, 90]
[64, 130, 90]
[65, 141, 92]
[65, 137, 91]
[63, 130, 90]
[64, 130, 90]
[66, 123, 89]
[66, 133, 92]
[70, 136, 92]
[68, 136, 90]
[67, 142, 90]
[68, 136, 90]
[65, 129, 89]
[66, 125, 88]
[63, 132, 85]
[64, 126, 83]
[65, 126, 83]
[70, 135, 83]
[71, 137, 82]
[69, 132, 81]
[68, 128, 80]
[65, 135, 81]
[66, 135, 81]
[65, 140, 82]
[70, 139, 81]
[70, 139, 81]
[65, 128, 82]
[63, 135, 83]
[61, 137, 84]
[58, 140, 84]
[61, 131, 82]
[65, 141, 78]
[70, 140, 80]
[70, 146, 82]
[70, 140, 80]
[66, 141, 78]
[65, 131, 80]
[65, 135, 81]
[70, 139, 81]
[70, 148, 81]
[67, 140, 82]
[64, 138, 85]
[63, 132, 85]
[64, 128, 82]
[65, 129, 81]
[63, 139, 81]
[61, 131, 82]
[63, 135, 83]
[62, 126, 85]
[62, 132, 85]
[62, 143, 89]
[64, 142, 88]
[64, 141, 92]
[61, 130, 92]
[61, 123, 93]
[63, 123, 91]
[65, 133, 94]
[64, 133, 94]
[63, 138, 96]
[65, 134, 93]
[67, 139, 92]
[71, 133, 90]
[70, 132, 91]
[68, 136, 94]
[66, 133, 92]
[68, 137, 93]
[67, 136, 94]
[66, 132, 93]
[64, 137, 95]
[62, 134, 95]
[61, 127, 94]
[63, 126, 93]
[70, 126, 81]
[70, 124, 82]
[65, 124, 84]
[67, 130, 88]
[65, 129, 89]
[70, 126, 89]
[69, 123, 87]
[67, 105, 85]
[72, 117, 85]
[71, 129, 87]
[73, 135, 87]
[71, 136, 88]
[68, 142, 90]
[68, 136, 90]
[67, 139, 92]
[68, 133, 92]
[66, 123, 89]
[69, 123, 87]
[68, 117, 87]
[66, 122, 90]
[64, 116, 90]
[62, 123, 91]
[65, 122, 90]
[65, 127, 90]
[70, 127, 88]
[70, 126, 89]
[67, 126, 91]
[67, 125, 92]
[68, 132, 93]
[66, 133, 92]
[67, 139, 92]
[66, 135, 91]
[66, 133, 92]
[67, 134, 95]
[68, 133, 96]
[65, 122, 94]
[67, 125, 92]
[65, 125, 92]
[70, 132, 91]
[71, 133, 90]
[71, 135, 89]
[67, 129, 89]
[66, 138, 89]
[68, 136, 90]
[68, 136, 90]
[68, 140, 91]
[66, 136, 90]
[67, 130, 88]
[67, 130, 88]
[67, 130, 88]
[64, 132, 89]
[61, 133, 90]
[61, 133, 90]
[63, 126, 89]
[62, 120, 89]
[65, 130, 88]
[66, 141, 87]
[70, 144, 87]
[70, 136, 88]
[70, 140, 89]
[68, 145, 88]
[67, 133, 86]
[65, 126, 87]
[66, 126, 87]
[68, 119, 86]
[69, 129, 83]
[67, 137, 84]
[65, 132, 83]
[65, 126, 83]
[65, 137, 84]
[65, 138, 83]
[66, 135, 81]
[68, 129, 79]
[69, 139, 77]
[68, 128, 80]
[66, 137, 80]
[65, 141, 78]
[60, 123, 77]
[64, 134, 78]
[68, 132, 77]
[70, 132, 77]
[72, 138, 76]
[72, 126, 79]
[71, 136, 79]
[69, 139, 77]
[70, 148, 76]
[70, 144, 78]
[70, 144, 78]
[64, 131, 80]
[66, 141, 78]
[65, 141, 78]
[65, 137, 80]
[64, 131, 80]
[66, 137, 80]
[68, 129, 79]
[69, 134, 80]
[65, 134, 82]
[61, 127, 84]
[62, 134, 84]
[65, 144, 87]
[64, 139, 90]
[61, 133, 90]
[61, 133, 86]
[64, 138, 85]
[66, 142, 86]
[64, 135, 87]
[64, 132, 89]
[66, 138, 89]
[67, 140, 91]
[68, 133, 92]
[66, 133, 92]
[68, 137, 93]
[68, 145, 93]
[68, 147, 92]
[68, 142, 95]
[65, 135, 96]
[63, 137, 97]
[65, 132, 95]
[66, 129, 95]
[67, 134, 95]
[67, 106, 84]
[69, 123, 87]
[65, 129, 89]
[67, 126, 91]
[66, 122, 90]
[65, 123, 89]
[66, 123, 89]
[67, 106, 84]
[66, 129, 85]
[65, 120, 87]
[66, 135, 91]
[70, 133, 90]
[73, 139, 88]
[71, 139, 86]
[70, 136, 88]
[72, 136, 92]
[73, 132, 89]
[70, 139, 90]
[66, 126, 87]
[67, 127, 90]
[63, 127, 92]
[62, 122, 92]
[66, 133, 92]
[66, 136, 90]
[72, 139, 90]
[70, 126, 89]
[69, 120, 89]
[70, 125, 90]
[67, 129, 89]
[67, 130, 88]
[64, 130, 90]
[63, 127, 92]
[63, 126, 93]
[64, 127, 92]
[66, 133, 92]
[68, 136, 90]
[68, 139, 92]
[68, 133, 92]
[67, 137, 93]
[70, 132, 91]
[70, 125, 90]
[66, 120, 91]
[63, 122, 92]
[65, 129, 89]
[67, 130, 88]
[65, 130, 88]
[65, 126, 87]
[70, 136, 88]
[72, 140, 89]
[67, 130, 88]
[59, 125, 90]
[59, 130, 90]
[59, 125, 90]
[63, 126, 89]
[66, 126, 87]
[64, 120, 87]
[68, 138, 89]
[66, 141, 87]
[67, 145, 88]
[68, 141, 87]
[65, 133, 86]
[67, 133, 86]
[67, 133, 86]
[71, 134, 84]
[70, 135, 83]
[67, 137, 84]
[66, 132, 83]
[65, 132, 83]
[66, 134, 82]
[65, 138, 83]
[65, 135, 85]
[66, 129, 85]
[69, 129, 83]
[71, 137, 82]
[73, 142, 77]
[67, 140, 82]
[66, 134, 82]
[64, 128, 82]
[69, 134, 80]
[68, 129, 79]
[72, 138, 76]
[70, 132, 77]
[70, 134, 76]
[71, 144, 78]
[72, 156, 80]
[68, 153, 80]
[65, 138, 83]
[63, 134, 84]
[65, 129, 81]
[65, 140, 82]
[66, 146, 84]
[66, 135, 81]
[64, 129, 81]
[70, 140, 80]
[71, 140, 80]
[73, 139, 79]
[67, 142, 81]
[65, 142, 81]
[65, 148, 88]
[65, 145, 86]
[64, 141, 83]
[63, 135, 83]
[63, 132, 85]
[64, 135, 87]
[65, 140, 93]
[63, 126, 93]
[64, 125, 94]
[65, 127, 90]
[68, 138, 89]
[65, 127, 90]
[61, 127, 94]
[63, 125, 94]
[68, 132, 93]
[67, 144, 94]
[67, 150, 95]
[65, 138, 94]
[67, 137, 93]
[66, 132, 93]
[68, 136, 94]
[66, 132, 93]
[65, 128, 82]
[67, 135, 85]
[65, 137, 84]
[67, 135, 85]
[64, 120, 87]
[66, 125, 88]
[65, 125, 88]
[65, 117, 89]
[65, 123, 89]
[65, 134, 93]
[66, 132, 93]
[68, 139, 92]
[71, 136, 88]
[74, 139, 88]
[73, 135, 87]
[71, 144, 92]
[68, 142, 95]
[68, 136, 94]
[66, 133, 92]
[63, 123, 95]
[63, 123, 95]
[64, 125, 94]
[68, 132, 93]
[65, 125, 92]
[66, 120, 91]
[65, 126, 91]
[67, 129, 89]
[70, 126, 89]
[72, 120, 87]
[71, 125, 86]
[65, 123, 85]
[65, 126, 87]
[65, 120, 87]
[63, 126, 89]
[61, 120, 89]
[61, 129, 93]
[63, 138, 96]
[65, 133, 94]
[66, 133, 92]
[65, 127, 90]
[66, 133, 92]
[70, 134, 93]
[70, 136, 92]
[68, 136, 90]
[68, 138, 89]
[67, 130, 88]
[66, 136, 90]
[68, 136, 90]
[66, 138, 89]
[68, 142, 90]
[66, 136, 90]
[62, 126, 89]
[65, 123, 89]
[65, 129, 89]
[67, 130, 88]
[68, 141, 87]
[64, 138, 85]
[65, 132, 83]
[64, 128, 82]
[66, 131, 84]
[65, 129, 85]
[68, 121, 84]
[66, 131, 84]
[67, 135, 85]
[65, 133, 86]
[64, 132, 89]
[63, 135, 87]
[62, 130, 86]
[59, 130, 86]
[61, 136, 88]
[64, 138, 85]
[67, 137, 84]
[67, 137, 84]
[70, 135, 83]
[72, 149, 84]
[70, 148, 81]
[65, 142, 81]
[65, 129, 81]
[65, 134, 82]
[65, 129, 81]
[65, 134, 78]
[63, 142, 79]
[63, 139, 81]
[64, 143, 82]
[65, 145, 79]
[62, 142, 79]
[59, 135, 83]
[63, 135, 83]
[65, 128, 82]
[65, 137, 80]
[65, 141, 78]
[66, 141, 78]
[62, 131, 82]
[63, 134, 84]
[64, 135, 87]
[64, 138, 85]
[68, 146, 84]
[66, 144, 85]
[67, 150, 85]
[68, 150, 85]
[63, 132, 85]
[62, 130, 86]
[61, 129, 89]
[62, 122, 88]
[61, 133, 90]
[63, 132, 89]
[61, 129, 93]
[63, 129, 91]
[61, 118, 91]
[62, 122, 92]
[56, 135, 96]
[57, 133, 98]
[62, 133, 96]
[62, 137, 93]
[63, 140, 95]
[67, 136, 94]
[68, 136, 94]
[67, 126, 91]
[64, 116, 90]
[63, 125, 90]
[70, 129, 87]
[67, 129, 89]
[65, 125, 88]
[66, 123, 89]
[65, 117, 89]
[66, 125, 88]
[65, 120, 87]
[65, 120, 87]
[65, 123, 89]
[65, 137, 91]
[65, 143, 91]
[66, 136, 90]
[70, 133, 90]
[72, 136, 92]
[68, 133, 92]
[67, 137, 93]
[65, 138, 94]
[65, 141, 92]
[64, 132, 89]
[63, 127, 88]
[65, 130, 88]
[64, 127, 92]
[66, 118, 93]
[65, 118, 93]
[66, 125, 88]
[65, 130, 88]
[67, 129, 89]
[71, 126, 89]
[72, 119, 88]
[70, 125, 90]
[65, 114, 92]
[69, 118, 91]
[66, 120, 91]
[65, 116, 90]
[61, 118, 91]
[60, 127, 94]
[64, 130, 96]
[64, 128, 98]
[67, 130, 98]
[66, 129, 95]
[66, 132, 93]
[70, 137, 91]
[73, 133, 88]
[70, 140, 89]
[68, 142, 86]
[70, 136, 88]
[68, 140, 91]
[67, 127, 90]
[67, 139, 92]
[68, 136, 90]
[68, 142, 90]
[65, 130, 88]
[65, 130, 88]
[68, 136, 90]
[68, 135, 91]
[68, 140, 91]
[68, 136, 90]
[65, 125, 88]
[64, 120, 87]
[66, 126, 87]
[69, 125, 86]
[68, 121, 84]
[65, 124, 84]
[66, 129, 85]
[64, 136, 86]
[63, 138, 85]
[61, 135, 85]
[62, 132, 85]
[59, 129, 87]
[61, 136, 88]
[66, 142, 86]
[66, 142, 86]
[66, 144, 85]
[70, 144, 83]
[73, 149, 82]
[71, 146, 82]
[69, 132, 81]
[66, 135, 81]
[66, 137, 80]
[62, 136, 79]
[63, 142, 79]
[62, 136, 79]
[62, 132, 81]
[64, 143, 82]
[63, 143, 82]
[62, 139, 81]
[64, 134, 78]
[65, 145, 79]
[65, 137, 80]
[64, 141, 83]
[65, 138, 83]
[67, 140, 82]
[62, 132, 81]
[62, 139, 81]
[62, 134, 84]
[61, 138, 87]
[66, 142, 86]
[66, 144, 85]
[66, 146, 84]
[68, 148, 86]
[65, 131, 84]
[62, 132, 85]
[61, 126, 85]
[64, 136, 86]
[64, 135, 87]
[64, 132, 89]
[63, 129, 91]
[64, 130, 90]
[59, 126, 89]
[62, 127, 88]
[57, 141, 92]
[56, 140, 93]
[62, 133, 96]
[62, 136, 94]
[65, 136, 92]
[67, 137, 93]
[67, 136, 94]
[67, 125, 92]
[64, 116, 90]
[63, 123, 91]
[67, 130, 88]
[71, 129, 87]
[72, 123, 85]
[69, 125, 86]
[64, 120, 87]
[69, 123, 87]
[65, 120, 87]
[67, 130, 88]
[65, 130, 88]
[67, 130, 88]
[67, 129, 89]
[63, 123, 91]
[66, 120, 91]
[65, 125, 92]
[64, 134, 93]
[63, 126, 93]
[63, 126, 93]
[65, 126, 91]
[67, 126, 91]
[71, 123, 91]
[73, 122, 90]
[67, 126, 91]
[66, 123, 89]
[65, 122, 90]
[67, 126, 91]
[71, 126, 89]
[73, 136, 90]
[70, 133, 90]
[68, 139, 92]
[68, 135, 91]
[67, 140, 91]
[70, 127, 88]
[71, 123, 87]
[67, 126, 91]
[66, 130, 94]
[65, 128, 98]
[63, 135, 98]
[65, 132, 95]
[66, 133, 92]
[68, 140, 91]
[72, 144, 92]
[73, 148, 93]
[73, 150, 92]
[74, 161, 92]
[72, 151, 91]
[70, 139, 90]
[70, 137, 91]
[70, 126, 89]
[70, 135, 89]
[68, 136, 90]
[68, 137, 93]
[65, 136, 92]
[67, 139, 92]
[66, 136, 90]
[70, 135, 89]
[71, 147, 90]
[68, 147, 87]
[68, 147, 87]
[67, 135, 85]
[65, 129, 85]
[64, 120, 87]
[67, 133, 86]
[65, 132, 83]
[66, 132, 83]
[65, 126, 83]
[63, 134, 84]
[62, 134, 84]
[64, 138, 85]
[59, 132, 85]
[63, 134, 84]
[67, 140, 82]
[65, 142, 81]
[66, 149, 82]
[70, 148, 81]
[70, 152, 82]
[68, 147, 83]
[68, 147, 83]
[70, 146, 82]
[70, 139, 81]
[66, 141, 78]
[61, 132, 81]
[62, 137, 82]
[62, 131, 82]
[65, 141, 78]
[62, 136, 79]
[64, 147, 80]
[65, 145, 79]
[66, 141, 78]
[64, 131, 80]
[62, 135, 83]
[65, 134, 82]
[67, 140, 82]
[66, 135, 81]
[66, 135, 81]
[65, 138, 83]
[65, 145, 86]
[68, 148, 86]
[66, 146, 84]
[67, 150, 85]
[68, 142, 86]
[68, 142, 86]
[65, 135, 85]
[66, 142, 86]
[70, 139, 86]
[67, 133, 86]
[68, 138, 89]
[68, 140, 91]
[66, 135, 91]
[68, 142, 90]
[66, 138, 89]
[62, 140, 91]
[61, 139, 92]
[63, 140, 95]
[67, 145, 93]
[67, 152, 94]
[63, 143, 93]
[63, 141, 94]
[65, 136, 92]
[65, 136, 92]
[65, 127, 90]
[66, 126, 87]
[71, 139, 86]
[74, 144, 85]
[73, 135, 87]
[71, 133, 90]
[67, 125, 92]
[66, 132, 93]
[68, 133, 92]
[67, 139, 92]
[70, 135, 89]
[70, 135, 89]
[66, 126, 87]
[65, 123, 89]
[67, 126, 91]
[65, 136, 92]
[63, 126, 89]
[65, 122, 90]
[65, 125, 92]
[71, 125, 90]
[71, 127, 88]
[73, 133, 92]
[70, 127, 94]
[70, 132, 95]
[70, 130, 92]
[70, 123, 91]
[70, 129, 93]
[70, 133, 94]
[68, 132, 93]
[68, 136, 94]
[66, 132, 93]
[67, 140, 91]
[67, 129, 89]
[67, 130, 88]
[67, 130, 88]
[68, 132, 93]
[67, 139, 97]
[68, 130, 98]
[67, 129, 99]
[68, 126, 97]
[71, 141, 94]
[74, 143, 91]
[73, 148, 93]
[73, 146, 94]
[73, 158, 95]
[67, 144, 94]
[68, 137, 93]
[67, 137, 93]
[67, 127, 90]
[68, 135, 91]
[65, 136, 92]
[65, 138, 94]
[64, 137, 91]
[63, 143, 93]
[65, 136, 92]
[67, 140, 91]
[70, 136, 88]
[68, 138, 89]
[68, 145, 88]
[68, 142, 86]
[65, 149, 87]
[65, 132, 83]
[65, 134, 82]
[65, 131, 84]
[65, 133, 86]
[63, 130, 86]
[62, 130, 86]
[61, 132, 87]
[62, 130, 86]
[63, 130, 86]
[64, 123, 85]
[64, 124, 84]
[66, 131, 84]
[65, 128, 82]
[65, 138, 83]
[66, 134, 82]
[65, 134, 82]
[67, 140, 82]
[71, 148, 81]
[68, 153, 80]
[67, 145, 79]
[62, 135, 83]
[62, 134, 84]
[62, 134, 84]
[65, 138, 83]
[67, 140, 82]
[66, 147, 83]
[65, 138, 83]
[63, 134, 84]
[63, 135, 83]
[62, 132, 81]
[64, 134, 78]
[66, 137, 80]
[65, 134, 82]
[67, 138, 83]
[65, 138, 83]
[68, 147, 83]
[67, 152, 84]
[65, 138, 83]
[67, 138, 83]
[64, 136, 86]
[65, 148, 88]
[66, 144, 85]
[68, 148, 86]
[68, 146, 84]
[68, 146, 84]
[65, 138, 83]
[68, 142, 86]
[66, 141, 87]
[68, 142, 90]
[65, 137, 91]
[62, 134, 95]
[64, 134, 93]
[65, 138, 94]
[64, 137, 91]
[64, 141, 92]
[61, 132, 91]
[62, 140, 91]
[65, 137, 91]
[68, 136, 94]
[66, 133, 92]
[67, 142, 90]
[70, 135, 89]
[70, 136, 88]
[71, 144, 92]
[70, 134, 93]
[68, 136, 94]
[66, 133, 92]
[65, 138, 94]
[67, 137, 93]
[71, 125, 90]
[70, 117, 87]
[73, 125, 88]
[73, 130, 90]
[70, 133, 94]
[71, 140, 95]
[72, 134, 93]
[73, 135, 91]
[71, 132, 91]
[73, 129, 91]
[72, 134, 93]
[68, 132, 93]
[68, 134, 95]
[66, 130, 94]
[65, 137, 95]
[66, 132, 93]
[67, 133, 96]
[68, 133, 96]
[66, 133, 92]
[68, 140, 91]
[65, 129, 89]
[64, 127, 92]
[63, 126, 93]
[67, 136, 94]
[66, 130, 94]
[68, 139, 92]
[68, 133, 92]
[68, 133, 92]
[71, 140, 95]
[68, 142, 95]
[68, 134, 95]
[65, 132, 95]
[67, 134, 95]
[68, 137, 93]
[66, 132, 93]
[65, 137, 95]
[66, 132, 93]
[65, 126, 91]
[66, 125, 88]
[65, 129, 89]
[68, 136, 90]
[68, 136, 90]
[68, 139, 92]
[68, 139, 92]
[66, 136, 90]
[66, 135, 91]
[68, 139, 92]
[67, 140, 91]
[67, 129, 89]
[68, 138, 89]
[65, 133, 86]
[65, 132, 83]
[66, 132, 83]
[63, 113, 81]
[65, 129, 85]
[64, 132, 89]
[63, 127, 88]
[65, 120, 87]
[65, 132, 83]
[65, 134, 82]
[65, 126, 83]
[64, 126, 83]
[66, 132, 83]
[65, 135, 81]
[63, 141, 83]
[61, 131, 82]
[63, 134, 84]
[65, 131, 84]
[64, 126, 83]
[67, 137, 84]
[64, 140, 84]
[62, 132, 85]
[61, 132, 87]
[59, 134, 84]
[63, 142, 79]
[64, 134, 78]
[69, 139, 77]
[68, 132, 77]
[69, 139, 77]
[65, 134, 78]
[65, 145, 79]
[65, 135, 81]
[63, 140, 84]
[61, 133, 86]
[58, 120, 83]
[63, 135, 83]
[62, 132, 81]
[62, 137, 82]
[58, 123, 81]
[59, 130, 86]
[63, 136, 86]
[67, 147, 87]
[66, 144, 85]
[67, 147, 87]
[68, 142, 86]
[65, 133, 86]
[63, 127, 88]
[62, 125, 86]
[64, 132, 89]
[65, 139, 90]
[64, 139, 90]
[64, 137, 91]
[65, 126, 87]
[64, 120, 87]
[66, 129, 85]
[67, 129, 89]
[66, 136, 90]
[68, 139, 92]
[68, 135, 91]
[68, 144, 94]
[65, 137, 95]
[66, 132, 93]
[68, 134, 95]
[68, 130, 94]
[67, 136, 94]
[71, 144, 92]
[68, 144, 94]
[68, 137, 93]
[65, 137, 95]
[68, 137, 93]
[71, 125, 90]
[70, 117, 87]
[73, 123, 89]
[73, 127, 92]
[70, 133, 94]
[71, 143, 93]
[72, 143, 93]
[72, 134, 93]
[73, 129, 91]
[71, 130, 92]
[70, 134, 93]
[68, 130, 94]
[68, 134, 95]
[68, 130, 94]
[65, 134, 97]
[64, 134, 97]
[65, 132, 95]
[65, 132, 95]
[67, 133, 96]
[67, 133, 96]
[67, 125, 92]
[65, 139, 90]
[64, 136, 92]
[67, 136, 94]
[68, 130, 94]
[72, 133, 94]
[71, 129, 93]
[70, 130, 92]
[71, 140, 95]
[69, 145, 97]
[68, 133, 96]
[67, 133, 96]
[66, 129, 95]
[65, 122, 94]
[64, 123, 95]
[61, 125, 96]
[64, 125, 94]
[67, 125, 92]
[65, 122, 90]
[65, 127, 90]
[68, 135, 91]
[68, 133, 92]
[70, 136, 92]
[67, 137, 93]
[68, 138, 89]
[66, 138, 89]
[70, 140, 89]
[68, 142, 90]
[67, 133, 86]
[67, 133, 86]
[65, 135, 85]
[65, 132, 83]
[66, 134, 82]
[64, 129, 81]
[66, 132, 83]
[65, 135, 85]
[66, 131, 84]
[65, 126, 83]
[66, 132, 83]
[64, 126, 83]
[66, 131, 84]
[64, 126, 83]
[66, 131, 84]
[65, 135, 85]
[63, 135, 87]
[59, 130, 86]
[63, 135, 83]
[63, 135, 83]
[62, 131, 82]
[65, 141, 78]
[64, 147, 80]
[62, 135, 83]
[62, 134, 84]
[59, 132, 85]
[63, 135, 83]
[64, 128, 82]
[71, 134, 80]
[72, 126, 79]
[69, 134, 80]
[67, 138, 83]
[66, 149, 82]
[66, 149, 82]
[63, 147, 80]
[61, 148, 81]
[58, 126, 79]
[62, 131, 82]
[62, 136, 79]
[61, 143, 80]
[58, 129, 77]
[59, 135, 83]
[63, 135, 83]
[68, 146, 84]
[66, 147, 83]
[68, 153, 80]
[67, 142, 81]
[64, 140, 84]
[64, 138, 85]
[63, 132, 85]
[63, 136, 86]
[65, 142, 88]
[67, 147, 87]
[68, 144, 85]
[65, 132, 83]
[65, 124, 84]
[69, 127, 84]
[67, 142, 90]
[68, 138, 89]
[68, 138, 89]
[67, 152, 89]
[68, 149, 91]
[67, 140, 91]
[66, 130, 94]
[67, 122, 94]
[68, 132, 93]
[66, 133, 92]
[66, 132, 93]
[72, 134, 93]
[71, 132, 91]
[73, 136, 90]
[71, 129, 93]
[70, 132, 95]
[71, 121, 93]
[70, 123, 91]
[70, 130, 92]
[70, 127, 94]
[70, 125, 96]
[72, 129, 97]
[72, 133, 94]
[73, 132, 93]
[71, 129, 93]
[72, 134, 93]
[71, 130, 92]
[73, 133, 92]
[70, 134, 93]
[68, 130, 94]
[65, 137, 95]
[64, 133, 94]
[65, 137, 95]
[66, 133, 92]
[68, 139, 92]
[67, 137, 93]
[66, 130, 94]
[68, 133, 96]
[71, 129, 93]
[72, 141, 94]
[74, 145, 93]
[71, 140, 95]
[68, 130, 98]
[67, 130, 98]
[68, 125, 98]
[67, 130, 98]
[65, 135, 96]
[64, 128, 98]
[64, 128, 98]
[66, 129, 95]
[66, 130, 94]
[64, 126, 93]
[67, 127, 90]
[66, 135, 91]
[68, 139, 92]
[66, 135, 91]
[66, 133, 92]
[70, 134, 93]
[68, 133, 92]
[70, 139, 90]
[72, 146, 91]
[71, 146, 91]
[70, 139, 90]
[67, 129, 89]
[65, 126, 87]
[63, 130, 86]
[66, 129, 85]
[65, 131, 84]
[65, 124, 84]
[63, 132, 85]
[65, 137, 84]
[70, 135, 83]
[67, 138, 83]
[67, 140, 82]
[62, 147, 87]
[64, 144, 87]
[64, 145, 86]
[63, 135, 83]
[63, 137, 82]
[65, 140, 82]
[65, 135, 81]
[66, 141, 78]
[64, 134, 78]
[66, 137, 80]
[65, 129, 81]
[69, 136, 79]
[65, 141, 78]
[65, 142, 77]
[63, 142, 79]
[62, 132, 81]
[62, 132, 81]
[64, 147, 80]
[64, 134, 78]
[63, 142, 79]
[65, 141, 78]
[66, 153, 80]
[68, 153, 80]
[67, 157, 81]
[67, 140, 82]
[65, 140, 82]
[67, 138, 83]
[65, 137, 84]
[62, 127, 84]
[63, 134, 84]
[65, 124, 84]
[71, 132, 81]
[72, 134, 78]
[70, 140, 80]
[70, 139, 81]
[70, 137, 82]
[66, 144, 85]
[68, 147, 87]
[68, 141, 87]
[67, 147, 87]
[68, 145, 88]
[66, 141, 87]
[67, 133, 86]
[65, 126, 87]
[65, 119, 88]
[65, 129, 89]
[68, 139, 92]
[65, 133, 94]
[65, 135, 96]
[66, 143, 96]
[68, 133, 92]
[67, 139, 92]
[70, 116, 88]
[71, 123, 91]
[71, 123, 91]
[68, 132, 93]
[68, 130, 94]
[72, 133, 94]
[72, 134, 93]
[73, 129, 91]
[71, 130, 92]
[67, 123, 93]
[65, 114, 92]
[65, 120, 91]
[65, 125, 92]
[65, 122, 94]
[66, 126, 97]
[68, 126, 97]
[70, 129, 97]
[70, 125, 96]
[71, 125, 96]
[72, 141, 94]
[73, 133, 92]
[74, 135, 91]
[73, 135, 91]
[70, 132, 91]
[68, 136, 94]
[65, 130, 96]
[66, 129, 95]
[71, 141, 94]
[72, 136, 92]
[72, 143, 93]
[68, 135, 91]
[70, 136, 92]
[73, 133, 92]
[71, 130, 92]
[70, 136, 92]
[68, 139, 97]
[68, 130, 98]
[65, 130, 100]
[65, 128, 98]
[64, 131, 99]
[62, 131, 97]
[64, 131, 99]
[62, 129, 99]
[65, 131, 99]
[65, 134, 97]
[65, 133, 94]
[68, 137, 93]
[66, 132, 93]
[68, 130, 94]
[67, 136, 94]
[66, 132, 93]
[70, 139, 90]
[68, 136, 90]
[71, 146, 91]
[72, 146, 91]
[72, 146, 91]
[73, 135, 87]
[70, 136, 88]
[69, 125, 86]
[65, 129, 85]
[63, 132, 85]
[64, 123, 85]
[65, 123, 85]
[65, 131, 84]
[66, 131, 84]
[65, 133, 86]
[66, 126, 87]
[64, 132, 89]
[62, 140, 91]
[64, 139, 90]
[65, 151, 86]
[64, 140, 84]
[65, 132, 83]
[65, 132, 83]
[66, 135, 81]
[71, 134, 80]
[68, 128, 80]
[66, 135, 81]
[67, 138, 83]
[70, 139, 81]
[71, 136, 79]
[66, 135, 81]
[65, 135, 81]
[62, 132, 81]
[61, 132, 81]
[61, 138, 83]
[62, 137, 82]
[59, 140, 80]
[61, 136, 79]
[66, 149, 82]
[67, 152, 84]
[65, 147, 85]
[65, 137, 84]
[65, 138, 83]
[67, 142, 81]
[63, 139, 81]
[62, 131, 82]
[65, 138, 83]
[66, 134, 82]
[70, 139, 81]
[73, 135, 81]
[71, 134, 80]
[69, 136, 79]
[71, 148, 81]
[73, 145, 81]
[68, 159, 85]
[66, 142, 86]
[68, 145, 88]
[67, 145, 88]
[64, 139, 90]
[64, 143, 91]
[65, 130, 88]
[67, 140, 91]
[64, 137, 91]
[64, 143, 91]
[65, 142, 88]
[66, 141, 87]
[67, 142, 90]
[66, 138, 89]
[68, 140, 91]
[73, 135, 91]
[70, 133, 90]
[68, 135, 91]
[68, 135, 91]
[68, 133, 92]
[67, 136, 94]
[67, 134, 95]
[66, 120, 91]
[67, 126, 91]
[65, 120, 91]
[65, 120, 91]
[62, 116, 92]
[62, 114, 94]
[65, 122, 94]
[66, 132, 93]
[68, 136, 94]
[68, 133, 96]
[66, 126, 97]
[66, 126, 97]
[68, 133, 96]
[70, 134, 93]
[70, 133, 94]
[68, 133, 96]
[68, 125, 98]
[65, 120, 96]
[66, 126, 97]
[71, 127, 94]
[72, 140, 95]
[72, 143, 93]
[74, 144, 90]
[68, 140, 91]
[68, 139, 92]
[67, 139, 92]
[68, 135, 91]
[66, 130, 94]
[68, 130, 98]
[68, 125, 98]
[66, 136, 101]
[68, 142, 99]
[70, 151, 101]
[69, 142, 99]
[64, 134, 97]
[65, 135, 96]
[65, 133, 94]
[64, 137, 95]
[65, 132, 95]
[65, 134, 97]
[68, 130, 94]
[70, 132, 91]
[70, 139, 90]
[66, 138, 89]
[67, 130, 88]
[66, 135, 91]
[68, 135, 91]
[70, 139, 90]
[70, 136, 88]
[73, 131, 84]
[71, 134, 84]
[71, 132, 81]
[66, 134, 82]
[66, 129, 85]
[64, 123, 85]
[67, 135, 85]
[65, 130, 88]
[66, 126, 87]
[63, 127, 88]
[61, 138, 87]
[63, 136, 86]
[64, 136, 86]
[66, 141, 87]
[65, 142, 88]
[68, 147, 87]
[65, 137, 84]
[62, 129, 83]
[64, 131, 80]
[65, 145, 79]
[73, 137, 80]
[71, 139, 81]
[67, 140, 82]
[67, 142, 81]
[69, 136, 79]
[69, 139, 77]
[65, 134, 78]
[66, 141, 78]
[65, 138, 83]
[65, 137, 84]
[67, 137, 84]
[65, 137, 80]
[65, 134, 78]
[65, 142, 81]
[68, 149, 82]
[66, 153, 80]
[67, 152, 84]
[68, 147, 83]
[70, 151, 83]
[67, 140, 82]
[67, 140, 82]
[66, 147, 83]
[66, 134, 82]
[65, 134, 82]
[65, 128, 82]
[65, 138, 83]
[68, 146, 84]
[70, 144, 83]
[68, 150, 85]
[68, 155, 87]
[65, 146, 89]
[63, 135, 87]
[59, 130, 86]
[64, 136, 86]
[65, 133, 86]
[67, 130, 88]
[65, 137, 91]
[64, 136, 92]
[67, 140, 91]
[66, 138, 89]
[70, 140, 89]
[70, 139, 86]
[67, 145, 88]
[68, 138, 89]
[68, 133, 96]
[68, 130, 94]
[67, 136, 94]
[68, 132, 93]
[68, 130, 94]
[68, 134, 95]
[68, 134, 95]
[68, 130, 94]
[68, 134, 95]
[68, 130, 94]
[62, 117, 96]
[62, 117, 96]
[62, 117, 96]
[66, 126, 97]
[66, 126, 97]
[68, 130, 98]
[68, 133, 96]
[66, 126, 97]
[68, 129, 95]
[67, 134, 95]
[72, 141, 94]
[71, 140, 95]
[66, 130, 94]
[68, 134, 95]
[64, 126, 93]
[66, 132, 93]
[71, 132, 91]
[72, 141, 94]
[72, 134, 93]
[71, 141, 94]
[71, 130, 92]
[70, 134, 93]
[68, 137, 93]
[68, 133, 92]
[68, 134, 95]
[67, 130, 98]
[68, 135, 100]
[67, 139, 103]
[68, 139, 101]
[72, 149, 101]
[69, 142, 99]
[67, 133, 96]
[67, 136, 94]
[65, 133, 94]
[66, 132, 93]
[67, 136, 94]
[67, 137, 93]
[68, 133, 92]
[67, 136, 94]
[68, 135, 91]
[65, 129, 89]
[67, 129, 89]
[65, 130, 88]
[70, 135, 89]
[68, 138, 89]
[70, 140, 89]
[72, 144, 87]
[71, 132, 85]
[72, 128, 82]
[66, 132, 83]
[65, 126, 83]
[65, 135, 85]
[68, 147, 87]
[66, 141, 87]
[67, 133, 86]
[64, 132, 89]
[63, 132, 85]
[64, 138, 85]
[65, 137, 84]
[66, 142, 86]
[67, 147, 87]
[68, 144, 85]
[67, 138, 83]
[62, 129, 83]
[65, 129, 81]
[65, 142, 81]
[71, 148, 81]
[73, 139, 79]
[70, 148, 81]
[67, 142, 81]
[64, 129, 81]
[69, 134, 80]
[68, 132, 77]
[66, 141, 78]
[68, 153, 80]
[68, 153, 80]
[68, 153, 80]
[65, 141, 78]
[64, 134, 78]
[69, 139, 77]
[68, 153, 80]
[68, 149, 82]
[67, 152, 84]
[70, 146, 82]
[73, 149, 82]
[70, 148, 81]
[70, 152, 79]
[66, 153, 80]
[65, 142, 81]
[63, 137, 82]
[65, 134, 82]
[65, 135, 85]
[70, 141, 85]
[70, 134, 84]
[68, 142, 86]
[67, 152, 84]
[65, 148, 88]
[63, 135, 87]
[62, 127, 88]
[64, 123, 85]
[65, 124, 84]
[66, 132, 83]
[64, 136, 86]
[64, 139, 90]
[67, 142, 90]
[66, 138, 89]
[68, 147, 87]
[70, 141, 85]
[68, 140, 91]
[68, 133, 92]
[65, 134, 97]
[64, 128, 98]
[66, 132, 93]
[67, 144, 94]
[68, 144, 94]
[67, 137, 93]
[67, 139, 92]
[66, 133, 92]
[71, 130, 92]
[68, 133, 96]
[64, 134, 97]
[66, 126, 97]
[67, 130, 98]
[68, 126, 97]
[67, 130, 98]
[66, 126, 97]
[66, 126, 97]
[68, 130, 98]
[70, 129, 97]
[73, 141, 98]
[74, 144, 94]
[72, 140, 95]
[68, 129, 95]
[64, 123, 95]
[63, 123, 95]
[65, 132, 95]
[68, 132, 93]
[67, 142, 95]
[68, 130, 94]
[72, 133, 94]
[68, 134, 95]
[68, 129, 95]
[67, 133, 96]
[70, 125, 96]
[70, 127, 94]
[68, 130, 98]
[65, 128, 98]
[66, 136, 101]
[68, 142, 99]
[72, 154, 98]
[72, 155, 97]
[72, 145, 95]
[67, 142, 95]
[68, 137, 93]
[68, 136, 94]
[70, 134, 93]
[70, 130, 92]
[68, 137, 93]
[68, 139, 92]
[66, 135, 91]
[70, 123, 91]
[70, 123, 91]
[70, 125, 90]
[70, 135, 89]
[66, 138, 89]
[68, 135, 91]
[70, 135, 89]
[73, 142, 86]
[72, 145, 86]
[65, 133, 86]
[62, 140, 91]
[65, 142, 88]
[68, 142, 86]
[67, 148, 86]
[64, 145, 86]
[63, 132, 85]
[65, 129, 85]
[65, 130, 88]
[65, 127, 90]
[67, 130, 88]
[64, 124, 84]
[66, 132, 83]
[66, 134, 82]
[62, 127, 84]
[66, 132, 83]
[70, 128, 80]
[71, 152, 79]
[73, 147, 80]
[68, 147, 83]
[64, 143, 82]
[61, 136, 79]
[65, 141, 78]
[65, 141, 78]
[68, 132, 77]
[69, 139, 77]
[68, 132, 77]
[65, 136, 77]
[66, 142, 77]
[64, 134, 78]
[66, 134, 82]
[64, 129, 81]
[65, 135, 81]
[65, 137, 80]
[68, 132, 77]
[71, 139, 77]
[70, 140, 80]
[66, 134, 82]
[66, 135, 81]
[66, 147, 83]
[65, 149, 84]
[66, 147, 83]
[65, 141, 78]
[66, 141, 78]
[64, 131, 80]
[65, 138, 83]
[65, 147, 85]
[64, 149, 87]
[63, 135, 87]
[65, 130, 88]
[65, 133, 86]
[65, 135, 85]
[66, 134, 82]
[61, 126, 85]
[65, 126, 87]
[65, 126, 87]
[67, 130, 88]
[67, 129, 89]
[65, 129, 89]
[68, 140, 91]
[66, 136, 90]
[63, 138, 96]
[65, 133, 94]
[66, 132, 93]
[67, 144, 94]
[68, 137, 93]
[65, 125, 92]
[65, 123, 93]
[65, 123, 93]
[66, 130, 94]
[68, 134, 95]
[68, 134, 95]
[66, 129, 95]
[67, 130, 98]
[68, 126, 97]
[67, 130, 98]
[68, 125, 98]
[70, 129, 97]
[68, 126, 97]
[70, 129, 97]
[68, 135, 100]
[68, 129, 99]
[67, 129, 99]
[64, 130, 96]
[63, 123, 95]
[64, 132, 95]
[64, 130, 96]
[65, 130, 96]
[67, 134, 95]
[68, 136, 94]
[71, 130, 92]
[68, 135, 91]
[68, 139, 92]
[68, 137, 93]
[68, 129, 95]
[68, 126, 97]
[68, 129, 99]
[65, 125, 100]
[66, 136, 101]
[66, 138, 100]
[67, 139, 97]
[69, 158, 97]
[68, 144, 94]
[67, 144, 94]
[70, 133, 94]
[70, 127, 94]
[70, 132, 95]
[67, 130, 98]
[65, 132, 95]
[68, 136, 94]
[66, 132, 93]
[67, 136, 94]
[70, 125, 90]
[65, 129, 89]
[67, 130, 88]
[65, 130, 88]
[65, 126, 87]
[67, 133, 86]
[71, 141, 85]
[68, 145, 88]
[66, 141, 87]
[64, 143, 91]
[66, 141, 87]
[67, 154, 88]
[68, 149, 91]
[65, 139, 90]
[63, 130, 90]
[62, 127, 88]
[65, 130, 88]
[67, 130, 88]
[65, 126, 87]
[65, 124, 84]
[65, 131, 84]
[66, 131, 84]
[64, 124, 84]
[64, 124, 84]
[69, 132, 81]
[72, 138, 76]
[71, 143, 75]
[65, 134, 78]
[66, 135, 81]
[62, 129, 83]
[65, 134, 82]
[64, 129, 81]
[69, 136, 79]
[68, 132, 77]
[63, 121, 76]
[66, 137, 80]
[64, 131, 80]
[65, 128, 82]
[65, 140, 82]
[62, 131, 82]
[63, 139, 81]
[62, 121, 76]
[62, 118, 78]
[64, 129, 81]
[66, 135, 81]
[65, 138, 83]
[67, 138, 83]
[62, 131, 82]
[64, 140, 84]
[62, 127, 84]
[65, 135, 81]
[65, 135, 81]
[65, 131, 80]
[65, 138, 83]
[64, 145, 86]
[64, 146, 89]
[62, 143, 89]
[64, 146, 89]
[66, 144, 85]
[65, 145, 86]
[65, 148, 88]
[65, 130, 88]
[65, 123, 89]
[65, 127, 90]
[68, 138, 89]
[67, 145, 88]
[68, 141, 87]
[67, 142, 90]
[70, 136, 88]
[66, 132, 93]
[67, 141, 96]
[70, 133, 90]
[70, 140, 89]
[68, 135, 91]
[67, 126, 91]
[68, 132, 93]
[65, 132, 95]
[62, 131, 97]
[64, 131, 99]
[68, 129, 95]
[67, 130, 98]
[67, 137, 99]
[68, 137, 99]
[72, 129, 97]
[75, 134, 97]
[74, 137, 95]
[74, 134, 97]
[70, 129, 97]
[68, 137, 99]
[67, 130, 98]
[65, 131, 99]
[64, 131, 99]
[62, 129, 99]
[63, 133, 100]
[66, 126, 97]
[66, 129, 95]
[65, 137, 95]
[67, 134, 95]
[66, 129, 95]
[67, 133, 96]
[68, 133, 96]
[69, 145, 97]
[73, 141, 98]
[69, 142, 99]
[68, 128, 100]
[66, 135, 102]
[66, 140, 102]
[67, 133, 102]
[67, 134, 101]
[67, 130, 98]
[68, 133, 96]
[70, 136, 92]
[70, 132, 91]
[68, 129, 95]
[68, 133, 96]
[68, 133, 96]
[66, 130, 94]
[68, 130, 94]
[67, 136, 94]
[68, 133, 92]
[65, 127, 90]
[67, 129, 89]
[65, 130, 88]
[64, 132, 89]
[65, 130, 88]
[65, 120, 87]
[64, 132, 89]
[63, 132, 89]
[64, 130, 90]
[65, 127, 90]
[67, 129, 89]
[68, 138, 89]
[66, 138, 89]
[68, 140, 91]
[65, 136, 92]
[64, 140, 93]
[64, 130, 90]
[65, 130, 88]
[65, 133, 86]
[67, 137, 84]
[65, 135, 85]
[64, 128, 82]
[63, 137, 82]
[63, 137, 82]
[62, 129, 83]
[63, 134, 84]
[64, 128, 82]
[66, 134, 82]
[65, 131, 80]
[70, 144, 78]
[65, 145, 79]
[65, 131, 80]
[65, 141, 78]
[64, 134, 78]
[66, 141, 78]
[66, 141, 78]
[68, 132, 77]
[68, 132, 77]
[66, 141, 78]
[66, 141, 78]
[64, 147, 80]
[62, 139, 81]
[63, 137, 82]
[61, 137, 84]
[63, 140, 84]
[61, 135, 85]
[63, 135, 83]
[61, 137, 84]
[61, 129, 83]
[62, 135, 83]
[62, 127, 84]
[64, 136, 86]
[65, 144, 87]
[64, 148, 88]
[64, 142, 88]
[62, 140, 91]
[61, 136, 88]
[63, 136, 86]
[65, 137, 84]
[68, 147, 83]
[66, 146, 84]
[68, 145, 88]
[66, 142, 86]
[68, 150, 85]
[71, 144, 83]
[73, 138, 85]
[66, 126, 87]
[68, 141, 87]
[70, 139, 86]
[66, 133, 92]
[70, 136, 92]
[72, 139, 90]
[70, 126, 89]
[70, 132, 91]
[67, 125, 92]
[68, 136, 94]
[64, 133, 94]
[64, 132, 95]
[63, 135, 98]
[66, 130, 94]
[67, 130, 98]
[67, 137, 99]
[69, 142, 99]
[73, 139, 99]
[74, 134, 97]
[74, 137, 95]
[74, 144, 94]
[74, 144, 94]
[72, 143, 96]
[69, 142, 99]
[68, 133, 96]
[64, 134, 97]
[64, 130, 96]
[64, 134, 97]
[65, 130, 96]
[66, 126, 97]
[65, 131, 99]
[65, 130, 96]
[67, 134, 95]
[67, 133, 96]
[68, 137, 99]
[68, 142, 99]
[72, 150, 100]
[69, 142, 99]
[68, 135, 100]
[67, 140, 102]
[67, 137, 104]
[69, 146, 105]
[69, 138, 102]
[67, 135, 100]
[70, 129, 97]
[73, 130, 94]
[71, 130, 92]
[68, 132, 93]
[68, 134, 95]
[66, 130, 94]
[70, 132, 95]
[68, 139, 97]
[67, 134, 95]
[68, 134, 95]
[65, 125, 92]
[65, 138, 94]
[66, 133, 92]
[65, 136, 92]
[63, 129, 91]
[64, 127, 92]
[64, 130, 90]
[65, 139, 90]
[66, 141, 87]
[66, 132, 83]
[65, 131, 84]
[65, 126, 83]
[65, 135, 85]
[68, 145, 88]
[65, 139, 90]
[64, 143, 91]
[64, 139, 90]
[64, 132, 89]
[64, 132, 89]
[65, 133, 86]
[65, 129, 85]
[62, 126, 85]
[65, 132, 83]
[63, 135, 83]
[61, 127, 84]
[61, 129, 83]
[65, 137, 80]
[66, 141, 78]
[68, 132, 77]
[66, 141, 78]
[66, 137, 80]
[65, 124, 84]
[65, 132, 83]
[65, 129, 81]
[66, 141, 78]
[68, 132, 77]
[71, 139, 77]
[66, 141, 78]
[65, 134, 78]
[64, 128, 82]
[64, 136, 86]
[61, 135, 85]
[62, 137, 82]
[59, 137, 82]
[63, 138, 85]
[61, 139, 86]
[63, 140, 84]
[59, 134, 84]
[62, 132, 85]
[62, 126, 85]
[64, 136, 86]
[63, 135, 83]
[65, 145, 86]
[67, 147, 87]
[65, 144, 87]
[63, 149, 89]
[65, 144, 87]
[66, 142, 86]
[65, 135, 85]
[66, 134, 82]
[67, 137, 84]
[68, 148, 86]
[66, 144, 85]
[70, 141, 85]
[70, 144, 87]
[71, 139, 86]
[69, 127, 84]
[68, 138, 89]
[68, 141, 87]
[66, 135, 91]
[68, 137, 93]
[68, 137, 93]
[65, 125, 92]
[70, 122, 92]
[71, 123, 91]
[73, 125, 88]
[70, 133, 90]
[68, 139, 92]
[67, 144, 94]
[68, 142, 95]
[67, 141, 96]
[69, 146, 96]
[72, 154, 98]
[69, 142, 99]
[70, 151, 101]
[72, 155, 97]
[72, 145, 95]
[72, 154, 98]
[72, 141, 98]
[72, 154, 98]
[68, 139, 97]
[68, 139, 97]
[67, 136, 94]
[65, 134, 93]
[65, 140, 93]
[67, 136, 94]
[68, 132, 93]
[68, 133, 92]
[67, 134, 95]
[67, 133, 96]
[68, 145, 97]
[70, 156, 98]
[69, 155, 99]
[68, 142, 99]
[66, 136, 101]
[67, 139, 103]
[72, 145, 104]
[73, 148, 102]
[72, 139, 99]
[68, 140, 100]
[71, 134, 99]
[72, 138, 96]
[74, 137, 95]
[74, 137, 95]
[72, 138, 96]
[72, 138, 96]
[71, 138, 96]
[68, 141, 96]
[67, 142, 95]
[67, 139, 92]
[64, 127, 92]
[64, 126, 93]
[65, 134, 93]
[66, 133, 92]
[67, 140, 91]
[68, 142, 90]
[65, 139, 90]
[67, 142, 90]
[65, 139, 90]
[63, 132, 89]
[63, 130, 86]
[64, 123, 85]
[65, 130, 88]
[65, 130, 88]
[64, 139, 90]
[62, 140, 91]
[65, 143, 91]
[65, 143, 91]
[63, 132, 89]
[61, 133, 90]
[63, 132, 89]
[64, 120, 87]
[65, 129, 85]
[66, 134, 82]
[62, 131, 82]
[63, 137, 82]
[62, 118, 78]
[63, 121, 76]
[62, 121, 76]
[62, 131, 82]
[62, 139, 81]
[62, 136, 79]
[63, 142, 79]
[62, 142, 79]
[62, 132, 81]
[65, 134, 78]
[69, 141, 76]
[65, 141, 78]
[64, 131, 80]
[63, 142, 79]
[64, 134, 78]
[64, 134, 78]
[63, 137, 82]
[59, 129, 87]
[64, 136, 86]
[62, 129, 83]
[64, 141, 83]
[65, 135, 85]
[64, 136, 86]
[61, 133, 86]
[62, 134, 84]
[63, 134, 84]
[67, 138, 83]
[68, 150, 85]
[66, 146, 84]
[68, 146, 84]
[67, 148, 86]
[67, 148, 86]
[70, 135, 83]
[69, 132, 81]
[67, 137, 84]
[66, 142, 86]
[64, 146, 89]
[65, 142, 88]
[67, 142, 90]
[68, 136, 90]
[67, 139, 92]
[68, 140, 91]
[65, 136, 92]
[68, 136, 90]
[67, 139, 92]
[68, 133, 92]
[66, 133, 92]
[72, 139, 90]
[71, 127, 88]
[74, 138, 89]
[73, 133, 88]
[72, 139, 90]
[72, 148, 93]
[69, 158, 97]
[69, 148, 95]
[69, 148, 95]
[70, 155, 99]
[69, 155, 99]
[68, 137, 99]
[69, 155, 99]
[68, 137, 99]
[68, 139, 97]
[68, 142, 99]
[70, 151, 101]
[68, 139, 97]
[68, 133, 96]
[68, 133, 96]
[66, 132, 93]
[68, 136, 94]
[68, 132, 93]
[66, 129, 95]
[67, 141, 96]
[68, 139, 97]
[69, 146, 96]
[68, 146, 96]
[70, 155, 99]
[68, 145, 97]
[70, 151, 101]
[68, 139, 101]
[68, 134, 101]
[72, 131, 101]
[74, 130, 100]
[71, 133, 100]
[72, 141, 98]
[73, 145, 95]
[73, 157, 96]
[74, 144, 94]
[72, 140, 95]
[68, 142, 95]
[68, 142, 95]
[66, 142, 97]
[65, 134, 97]
[65, 134, 97]
[66, 130, 94]
[65, 138, 94]
[65, 136, 92]
[67, 147, 92]
[67, 147, 92]
[68, 142, 90]
[65, 141, 92]
[63, 129, 91]
[63, 129, 91]
[62, 139, 92]
[63, 132, 89]
[61, 136, 88]
[62, 132, 85]
[64, 136, 86]
[64, 148, 88]
[64, 142, 88]
[64, 145, 86]
[67, 148, 86]
[68, 150, 85]
[65, 135, 85]
[64, 124, 84]
[65, 132, 83]
[64, 129, 81]
[66, 135, 81]
[64, 131, 80]
[66, 141, 78]
[66, 137, 80]
[62, 118, 78]
[58, 126, 79]
[58, 126, 79]
[62, 139, 81]
[62, 136, 79]
[64, 150, 78]
[63, 150, 78]
[61, 145, 79]
[62, 136, 79]
[65, 137, 80]
[67, 145, 79]
[68, 153, 80]
[65, 145, 79]
[64, 134, 78]
[66, 141, 78]
[65, 134, 78]
[65, 137, 80]
[62, 129, 83]
[63, 135, 83]
[62, 129, 83]
[65, 138, 83]
[67, 138, 83]
[65, 138, 83]
[62, 126, 85]
[65, 132, 83]
[66, 144, 85]
[68, 146, 84]
[68, 144, 85]
[65, 148, 88]
[64, 142, 88]
[65, 146, 89]
[66, 142, 86]
[65, 133, 86]
[66, 129, 85]
[65, 142, 88]
[64, 146, 89]
[64, 139, 90]
[64, 143, 91]
[65, 144, 87]
[68, 142, 86]
[67, 145, 88]
[68, 145, 88]
[68, 141, 87]
[72, 144, 92]
[72, 136, 92]
[70, 133, 90]
[68, 137, 93]
[70, 130, 92]
[70, 133, 94]
[73, 127, 92]
[72, 134, 93]
[72, 133, 94]
[68, 133, 96]
[65, 134, 97]
[67, 139, 97]
[68, 145, 97]
[69, 146, 96]
[67, 139, 97]
[68, 137, 99]
[72, 150, 100]
[72, 141, 98]
[70, 155, 99]
[72, 145, 95]
[71, 140, 95]
[71, 141, 94]
[68, 137, 93]
[68, 137, 93]
[68, 133, 92]
[66, 132, 93]
[68, 132, 93]
[67, 141, 96]
[68, 156, 100]
[68, 142, 99]
[70, 158, 97]
[71, 143, 93]
[72, 136, 92]
[71, 141, 94]
[66, 130, 94]
[68, 130, 98]
[72, 128, 98]
[71, 122, 98]
[74, 126, 97]
[74, 139, 97]
[73, 150, 100]
[72, 139, 99]
[73, 149, 101]
[71, 135, 98]
[68, 137, 99]
[67, 133, 96]
[65, 130, 96]
[65, 141, 98]
[63, 135, 98]
[64, 134, 97]
[66, 129, 95]
[66, 143, 96]
[66, 150, 95]
[65, 153, 95]
[65, 151, 96]
[64, 140, 93]
[63, 141, 94]
[64, 137, 91]
[64, 143, 91]
[61, 133, 90]
[64, 142, 88]
[64, 136, 86]
[63, 138, 85]
[62, 132, 85]
[61, 135, 85]
[63, 130, 86]
[66, 141, 87]
[68, 142, 86]
[66, 144, 85]
[68, 148, 86]
[65, 129, 81]
[65, 135, 81]
[64, 131, 80]
[66, 141, 78]
[65, 129, 81]
[65, 135, 81]
[66, 135, 81]
[64, 131, 80]
[65, 141, 78]
[64, 134, 78]
[65, 134, 78]
[63, 144, 78]
[64, 134, 78]
[65, 141, 78]
[64, 134, 78]
[66, 142, 77]
[66, 142, 77]
[66, 153, 80]
[66, 153, 80]
[70, 156, 80]
[67, 154, 83]
[63, 140, 84]
[59, 134, 84]
[63, 142, 79]
[64, 134, 78]
[65, 137, 80]
[64, 126, 83]
[62, 134, 84]
[61, 133, 86]
[62, 126, 85]
[65, 126, 83]
[65, 137, 84]
[68, 148, 86]
[65, 135, 85]
[67, 133, 86]
[65, 139, 90]
[63, 135, 87]
[61, 136, 88]
[61, 126, 85]
[61, 135, 85]
[63, 138, 85]
[62, 147, 87]
[63, 147, 90]
[65, 139, 90]
[66, 138, 89]
[67, 147, 87]
[68, 148, 86]
[66, 144, 85]
[65, 135, 85]
[67, 130, 88]
[72, 147, 90]
[73, 138, 89]
[70, 137, 91]
[68, 133, 92]
[66, 129, 95]
[68, 130, 98]
[70, 127, 94]
[72, 141, 94]
[70, 139, 90]
[68, 140, 91]
[66, 132, 93]
[67, 133, 96]
[68, 141, 96]
[71, 141, 94]
[71, 141, 94]
[71, 140, 95]
[72, 143, 96]
[69, 142, 99]
[72, 150, 100]
[72, 150, 100]
[72, 141, 98]
[71, 138, 96]
[71, 140, 95]
[68, 136, 94]
[68, 132, 93]
[65, 125, 92]
[68, 132, 93]
[68, 148, 95]
[69, 148, 95]
[69, 156, 98]
[72, 157, 96]
[72, 143, 93]
[72, 140, 89]
[70, 133, 90]
[70, 127, 94]
[70, 126, 99]
[68, 124, 99]
[70, 126, 99]
[74, 139, 97]
[73, 141, 98]
[70, 147, 104]
[69, 136, 103]
[67, 135, 100]
[68, 130, 98]
[68, 130, 98]
[67, 133, 96]
[65, 130, 96]
[64, 131, 99]
[64, 135, 96]
[66, 145, 95]
[67, 142, 95]
[68, 146, 96]
[67, 142, 95]
[65, 145, 95]
[63, 140, 95]
[65, 140, 93]
[65, 140, 93]
[64, 137, 91]
[64, 141, 92]
[62, 139, 92]
[65, 139, 90]
[65, 133, 86]
[64, 138, 85]
[64, 135, 87]
[63, 132, 85]
[65, 132, 83]
[67, 147, 87]
[68, 138, 89]
[68, 138, 89]
[65, 143, 91]
[63, 130, 86]
[65, 131, 84]
[64, 128, 82]
[66, 135, 81]
[65, 131, 80]
[65, 134, 82]
[65, 128, 82]
[65, 135, 81]
[64, 134, 78]
[63, 144, 78]
[65, 136, 77]
[65, 141, 78]
[65, 138, 76]
[65, 142, 77]
[66, 146, 75]
[68, 138, 74]
[66, 146, 75]
[65, 149, 77]
[68, 161, 79]
[68, 153, 80]
[65, 149, 84]
[62, 134, 84]
[59, 132, 85]
[62, 135, 83]
[65, 131, 84]
[63, 132, 85]
[61, 129, 83]
[62, 137, 82]
[61, 129, 83]
[62, 134, 84]
[64, 124, 84]
[68, 144, 85]
[67, 152, 84]
[67, 142, 81]
[67, 140, 82]
[66, 146, 84]
[64, 144, 87]
[63, 135, 87]
[63, 136, 86]
[62, 135, 83]
[61, 138, 87]
[63, 136, 86]
[64, 144, 87]
[67, 148, 86]
[68, 144, 85]
[67, 148, 86]
[68, 147, 87]
[65, 137, 84]
[65, 137, 84]
[67, 138, 83]
[73, 133, 88]
[72, 140, 89]
[72, 139, 90]
[70, 130, 92]
[66, 132, 93]
[67, 125, 92]
[67, 125, 92]
[68, 132, 93]
[70, 135, 89]
[70, 139, 90]
[68, 140, 91]
[66, 133, 92]
[70, 136, 92]
[72, 141, 94]
[73, 148, 93]
[71, 143, 93]
[69, 148, 95]
[68, 146, 96]
[69, 156, 98]
[68, 142, 95]
[67, 139, 92]
[68, 147, 92]
[72, 146, 91]
[71, 143, 93]
[68, 136, 94]
[68, 130, 94]
[66, 132, 93]
[70, 137, 91]
[73, 130, 90]
[70, 136, 92]
[68, 136, 90]
[68, 140, 91]
[70, 136, 92]
[70, 129, 93]
[68, 133, 96]
[68, 126, 97]
[65, 126, 99]
[65, 125, 100]
[65, 129, 101]
[67, 140, 102]
[70, 150, 102]
[68, 142, 99]
[69, 142, 99]
[65, 131, 99]
[65, 126, 99]
[67, 137, 99]
[69, 158, 97]
[68, 145, 93]
[67, 141, 96]
[68, 141, 96]
[68, 141, 96]
[72, 148, 93]
[68, 139, 92]
[67, 142, 90]
[66, 135, 91]
[66, 136, 90]
[65, 140, 93]
[64, 136, 92]
[61, 130, 92]
[61, 133, 90]
[65, 144, 87]
[65, 133, 86]
[63, 130, 86]
[63, 134, 84]
[65, 140, 82]
[68, 153, 80]
[68, 147, 83]
[68, 142, 86]
[68, 142, 90]
[64, 132, 89]
[63, 130, 86]
[64, 126, 83]
[62, 121, 76]
[63, 121, 76]
[64, 129, 81]
[66, 135, 81]
[70, 140, 80]
[65, 137, 80]
[61, 131, 82]
[63, 137, 82]
[65, 134, 78]
[63, 144, 78]
[62, 136, 79]
[65, 141, 78]
[65, 145, 79]
[67, 145, 79]
[65, 142, 77]
[65, 141, 78]
[65, 129, 81]
[65, 134, 82]
[63, 137, 82]
[61, 132, 81]
[61, 137, 84]
[64, 138, 85]
[65, 137, 84]
[63, 132, 85]
[62, 132, 85]
[63, 138, 85]
[61, 137, 84]
[64, 140, 84]
[64, 128, 82]
[69, 132, 81]
[73, 135, 81]
[70, 137, 82]
[68, 146, 84]
[68, 146, 84]
[68, 147, 83]
[64, 141, 83]
[62, 148, 86]
[65, 147, 85]
[66, 147, 83]
[67, 140, 82]
[67, 138, 83]
[66, 144, 85]
[68, 148, 86]
[70, 146, 82]
[68, 152, 84]
[67, 140, 82]
[65, 135, 85]
[65, 135, 85]
[71, 141, 85]
[73, 140, 84]
[73, 138, 85]
[71, 129, 87]
[69, 125, 86]
[66, 125, 88]
[64, 117, 89]
[65, 125, 92]
[66, 132, 93]
[68, 132, 93]
[68, 134, 95]
[66, 130, 94]
[68, 130, 94]
[72, 134, 93]
[72, 140, 95]
[68, 139, 97]
[68, 141, 96]
[66, 143, 96]
[67, 144, 94]
[67, 136, 94]
[70, 129, 93]
[70, 134, 93]
[70, 137, 91]
[71, 146, 91]
[71, 136, 88]
[70, 137, 91]
[72, 136, 92]
[71, 129, 93]
[73, 127, 92]
[70, 134, 93]
[66, 135, 91]
[68, 137, 93]
[68, 144, 94]
[68, 144, 94]
[67, 134, 95]
[64, 121, 97]
[62, 110, 97]
[64, 120, 98]
[65, 129, 101]
[65, 126, 99]
[68, 137, 99]
[71, 135, 98]
[68, 133, 96]
[65, 135, 96]
[66, 130, 94]
[67, 139, 97]
[72, 143, 96]
[72, 146, 94]
[68, 136, 94]
[67, 134, 95]
[68, 133, 96]
[71, 141, 94]
[68, 132, 93]
[65, 133, 94]
[68, 136, 94]
[66, 133, 92]
[67, 140, 91]
[64, 139, 90]
[63, 132, 89]
[64, 132, 89]
[65, 130, 88]
[65, 129, 85]
[64, 120, 87]
[65, 135, 85]
[68, 146, 84]
[66, 144, 85]
[66, 142, 86]
[68, 142, 86]
[66, 146, 84]
[66, 135, 81]
[66, 135, 81]
[62, 115, 80]
[62, 108, 78]
[62, 115, 80]
[65, 128, 82]
[65, 137, 84]
[67, 137, 84]
[65, 132, 83]
[64, 128, 82]
[67, 140, 82]
[67, 142, 81]
[65, 141, 78]
[63, 142, 79]
[63, 142, 79]
[64, 147, 80]
[64, 147, 80]
[65, 141, 78]
[65, 141, 78]
[66, 141, 78]
[64, 134, 78]
[62, 121, 76]
[62, 132, 81]
[65, 135, 81]
[64, 131, 80]
[65, 131, 80]
[63, 142, 79]
[59, 137, 82]
[62, 135, 83]
[64, 145, 86]
[64, 147, 85]
[65, 138, 83]
[65, 135, 85]
[69, 131, 82]
[67, 138, 83]
[68, 144, 85]
[66, 146, 84]
[65, 140, 82]
[66, 135, 81]
[61, 135, 85]
[62, 122, 88]
[68, 138, 89]
[68, 144, 85]
[66, 135, 81]
[65, 134, 82]
[66, 134, 82]
[70, 144, 83]
[65, 138, 83]
[67, 137, 84]
[64, 148, 88]
[63, 135, 87]
[71, 136, 88]
[71, 136, 88]
[73, 139, 88]
[69, 127, 84]
[70, 132, 85]
[68, 141, 87]
[65, 130, 88]
[67, 127, 90]
[68, 139, 92]
[68, 135, 91]
[70, 135, 89]
[70, 136, 92]
[73, 129, 91]
[70, 125, 90]
[65, 126, 91]
[68, 133, 92]
[65, 137, 95]
[66, 142, 97]
[70, 136, 92]
[72, 140, 89]
[74, 153, 85]
[72, 147, 90]
[73, 153, 90]
[71, 144, 92]
[69, 151, 93]
[68, 144, 94]
[68, 132, 93]
[67, 134, 95]
[68, 137, 93]
[67, 145, 93]
[68, 136, 90]
[67, 139, 92]
[66, 132, 93]
[68, 142, 95]
[68, 142, 95]
[68, 136, 94]
[70, 136, 92]
[71, 132, 91]
[70, 130, 92]
[70, 132, 95]
[68, 130, 98]
[67, 120, 96]
[67, 130, 98]
[68, 129, 95]
[73, 143, 96]
[72, 140, 95]
[71, 141, 94]
[68, 136, 94]
[67, 141, 96]
[68, 139, 97]
[66, 130, 94]
[68, 136, 94]
[68, 136, 94]
[65, 132, 95]
[65, 133, 94]
[67, 139, 92]
[68, 147, 92]
[67, 147, 92]
[68, 136, 90]
[67, 140, 91]
[66, 126, 87]
[65, 131, 84]
[64, 128, 82]
[67, 137, 84]
[65, 137, 84]
[67, 137, 84]
[65, 137, 84]
[67, 138, 83]
[64, 128, 82]
[66, 134, 82]
[64, 131, 80]
[66, 141, 78]
[64, 134, 78]
[65, 141, 78]
[65, 141, 78]
[65, 145, 79]
[64, 129, 81]
[66, 137, 80]
[66, 141, 78]
[70, 136, 75]
[72, 133, 75]
[71, 143, 75]
[66, 144, 76]
[65, 136, 77]
[62, 137, 78]
[63, 146, 77]
[62, 139, 77]
[65, 141, 78]
[64, 134, 78]
[66, 141, 78]
[66, 141, 78]
[64, 134, 78]
[65, 128, 82]
[65, 132, 83]
[65, 134, 82]
[64, 128, 82]
[58, 121, 82]
[58, 121, 82]
[64, 126, 83]
[65, 138, 83]
[67, 150, 85]
[64, 147, 85]
[61, 131, 82]
[63, 137, 82]
[62, 135, 83]
[63, 134, 84]
[64, 126, 83]
[66, 137, 80]
[58, 123, 81]
[61, 127, 84]
[63, 134, 84]
[65, 138, 83]
[66, 144, 85]
[67, 138, 83]
[65, 140, 82]
[65, 140, 82]
[67, 142, 81]
[66, 153, 80]
[68, 154, 83]
[65, 147, 85]
[68, 140, 91]
[71, 136, 88]
[71, 127, 84]
[69, 125, 86]
[65, 127, 90]
[68, 133, 92]
[66, 136, 90]
[68, 138, 89]
[70, 136, 88]
[72, 140, 89]
[73, 139, 88]
[71, 136, 88]
[73, 135, 87]
[70, 127, 88]
[67, 129, 89]
[68, 135, 91]
[68, 139, 92]
[67, 144, 94]
[68, 135, 91]
[70, 139, 90]
[74, 146, 89]
[71, 144, 92]
[72, 141, 94]
[72, 148, 93]
[70, 163, 94]
[67, 147, 92]
[67, 139, 92]
[66, 133, 92]
[66, 133, 92]
[67, 134, 95]
[68, 134, 95]
[66, 133, 92]
[66, 138, 89]
[71, 146, 91]
[67, 137, 93]
[68, 133, 96]
[70, 127, 94]
[70, 128, 98]
[70, 128, 98]
[70, 129, 97]
[67, 133, 96]
[68, 129, 95]
[68, 136, 94]
[66, 133, 92]
[72, 144, 92]
[72, 144, 92]
[70, 132, 91]
[68, 137, 93]
[66, 133, 92]
[68, 139, 92]
[68, 135, 91]
[68, 139, 92]
[68, 137, 93]
[66, 133, 92]
[68, 133, 92]
[67, 144, 94]
[68, 144, 94]
[67, 144, 94]
[66, 145, 95]
[67, 140, 91]
[66, 141, 87]
[69, 132, 81]
[65, 128, 82]
[67, 137, 84]
[65, 138, 83]
[67, 138, 83]
[65, 134, 82]
[66, 132, 83]
[65, 132, 83]
[65, 128, 82]
[64, 131, 80]
[66, 141, 78]
[65, 137, 80]
[67, 140, 82]
[65, 140, 82]
[66, 141, 78]
[65, 134, 78]
[65, 142, 77]
[65, 142, 77]
[68, 134, 76]
[72, 133, 75]
[71, 146, 77]
[69, 141, 76]
[65, 134, 78]
[64, 129, 81]
[63, 139, 81]
[62, 132, 81]
[65, 141, 78]
[65, 141, 78]
[65, 134, 78]
[65, 137, 80]
[65, 129, 81]
[66, 135, 81]
[64, 131, 80]
[65, 128, 82]
[63, 137, 82]
[59, 135, 83]
[60, 119, 79]
[64, 131, 80]
[64, 131, 80]
[68, 147, 83]
[65, 147, 85]
[63, 136, 86]
[62, 132, 85]
[62, 132, 85]
[62, 127, 84]
[64, 129, 81]
[66, 135, 81]
[61, 131, 82]
[61, 129, 83]
[61, 129, 83]
[65, 140, 82]
[66, 147, 83]
[68, 146, 84]
[66, 142, 86]
[65, 137, 84]
[67, 142, 81]
[66, 149, 82]
[67, 150, 85]
[68, 144, 85]
[70, 140, 89]
[70, 136, 88]
[67, 140, 91]
[68, 135, 91]
[68, 135, 91]
[70, 140, 89]
[73, 140, 84]
[70, 145, 86]
[70, 136, 88]
[71, 129, 87]
[73, 131, 84]
[70, 132, 85]
[70, 139, 90]
[70, 126, 89]
[70, 126, 89]
[70, 133, 90]
[66, 135, 91]
[68, 139, 92]
[68, 133, 92]
[70, 136, 92]
[71, 132, 91]
[70, 136, 92]
[71, 143, 93]
[71, 144, 92]
[68, 144, 94]
[68, 141, 96]
[68, 134, 95]
[67, 134, 95]
[68, 132, 93]
[67, 136, 94]
[70, 133, 90]
[72, 139, 90]
[73, 139, 88]
[70, 136, 88]
[67, 145, 93]
[68, 142, 95]
[67, 136, 94]
[68, 133, 96]
[68, 126, 97]
[67, 130, 98]
[67, 141, 96]
[67, 139, 97]
[68, 129, 95]
[67, 133, 96]
[68, 129, 95]
[68, 134, 95]
[67, 133, 96]
[65, 120, 96]
[65, 122, 94]
[67, 126, 91]
[67, 125, 92]
[65, 123, 93]
[65, 125, 92]
[70, 126, 89]
[71, 135, 89]
[71, 146, 91]
[70, 161, 95]
[68, 152, 92]
[66, 148, 93]
[65, 139, 90]
[65, 130, 88]
[70, 129, 87]
[68, 147, 87]
[67, 137, 84]
[67, 138, 83]
[67, 137, 84]
[62, 137, 82]
[63, 137, 82]
[65, 137, 80]
[64, 134, 78]
[67, 145, 79]
[71, 152, 79]
[72, 156, 80]
[71, 152, 79]
[71, 150, 75]
[66, 146, 75]
[63, 144, 78]
[63, 147, 80]
[66, 147, 83]
[68, 147, 83]
[71, 146, 82]
[70, 156, 80]
[71, 152, 79]
[71, 144, 78]
[65, 145, 79]
[67, 142, 81]
[65, 131, 80]
[63, 139, 81]
[64, 131, 80]
[65, 141, 78]
[64, 131, 80]
[66, 134, 82]
[66, 132, 83]
[64, 128, 82]
[65, 128, 82]
[63, 139, 81]
[59, 135, 83]
[62, 135, 83]
[61, 138, 83]
[62, 132, 81]
[64, 140, 84]
[64, 140, 84]
[67, 150, 85]
[66, 147, 83]
[67, 140, 82]
[65, 137, 80]
[65, 134, 82]
[67, 138, 83]
[63, 135, 83]
[61, 131, 82]
[62, 129, 83]
[62, 129, 83]
[67, 150, 85]
[66, 146, 84]
[67, 147, 87]
[68, 148, 86]
[64, 147, 85]
[63, 136, 86]
[61, 133, 90]
[63, 132, 89]
[66, 144, 85]
[70, 139, 86]
[68, 140, 91]
[70, 135, 89]
[68, 138, 89]
[70, 140, 89]
[70, 136, 88]
[70, 140, 89]
[66, 136, 90]
[67, 129, 89]
[71, 127, 88]
[70, 129, 87]
[70, 127, 88]
[67, 127, 90]
[67, 139, 92]
[68, 133, 92]
[67, 136, 94]
[70, 130, 92]
[72, 137, 91]
[73, 133, 88]
[73, 135, 87]
[74, 144, 90]
[74, 144, 90]
[70, 139, 90]
[70, 133, 90]
[70, 136, 92]
[68, 136, 90]
[67, 145, 93]
[67, 145, 93]
[68, 147, 92]
[71, 136, 88]
[72, 140, 89]
[74, 150, 90]
[73, 148, 93]
[73, 157, 96]
[71, 140, 95]
[70, 133, 94]
[67, 130, 98]
[66, 126, 97]
[67, 130, 98]
[68, 130, 98]
[67, 137, 99]
[67, 130, 98]
[66, 129, 95]
[68, 133, 96]
[66, 130, 94]
[66, 129, 95]
[68, 130, 98]
[66, 126, 97]
[68, 129, 95]
[66, 130, 94]
[65, 132, 95]
[68, 130, 94]
[66, 132, 93]
[70, 136, 92]
[72, 151, 91]
[67, 147, 92]
[68, 140, 91]
[66, 138, 89]
[64, 132, 89]
[66, 138, 89]
[68, 141, 87]
[68, 144, 85]
[67, 148, 86]
[68, 148, 86]
[67, 137, 84]
[61, 126, 85]
[61, 135, 85]
[61, 140, 82]
[64, 141, 83]
[68, 147, 87]
[70, 137, 82]
[72, 152, 82]
[70, 146, 82]
[67, 140, 82]
[67, 142, 81]
[62, 137, 82]
[63, 141, 83]
[65, 147, 78]
[66, 155, 79]
[70, 156, 80]
[68, 153, 80]
[73, 155, 79]
[71, 152, 79]
[71, 146, 82]
[70, 140, 80]
[65, 145, 79]
[67, 145, 79]
[68, 146, 84]
[65, 140, 82]
[70, 152, 79]
[68, 153, 80]
[65, 135, 81]
[58, 123, 81]
[61, 129, 83]
[59, 130, 86]
[61, 138, 87]
[63, 135, 87]
[61, 136, 88]
[64, 136, 86]
[66, 147, 83]
[68, 153, 80]
[67, 145, 79]
[65, 140, 82]
[67, 140, 82]
[64, 131, 80]
[65, 135, 81]
[67, 145, 79]
[65, 141, 78]
[66, 137, 80]
[65, 128, 82]
[65, 135, 81]
[66, 147, 83]
[70, 146, 82]
[70, 146, 82]
[64, 151, 86]
[64, 147, 85]
[61, 139, 86]
[61, 138, 87]
[64, 142, 88]
[65, 129, 89]
[70, 129, 87]
[67, 130, 88]
[66, 141, 87]
[65, 142, 88]
[66, 141, 87]
[66, 141, 87]
[70, 136, 88]
[71, 136, 88]
[72, 140, 89]
[72, 139, 90]
[70, 133, 90]
[68, 132, 93]
[67, 125, 92]
[67, 139, 92]
[68, 135, 91]
[70, 133, 90]
[66, 122, 90]
[71, 122, 88]
[71, 136, 88]
[74, 149, 87]
[74, 146, 89]
[68, 136, 90]
[70, 133, 90]
[70, 137, 91]
[70, 135, 89]
[68, 138, 89]
[66, 136, 90]
[67, 139, 92]
[70, 135, 89]
[70, 140, 89]
[70, 139, 90]
[72, 146, 91]
[74, 161, 92]
[74, 150, 90]
[71, 141, 94]
[66, 130, 94]
[65, 134, 97]
[66, 129, 95]
[67, 133, 96]
[68, 142, 95]
[67, 144, 94]
[68, 133, 92]
[65, 137, 95]
[65, 133, 94]
[66, 130, 94]
[67, 136, 94]
[65, 132, 95]
[64, 134, 97]
[64, 130, 96]
[64, 134, 97]
[64, 132, 95]
[66, 141, 98]
[67, 141, 96]
[67, 141, 96]
[71, 144, 92]
[68, 138, 89]
[65, 133, 86]
[66, 131, 84]
[66, 142, 86]
[70, 145, 86]
[68, 146, 84]
[68, 152, 84]
[65, 137, 80]
[65, 132, 83]
[61, 125, 86]
[58, 135, 87]
[58, 151, 88]
[61, 138, 87]
[61, 132, 87]
[64, 126, 83]
[65, 135, 81]
[67, 142, 81]
[62, 139, 81]
[62, 139, 81]
[59, 137, 82]
[63, 141, 83]
[63, 140, 84]
[59, 129, 87]
[61, 129, 89]
[65, 135, 85]
[66, 146, 84]
[71, 146, 82]
[71, 146, 82]
[71, 146, 82]
[70, 137, 82]
[67, 138, 83]
[70, 152, 79]
[70, 154, 78]
[70, 146, 77]
[70, 156, 80]
[68, 153, 80]
[63, 139, 81]
[56, 139, 81]
[58, 138, 85]
[59, 134, 84]
[62, 135, 83]
[65, 140, 82]
[67, 142, 81]
[64, 143, 82]
[65, 142, 81]
[66, 141, 78]
[65, 134, 78]
[63, 142, 79]
[63, 137, 82]
[64, 129, 81]
[69, 136, 79]
[71, 139, 81]
[68, 126, 81]
[66, 134, 82]
[70, 144, 83]
[71, 148, 81]
[71, 137, 82]
[67, 137, 84]
[66, 134, 82]
[65, 134, 82]
[65, 137, 84]
[65, 145, 86]
[64, 148, 88]
[64, 145, 86]
[65, 133, 86]
[67, 133, 86]
[67, 127, 90]
[64, 129, 91]
[67, 142, 90]
[67, 130, 88]
[65, 130, 88]
[71, 136, 88]
[73, 139, 88]
[70, 136, 88]
[70, 140, 89]
[70, 133, 90]
[70, 137, 91]
[68, 135, 91]
[68, 139, 92]
[70, 132, 91]
[71, 130, 92]
[67, 125, 92]
[68, 135, 91]
[71, 135, 89]
[73, 139, 88]
[72, 140, 89]
[70, 144, 87]
[70, 129, 87]
[70, 135, 89]
[70, 132, 91]
[65, 123, 93]
[68, 130, 94]
[67, 137, 93]
[67, 127, 90]
[67, 134, 95]
[70, 127, 94]
[74, 140, 93]
[73, 151, 91]
[74, 152, 89]
[68, 139, 92]
[68, 137, 93]
[66, 132, 93]
[65, 138, 94]
[65, 134, 97]
[65, 132, 95]
[67, 142, 95]
[67, 137, 93]
[68, 136, 94]
[68, 134, 95]
[65, 120, 96]
[64, 130, 96]
[63, 125, 94]
[64, 133, 94]
[63, 127, 92]
[62, 134, 95]
[65, 134, 93]
[67, 147, 92]
[67, 147, 92]
[67, 142, 90]
[68, 142, 90]
[66, 138, 89]
[67, 129, 89]
[65, 125, 88]
[70, 136, 88]
[70, 145, 86]
[70, 146, 82]
[66, 153, 80]
[66, 135, 81]
[65, 134, 82]
[61, 129, 83]
[62, 135, 83]
[61, 141, 85]
[61, 138, 83]
[62, 142, 79]
[63, 142, 79]
[64, 131, 80]
[64, 131, 80]
[62, 139, 81]
[62, 139, 81]
[59, 140, 80]
[62, 132, 81]
[62, 137, 82]
[59, 135, 83]
[61, 138, 83]
[64, 149, 84]
[65, 149, 84]
[67, 138, 83]
[71, 137, 82]
[67, 138, 83]
[66, 132, 83]
[64, 128, 82]
[66, 141, 78]
[70, 140, 80]
[70, 140, 80]
[68, 154, 83]
[67, 142, 81]
[61, 132, 81]
[62, 142, 79]
[62, 139, 81]
[59, 135, 83]
[65, 140, 82]
[65, 142, 81]
[67, 145, 79]
[65, 141, 78]
[67, 145, 79]
[65, 140, 82]
[65, 131, 80]
[65, 141, 78]
[65, 134, 78]
[65, 141, 78]
[71, 132, 81]
[71, 137, 82]
[65, 128, 82]
[66, 134, 82]
[70, 144, 83]
[71, 144, 83]
[73, 143, 82]
[66, 134, 82]
[64, 129, 81]
[66, 137, 80]
[67, 140, 82]
[66, 144, 85]
[65, 148, 88]
[63, 138, 85]
[70, 137, 82]
[67, 137, 84]
[65, 137, 84]
[70, 139, 81]
[71, 137, 82]
[70, 134, 84]
[71, 134, 84]
[71, 132, 85]
[67, 133, 86]
[67, 133, 86]
[65, 130, 88]
[67, 130, 88]
[68, 142, 90]
[66, 138, 89]
[66, 138, 89]
[68, 142, 90]
[68, 142, 90]
[68, 138, 89]
[66, 136, 90]
[68, 139, 92]
[67, 137, 93]
[66, 120, 91]
[65, 120, 91]
[65, 125, 92]
[67, 127, 90]
[70, 127, 88]
[71, 135, 89]
[71, 135, 89]
[71, 127, 88]
[66, 125, 88]
[59, 121, 93]
[63, 125, 94]
[66, 133, 92]
[68, 140, 91]
[68, 135, 91]
[65, 123, 93]
[65, 123, 93]
[70, 129, 93]
[67, 134, 95]
[64, 130, 96]
[63, 137, 97]
[65, 132, 95]
[65, 135, 96]
[65, 120, 91]
[66, 132, 93]
[68, 133, 92]
[68, 133, 92]
[67, 139, 92]
[66, 135, 91]
[64, 127, 92]
[65, 133, 94]
[67, 137, 93]
[67, 147, 92]
[71, 146, 91]
[73, 135, 87]
[72, 140, 89]
[71, 136, 88]
[70, 132, 85]
[66, 132, 83]
[66, 146, 84]
[66, 144, 85]
[70, 147, 85]
[71, 144, 83]
[69, 134, 80]
[70, 132, 77]
[67, 147, 78]
[65, 134, 78]
[65, 135, 81]
[67, 138, 83]
[66, 132, 83]
[62, 115, 80]
[62, 131, 82]
[62, 132, 81]
[62, 135, 83]
[61, 129, 83]
[65, 138, 83]
[65, 140, 82]
[67, 145, 79]
[65, 145, 79]
[63, 142, 79]
[61, 136, 79]
[61, 141, 85]
[61, 141, 85]
[65, 135, 81]
[65, 135, 81]
[62, 132, 81]
[63, 139, 81]
[68, 132, 77]
[70, 132, 77]
[69, 139, 77]
[68, 132, 77]
[69, 143, 75]
[68, 136, 75]
[66, 141, 78]
[67, 142, 81]
[64, 141, 83]
[64, 147, 85]
[64, 136, 86]
[63, 132, 85]
[63, 134, 84]
[65, 138, 83]
[70, 152, 79]
[70, 156, 80]
[70, 144, 78]
[73, 157, 78]
[71, 156, 77]
[68, 153, 80]
[66, 135, 81]
[66, 134, 82]
[65, 140, 82]
[71, 146, 82]
[71, 152, 79]
[71, 139, 81]
[69, 132, 81]
[64, 128, 82]
[66, 131, 84]
[67, 130, 88]
[66, 142, 86]
[67, 145, 88]
[68, 141, 87]
[65, 119, 88]
[65, 127, 90]
[65, 130, 88]
[70, 132, 85]
[71, 129, 83]
[72, 128, 82]
[70, 132, 85]
[67, 133, 86]
[68, 141, 87]
[64, 136, 86]
[62, 127, 84]
[65, 129, 85]
[68, 138, 89]
[66, 138, 89]
[68, 138, 89]
[70, 144, 87]
[68, 142, 86]
[68, 142, 86]
[67, 147, 87]
[68, 138, 89]
[68, 142, 90]
[66, 133, 92]
[65, 134, 93]
[65, 126, 91]
[65, 130, 88]
[67, 130, 88]
[70, 136, 88]
[71, 133, 90]
[73, 132, 89]
[69, 123, 87]
[66, 125, 88]
[62, 120, 89]
[67, 127, 90]
[66, 135, 91]
[66, 133, 92]
[63, 122, 92]
[64, 114, 92]
[65, 125, 92]
[67, 139, 92]
[68, 135, 91]
[65, 134, 93]
[67, 136, 94]
[65, 120, 91]
[67, 126, 91]
[67, 127, 90]
[70, 137, 91]
[72, 148, 93]
[68, 145, 93]
[67, 140, 91]
[66, 136, 90]
[64, 141, 92]
[65, 136, 92]
[66, 135, 91]
[67, 140, 91]
[66, 136, 90]
[68, 140, 91]
[67, 130, 88]
[66, 126, 87]
[64, 128, 82]
[64, 140, 84]
[66, 149, 82]
[70, 148, 81]
[72, 156, 80]
[73, 150, 78]
[73, 146, 75]
[71, 148, 76]
[72, 138, 76]
[70, 144, 78]
[67, 145, 79]
[66, 137, 80]
[66, 137, 80]
[64, 134, 78]
[65, 141, 78]
[64, 141, 83]
[65, 140, 82]
[68, 147, 83]
[68, 150, 85]
[66, 146, 84]
[65, 129, 81]
[63, 142, 79]
[59, 144, 78]
[63, 150, 78]
[64, 158, 79]
[61, 143, 80]
[62, 137, 82]
[62, 132, 81]
[63, 137, 82]
[65, 129, 81]
[69, 134, 80]
[70, 132, 77]
[72, 138, 76]
[71, 144, 78]
[73, 148, 74]
[71, 154, 78]
[70, 156, 80]
[68, 149, 82]
[67, 152, 84]
[64, 141, 83]
[59, 135, 83]
[63, 135, 83]
[66, 131, 84]
[71, 140, 80]
[72, 156, 80]
[73, 152, 77]
[73, 157, 78]
[70, 152, 79]
[65, 141, 78]
[64, 143, 82]
[65, 142, 81]
[65, 142, 81]
[72, 132, 79]
[69, 134, 80]
[65, 128, 82]
[66, 132, 83]
[65, 126, 83]
[65, 132, 83]
[65, 134, 82]
[65, 140, 82]
[64, 128, 82]
[65, 131, 84]
[66, 146, 84]
[67, 137, 84]
[65, 137, 84]
[67, 135, 85]
[69, 129, 83]
[65, 124, 84]
[62, 113, 81]
[61, 129, 83]
[62, 135, 83]
[61, 135, 85]
[59, 132, 85]
[60, 115, 82]
[64, 123, 85]
[70, 119, 86]
[71, 129, 87]
[73, 127, 86]
[73, 131, 84]
[71, 139, 86]
[73, 138, 85]
[70, 145, 86]
[67, 152, 89]
[68, 142, 90]
[68, 142, 90]
[68, 138, 89]
[67, 140, 91]
[68, 136, 90]
[70, 136, 88]
[71, 139, 86]
[71, 139, 86]
[73, 139, 88]
[68, 135, 91]
[66, 123, 89]
[65, 119, 88]
[66, 136, 90]
[68, 139, 92]
[66, 133, 92]
[68, 137, 93]
[66, 135, 91]
[70, 137, 91]
[70, 133, 90]
[70, 133, 90]
[72, 137, 91]
[71, 129, 87]
[73, 127, 86]
[70, 136, 88]
[72, 140, 89]
[74, 146, 89]
[71, 147, 90]
[68, 140, 91]
[65, 140, 93]
[64, 136, 92]
[63, 129, 91]
[65, 136, 92]
[64, 130, 90]
[63, 135, 87]
[64, 145, 86]
[63, 130, 86]
[63, 132, 85]
[62, 131, 82]
[64, 143, 82]
[65, 140, 82]
[67, 138, 83]
[67, 138, 83]
[70, 137, 82]
[70, 140, 80]
[70, 144, 78]
[71, 139, 77]
[71, 144, 78]
[70, 144, 78]
[65, 142, 81]
[65, 131, 80]
[65, 141, 78]
[68, 157, 78]
[66, 153, 80]
[68, 153, 80]
[65, 159, 82]
[62, 155, 82]
[62, 139, 81]
[61, 140, 82]
[64, 147, 80]
[66, 149, 82]
[66, 153, 80]
[64, 134, 78]
[61, 132, 81]
[59, 134, 84]
[62, 131, 82]
[64, 134, 78]
[65, 141, 78]
[65, 142, 77]
[68, 132, 77]
[68, 126, 81]
[71, 132, 81]
[73, 137, 80]
[71, 144, 78]
[73, 147, 80]
[71, 148, 81]
[71, 148, 81]
[66, 135, 81]
[66, 134, 82]
[65, 138, 83]
[70, 137, 82]
[67, 142, 81]
[70, 132, 77]
[71, 144, 78]
[71, 146, 77]
[73, 142, 77]
[71, 141, 76]
[66, 142, 77]
[64, 134, 78]
[66, 141, 78]
[70, 132, 77]
[71, 141, 76]
[70, 144, 78]
[65, 145, 79]
[62, 139, 81]
[59, 140, 80]
[63, 142, 79]
[64, 131, 80]
[66, 135, 81]
[64, 141, 83]
[67, 154, 83]
[70, 148, 81]
[70, 148, 81]
[70, 144, 78]
[71, 136, 79]
[69, 132, 81]
[64, 126, 83]
[61, 126, 85]
[62, 127, 88]
[59, 126, 89]
[57, 123, 87]
[58, 108, 85]
[63, 111, 83]
[70, 121, 84]
[70, 123, 83]
[73, 132, 83]
[73, 134, 82]
[71, 141, 85]
[71, 136, 88]
[70, 140, 89]
[68, 142, 90]
[68, 142, 90]
[66, 138, 89]
[70, 140, 89]
[66, 142, 86]
[68, 144, 85]
[70, 134, 84]
[71, 132, 85]
[73, 135, 87]
[71, 136, 88]
[66, 135, 91]
[65, 115, 95]
[65, 117, 89]
[65, 130, 88]
[68, 139, 92]
[66, 135, 91]
[68, 142, 90]
[70, 136, 88]
[72, 139, 90]
[71, 133, 90]
[70, 133, 90]
[72, 137, 91]
[71, 126, 89]
[73, 133, 88]
[73, 139, 88]
[71, 139, 86]
[71, 136, 88]
[68, 149, 91]
[68, 138, 89]
[65, 146, 89]
[65, 151, 86]
[65, 147, 85]
[68, 146, 84]
[65, 140, 82]
[65, 132, 83]
[65, 135, 85]
[64, 138, 85]
[63, 135, 83]
[61, 131, 82]
[65, 140, 82]
[67, 140, 82]
[70, 139, 81]
[67, 140, 82]
[70, 139, 81]
[70, 144, 78]
[70, 144, 78]
[66, 141, 78]
[67, 140, 82]
[65, 137, 84]
[67, 138, 83]
[65, 137, 80]
[66, 135, 81]
[68, 147, 83]
[66, 149, 82]
[68, 153, 80]
[65, 159, 82]
[65, 149, 84]
[64, 140, 84]
[63, 137, 82]
[66, 153, 80]
[67, 157, 81]
[67, 145, 79]
[65, 142, 77]
[61, 141, 76]
[59, 146, 77]
[61, 139, 77]
[64, 138, 76]
[65, 144, 76]
[65, 142, 77]
[65, 134, 78]
[64, 131, 80]
[66, 141, 78]
[70, 144, 78]
[70, 144, 78]
[73, 142, 77]
[71, 144, 78]
[71, 140, 80]
[70, 140, 80]
[70, 139, 81]
[70, 148, 81]
[66, 153, 80]
[66, 141, 78]
[64, 131, 80]
[69, 139, 77]
[71, 144, 78]
[73, 150, 78]
[71, 144, 78]
[70, 144, 78]
[64, 134, 78]
[69, 136, 79]
[68, 129, 79]
[69, 139, 77]
[70, 136, 75]
[63, 144, 78]
[62, 142, 79]
[59, 137, 82]
[62, 131, 82]
[69, 139, 77]
[68, 153, 80]
[68, 149, 82]
H	tG3.19079G66.3974
MS	tG7.87599G134.303
V	tG5.76137G88.0932
