[72, 84, 125]
[71, 89, 126]
[73, 88, 125]
[70, 81, 126]
[71, 70, 123]
[67, 76, 124]
[71, 70, 123]
[69, 74, 128]
[71, 70, 124]
[68, 81, 126]
[65, 82, 128]
[66, 75, 129]
[64, 75, 130]
[66, 75, 129]
[63, 72, 128]
[66, 66, 124]
[69, 74, 128]
[71, 84, 127]
[71, 88, 128]
[72, 78, 128]
[72, 79, 126]
[73, 79, 126]
[72, 77, 129]
[67, 79, 132]
[67, 79, 132]
[68, 84, 131]
[70, 86, 131]
[68, 79, 129]
[68, 79, 129]
[68, 78, 130]
[70, 79, 129]
[70, 78, 130]
[71, 68, 127]
[69, 74, 128]
[69, 70, 127]
[71, 72, 128]
[65, 72, 128]
[69, 74, 128]
[69, 70, 127]
[70, 78, 130]
[70, 79, 129]
[67, 80, 130]
[63, 71, 130]
[66, 74, 131]
[63, 71, 129]
[67, 73, 129]
[67, 73, 129]
[67, 69, 129]
[67, 73, 129]
[71, 83, 129]
[74, 85, 129]
[75, 79, 126]
[75, 80, 125]
[77, 78, 124]
[77, 78, 124]
[73, 79, 126]
[71, 74, 124]
[71, 74, 124]
[71, 74, 124]
[69, 70, 127]
[71, 72, 128]
[67, 70, 127]
[65, 71, 129]
[63, 70, 131]
[65, 70, 132]
[68, 77, 133]
[73, 83, 132]
[71, 81, 132]
[71, 82, 131]
[71, 72, 128]
[69, 69, 129]
[66, 64, 128]
[69, 69, 129]
[69, 69, 129]
[73, 84, 131]
[71, 82, 131]
[70, 84, 133]
[71, 81, 132]
[71, 70, 131]
[69, 71, 133]
[69, 71, 133]
[73, 75, 132]
[74, 70, 131]
[72, 70, 132]
[71, 66, 131]
[66, 63, 130]
[69, 69, 130]
[69, 68, 131]
[69, 68, 131]
[69, 73, 130]
[71, 71, 130]
[70, 77, 133]
[67, 71, 132]
[68, 77, 132]
[71, 84, 133]
[72, 76, 131]
[66, 73, 133]
[65, 69, 133]
[69, 71, 133]
[67, 68, 132]
[67, 71, 132]
[68, 62, 131]
[69, 57, 129]
[68, 61, 133]
[71, 65, 134]
[72, 69, 134]
[72, 70, 132]
[72, 65, 133]
[72, 60, 132]
[72, 60, 132]
[66, 53, 131]
[69, 56, 131]
[69, 68, 132]
[72, 65, 133]
[76, 58, 132]
[71, 55, 134]
[70, 59, 135]
[69, 65, 137]
[71, 68, 136]
[72, 64, 136]
[73, 84, 130]
[71, 82, 130]
[73, 84, 130]
[71, 83, 129]
[72, 80, 125]
[69, 76, 124]
[71, 71, 122]
[69, 74, 128]
[71, 72, 128]
[68, 79, 129]
[65, 82, 128]
[67, 82, 127]
[65, 82, 127]
[67, 75, 126]
[64, 75, 129]
[67, 70, 127]
[70, 79, 129]
[71, 84, 127]
[71, 84, 127]
[72, 78, 128]
[71, 69, 126]
[72, 72, 127]
[70, 78, 130]
[70, 79, 129]
[69, 83, 129]
[69, 85, 126]
[70, 88, 128]
[68, 77, 133]
[66, 74, 131]
[68, 80, 127]
[72, 79, 126]
[70, 81, 126]
[71, 70, 124]
[69, 73, 130]
[72, 71, 130]
[71, 71, 130]
[69, 69, 129]
[69, 74, 128]
[69, 75, 126]
[69, 71, 125]
[72, 79, 126]
[68, 81, 126]
[65, 82, 127]
[67, 80, 130]
[67, 73, 129]
[67, 73, 129]
[67, 73, 129]
[67, 69, 129]
[67, 72, 131]
[71, 83, 129]
[72, 82, 128]
[74, 85, 129]
[74, 72, 128]
[72, 71, 129]
[72, 71, 129]
[75, 77, 129]
[77, 84, 128]
[73, 78, 128]
[71, 72, 128]
[69, 69, 129]
[71, 68, 127]
[67, 73, 129]
[67, 73, 130]
[67, 70, 128]
[71, 68, 127]
[69, 73, 129]
[70, 77, 132]
[70, 77, 132]
[72, 75, 132]
[69, 72, 131]
[71, 67, 129]
[68, 64, 128]
[71, 69, 126]
[69, 71, 125]
[72, 82, 128]
[71, 84, 127]
[70, 86, 131]
[71, 81, 132]
[70, 77, 132]
[71, 71, 129]
[72, 71, 130]
[75, 76, 131]
[76, 69, 129]
[72, 71, 130]
[70, 61, 129]
[68, 63, 130]
[68, 63, 129]
[71, 66, 131]
[71, 66, 131]
[70, 77, 133]
[70, 77, 132]
[71, 71, 130]
[69, 68, 131]
[67, 71, 133]
[70, 77, 133]
[72, 76, 131]
[69, 72, 131]
[67, 69, 130]
[69, 69, 130]
[67, 72, 131]
[71, 70, 131]
[69, 68, 132]
[68, 61, 133]
[70, 60, 132]
[71, 69, 134]
[72, 65, 133]
[72, 65, 133]
[72, 59, 133]
[72, 68, 135]
[72, 59, 133]
[66, 52, 133]
[69, 56, 133]
[70, 59, 135]
[69, 66, 135]
[72, 59, 133]
[72, 59, 134]
[71, 63, 138]
[69, 64, 139]
[69, 68, 139]
[71, 63, 137]
[67, 75, 125]
[68, 81, 126]
[71, 73, 125]
[70, 79, 129]
[74, 83, 126]
[73, 86, 127]
[71, 84, 127]
[70, 78, 130]
[71, 81, 132]
[72, 81, 129]
[71, 88, 128]
[73, 92, 128]
[73, 90, 130]
[71, 91, 131]
[70, 86, 130]
[71, 83, 129]
[70, 78, 130]
[72, 76, 130]
[71, 71, 130]
[67, 73, 130]
[67, 71, 125]
[69, 75, 126]
[73, 85, 129]
[72, 78, 128]
[71, 88, 128]
[72, 83, 126]
[72, 82, 128]
[70, 79, 129]
[71, 86, 131]
[74, 82, 128]
[73, 78, 128]
[71, 72, 128]
[71, 72, 128]
[67, 70, 128]
[69, 73, 129]
[71, 69, 126]
[71, 72, 128]
[69, 69, 129]
[69, 73, 129]
[72, 69, 126]
[73, 79, 126]
[74, 82, 128]
[73, 84, 130]
[70, 78, 130]
[69, 73, 129]
[67, 73, 130]
[67, 69, 129]
[67, 73, 130]
[67, 73, 129]
[68, 77, 132]
[70, 85, 132]
[68, 78, 131]
[67, 71, 132]
[66, 62, 131]
[71, 67, 129]
[75, 78, 128]
[77, 86, 118]
[77, 86, 124]
[72, 77, 129]
[67, 73, 130]
[71, 68, 127]
[70, 79, 129]
[70, 79, 129]
[72, 73, 125]
[72, 63, 125]
[70, 63, 126]
[71, 67, 129]
[69, 69, 130]
[72, 78, 128]
[70, 80, 127]
[69, 75, 126]
[68, 66, 124]
[69, 70, 128]
[74, 71, 129]
[72, 67, 129]
[71, 70, 131]
[72, 75, 133]
[70, 77, 133]
[72, 75, 132]
[73, 75, 133]
[77, 74, 131]
[75, 75, 132]
[74, 70, 132]
[71, 66, 131]
[70, 61, 130]
[68, 62, 131]
[70, 61, 130]
[72, 66, 131]
[75, 75, 133]
[75, 79, 133]
[73, 75, 133]
[72, 70, 131]
[68, 62, 131]
[70, 60, 132]
[71, 66, 131]
[69, 68, 132]
[71, 66, 131]
[67, 59, 130]
[67, 59, 130]
[70, 61, 130]
[71, 66, 131]
[71, 66, 131]
[71, 70, 132]
[69, 67, 134]
[71, 65, 133]
[66, 61, 134]
[68, 61, 134]
[71, 65, 134]
[69, 69, 136]
[71, 65, 134]
[69, 69, 137]
[70, 59, 135]
[68, 59, 138]
[66, 60, 137]
[69, 65, 137]
[72, 64, 136]
[72, 59, 134]
[70, 60, 132]
[69, 68, 132]
[70, 60, 132]
[68, 78, 130]
[71, 83, 129]
[73, 86, 127]
[74, 83, 126]
[74, 83, 126]
[73, 86, 127]
[71, 86, 130]
[71, 83, 129]
[71, 85, 126]
[73, 93, 126]
[74, 92, 127]
[74, 92, 127]
[73, 90, 130]
[73, 85, 129]
[71, 86, 131]
[71, 86, 131]
[73, 84, 130]
[68, 78, 130]
[72, 78, 128]
[68, 79, 129]
[65, 80, 131]
[67, 80, 131]
[71, 82, 131]
[71, 82, 130]
[74, 83, 126]
[72, 82, 128]
[70, 78, 130]
[74, 81, 129]
[73, 84, 131]
[73, 76, 131]
[71, 71, 130]
[71, 71, 129]
[71, 72, 128]
[69, 70, 128]
[69, 74, 128]
[71, 70, 124]
[71, 69, 126]
[69, 73, 129]
[71, 68, 128]
[69, 69, 129]
[71, 68, 128]
[70, 78, 131]
[71, 86, 131]
[72, 79, 126]
[71, 70, 124]
[67, 75, 126]
[67, 80, 131]
[67, 73, 130]
[67, 68, 131]
[66, 72, 134]
[65, 69, 133]
[67, 72, 131]
[69, 69, 129]
[68, 64, 128]
[71, 68, 127]
[74, 68, 127]
[77, 80, 127]
[72, 83, 126]
[67, 74, 128]
[63, 71, 129]
[67, 73, 129]
[69, 73, 130]
[71, 71, 129]
[69, 73, 129]
[67, 61, 126]
[70, 62, 127]
[67, 69, 130]
[67, 68, 131]
[71, 81, 132]
[70, 78, 131]
[70, 79, 129]
[68, 64, 127]
[71, 69, 126]
[72, 72, 128]
[72, 72, 127]
[71, 68, 127]
[69, 69, 129]
[71, 72, 128]
[69, 70, 128]
[72, 71, 130]
[72, 66, 131]
[72, 69, 134]
[71, 65, 133]
[71, 69, 134]
[66, 61, 134]
[64, 63, 134]
[67, 68, 132]
[68, 62, 131]
[71, 69, 134]
[74, 79, 133]
[75, 82, 134]
[75, 75, 133]
[69, 68, 131]
[68, 62, 131]
[65, 59, 130]
[67, 58, 133]
[69, 56, 133]
[67, 58, 133]
[66, 52, 133]
[67, 58, 133]
[66, 52, 132]
[70, 59, 133]
[71, 65, 134]
[67, 66, 135]
[67, 65, 137]
[67, 56, 137]
[69, 54, 136]
[68, 60, 136]
[70, 59, 134]
[69, 66, 135]
[71, 66, 131]
[71, 70, 132]
[71, 65, 133]
[66, 59, 138]
[70, 58, 136]
[69, 65, 137]
[74, 64, 136]
[74, 63, 137]
[74, 58, 136]
[71, 55, 134]
[71, 83, 129]
[72, 84, 125]
[72, 84, 125]
[71, 85, 126]
[70, 81, 126]
[72, 78, 128]
[71, 83, 129]
[71, 86, 130]
[73, 86, 127]
[71, 85, 126]
[72, 84, 125]
[74, 87, 126]
[74, 84, 125]
[74, 86, 127]
[73, 87, 126]
[72, 84, 125]
[71, 88, 127]
[72, 78, 128]
[69, 73, 129]
[72, 77, 129]
[72, 76, 130]
[71, 82, 130]
[72, 78, 128]
[70, 79, 129]
[71, 82, 131]
[72, 76, 131]
[66, 72, 134]
[66, 72, 134]
[65, 70, 131]
[67, 73, 130]
[65, 70, 131]
[66, 74, 131]
[68, 83, 132]
[70, 78, 131]
[71, 86, 131]
[74, 81, 129]
[69, 72, 131]
[71, 71, 130]
[69, 71, 132]
[67, 69, 130]
[67, 69, 130]
[67, 73, 129]
[72, 78, 128]
[70, 79, 129]
[71, 70, 124]
[69, 75, 126]
[69, 71, 125]
[72, 78, 128]
[71, 72, 128]
[69, 73, 130]
[71, 68, 128]
[69, 73, 130]
[69, 73, 130]
[72, 62, 127]
[71, 71, 129]
[71, 68, 128]
[71, 67, 129]
[67, 71, 132]
[65, 69, 133]
[64, 73, 133]
[65, 71, 130]
[67, 74, 128]
[66, 75, 130]
[63, 71, 130]
[64, 73, 132]
[67, 69, 129]
[67, 70, 128]
[66, 75, 129]
[67, 79, 133]
[64, 73, 133]
[69, 72, 131]
[69, 69, 130]
[71, 68, 128]
[71, 72, 128]
[71, 72, 128]
[69, 69, 130]
[69, 69, 130]
[71, 71, 130]
[71, 67, 129]
[72, 70, 131]
[74, 70, 131]
[71, 67, 129]
[71, 70, 131]
[69, 71, 133]
[69, 71, 133]
[64, 64, 132]
[62, 64, 132]
[64, 64, 132]
[65, 69, 133]
[70, 76, 134]
[71, 83, 135]
[72, 75, 133]
[71, 68, 136]
[68, 61, 133]
[68, 52, 128]
[67, 58, 132]
[63, 52, 132]
[65, 58, 133]
[66, 52, 132]
[67, 58, 133]
[69, 66, 135]
[72, 65, 133]
[69, 67, 134]
[71, 68, 135]
[68, 60, 135]
[70, 59, 134]
[68, 60, 135]
[69, 55, 134]
[68, 50, 133]
[67, 57, 135]
[71, 56, 133]
[74, 59, 133]
[73, 56, 132]
[72, 59, 133]
[68, 60, 135]
[72, 59, 135]
[72, 59, 135]
[72, 59, 134]
[73, 55, 134]
[73, 50, 133]
[71, 82, 131]
[72, 82, 128]
[71, 83, 129]
[67, 74, 128]
[69, 70, 128]
[70, 78, 131]
[69, 82, 131]
[69, 82, 131]
[71, 82, 131]
[70, 79, 129]
[70, 80, 127]
[72, 83, 126]
[71, 88, 128]
[72, 83, 126]
[71, 82, 130]
[73, 84, 131]
[71, 84, 133]
[72, 76, 130]
[71, 67, 129]
[69, 73, 130]
[70, 78, 131]
[72, 76, 130]
[70, 78, 130]
[72, 81, 129]
[71, 86, 131]
[72, 76, 130]
[66, 73, 132]
[64, 73, 133]
[67, 69, 130]
[68, 78, 131]
[66, 73, 133]
[65, 78, 134]
[66, 82, 134]
[71, 85, 132]
[71, 86, 131]
[72, 83, 126]
[72, 82, 128]
[69, 73, 129]
[64, 65, 130]
[67, 69, 130]
[69, 70, 128]
[70, 78, 130]
[71, 72, 128]
[70, 78, 130]
[71, 68, 127]
[69, 73, 130]
[71, 71, 130]
[68, 77, 132]
[69, 69, 130]
[69, 74, 128]
[69, 74, 128]
[69, 70, 128]
[69, 73, 130]
[70, 62, 127]
[71, 71, 129]
[69, 69, 129]
[71, 68, 127]
[67, 75, 126]
[65, 71, 129]
[67, 73, 129]
[69, 70, 128]
[67, 74, 128]
[66, 75, 130]
[63, 71, 130]
[64, 73, 133]
[69, 69, 129]
[71, 67, 129]
[68, 77, 132]
[65, 79, 133]
[66, 73, 132]
[67, 69, 129]
[69, 73, 129]
[71, 68, 127]
[69, 73, 130]
[65, 71, 130]
[67, 72, 131]
[71, 67, 130]
[69, 71, 132]
[69, 68, 131]
[72, 70, 131]
[74, 66, 131]
[71, 70, 132]
[71, 65, 134]
[69, 70, 135]
[71, 69, 134]
[66, 61, 133]
[62, 63, 134]
[65, 68, 136]
[67, 70, 135]
[68, 76, 134]
[71, 70, 132]
[69, 70, 135]
[71, 68, 135]
[68, 61, 133]
[68, 52, 128]
[67, 59, 130]
[70, 61, 130]
[68, 61, 134]
[68, 50, 132]
[68, 61, 134]
[69, 67, 134]
[72, 70, 132]
[69, 68, 132]
[71, 68, 135]
[70, 59, 134]
[72, 64, 136]
[70, 58, 137]
[65, 56, 137]
[68, 60, 137]
[70, 58, 136]
[71, 55, 135]
[70, 49, 134]
[73, 49, 135]
[73, 54, 138]
[74, 57, 139]
[71, 55, 135]
[76, 54, 133]
[72, 58, 136]
[76, 48, 134]
[71, 54, 136]
[72, 76, 130]
[67, 74, 128]
[67, 74, 128]
[63, 72, 128]
[66, 75, 129]
[68, 79, 129]
[69, 82, 130]
[68, 78, 131]
[67, 70, 128]
[66, 75, 129]
[64, 75, 130]
[65, 72, 128]
[63, 72, 128]
[67, 80, 131]
[68, 77, 132]
[69, 72, 131]
[69, 69, 130]
[69, 73, 129]
[71, 72, 128]
[69, 69, 129]
[69, 69, 129]
[71, 72, 127]
[72, 82, 128]
[72, 82, 128]
[71, 84, 134]
[72, 80, 131]
[73, 86, 127]
[71, 84, 127]
[73, 84, 131]
[70, 77, 133]
[67, 77, 135]
[68, 81, 135]
[66, 82, 134]
[68, 85, 135]
[72, 80, 131]
[71, 86, 131]
[72, 79, 126]
[67, 74, 128]
[64, 73, 132]
[65, 71, 130]
[63, 71, 130]
[68, 79, 129]
[71, 70, 123]
[69, 75, 125]
[72, 79, 126]
[71, 83, 129]
[68, 84, 131]
[67, 79, 132]
[65, 79, 133]
[67, 79, 133]
[68, 77, 132]
[70, 78, 131]
[65, 71, 129]
[66, 75, 130]
[63, 71, 130]
[67, 73, 129]
[71, 72, 128]
[71, 72, 128]
[69, 70, 128]
[71, 72, 128]
[69, 73, 129]
[71, 69, 126]
[67, 74, 128]
[63, 72, 128]
[64, 75, 129]
[67, 70, 127]
[71, 71, 130]
[69, 69, 130]
[65, 71, 130]
[66, 73, 132]
[67, 78, 134]
[68, 77, 133]
[72, 76, 131]
[68, 78, 131]
[66, 73, 132]
[65, 70, 131]
[67, 71, 132]
[72, 75, 133]
[72, 75, 133]
[69, 71, 133]
[71, 66, 131]
[69, 71, 133]
[71, 69, 134]
[69, 67, 134]
[69, 67, 134]
[71, 70, 132]
[69, 71, 133]
[67, 68, 132]
[67, 71, 133]
[69, 71, 133]
[69, 71, 133]
[67, 68, 132]
[71, 66, 131]
[68, 62, 131]
[68, 62, 131]
[68, 62, 131]
[69, 68, 132]
[71, 66, 131]
[69, 67, 134]
[71, 65, 133]
[69, 67, 134]
[71, 68, 135]
[71, 64, 136]
[71, 56, 133]
[69, 56, 131]
[70, 60, 132]
[68, 60, 135]
[70, 59, 135]
[67, 57, 135]
[71, 55, 134]
[68, 50, 133]
[68, 59, 138]
[71, 63, 138]
[74, 58, 137]
[74, 58, 137]
[76, 57, 135]
[80, 58, 133]
[76, 58, 131]
[73, 56, 131]
[76, 54, 132]
[71, 69, 126]
[69, 74, 128]
[67, 70, 128]
[66, 75, 130]
[65, 70, 131]
[64, 74, 131]
[67, 70, 127]
[69, 75, 126]
[71, 70, 124]
[68, 81, 126]
[70, 81, 126]
[67, 82, 128]
[65, 80, 130]
[68, 78, 130]
[67, 70, 128]
[67, 73, 130]
[69, 69, 130]
[69, 73, 130]
[69, 73, 129]
[71, 68, 127]
[69, 74, 128]
[72, 68, 127]
[72, 72, 127]
[72, 79, 126]
[72, 81, 129]
[71, 82, 130]
[71, 82, 131]
[73, 84, 130]
[72, 81, 129]
[68, 78, 130]
[67, 73, 129]
[67, 79, 133]
[66, 82, 134]
[69, 80, 134]
[70, 83, 135]
[72, 79, 132]
[72, 80, 130]
[69, 73, 130]
[67, 72, 131]
[67, 69, 130]
[67, 73, 130]
[68, 78, 130]
[70, 78, 130]
[72, 82, 128]
[73, 83, 132]
[69, 81, 133]
[69, 81, 133]
[68, 77, 132]
[68, 83, 132]
[69, 82, 130]
[71, 83, 129]
[73, 85, 129]
[71, 86, 131]
[69, 82, 130]
[68, 83, 132]
[71, 82, 130]
[71, 86, 131]
[72, 76, 130]
[72, 76, 130]
[72, 77, 129]
[71, 72, 128]
[69, 73, 130]
[65, 70, 131]
[66, 74, 131]
[63, 71, 130]
[64, 65, 129]
[62, 65, 129]
[64, 65, 130]
[63, 70, 132]
[65, 69, 133]
[65, 77, 135]
[71, 81, 133]
[71, 85, 132]
[72, 81, 129]
[71, 82, 130]
[70, 78, 130]
[70, 77, 133]
[69, 71, 132]
[71, 71, 130]
[69, 68, 131]
[71, 70, 132]
[69, 68, 132]
[68, 62, 131]
[69, 67, 134]
[69, 70, 135]
[72, 74, 135]
[66, 72, 134]
[65, 68, 135]
[69, 69, 137]
[69, 66, 135]
[71, 65, 134]
[69, 66, 135]
[69, 66, 135]
[71, 65, 133]
[71, 70, 132]
[69, 66, 135]
[69, 69, 137]
[71, 64, 135]
[72, 68, 136]
[70, 59, 134]
[71, 64, 135]
[68, 60, 136]
[69, 55, 135]
[68, 60, 136]
[69, 56, 132]
[72, 59, 133]
[68, 60, 135]
[71, 63, 137]
[71, 63, 137]
[70, 59, 135]
[71, 64, 136]
[72, 64, 135]
[76, 63, 134]
[74, 67, 137]
[76, 62, 136]
[74, 58, 137]
[74, 58, 137]
[76, 53, 134]
[76, 48, 134]
[76, 52, 137]
[69, 74, 128]
[72, 79, 126]
[69, 74, 128]
[66, 75, 129]
[63, 71, 129]
[66, 74, 131]
[67, 69, 129]
[68, 79, 129]
[70, 79, 129]
[68, 81, 126]
[70, 81, 126]
[67, 82, 127]
[67, 75, 125]
[67, 75, 125]
[65, 71, 129]
[67, 73, 129]
[68, 78, 130]
[71, 82, 130]
[73, 84, 131]
[71, 82, 130]
[71, 86, 131]
[72, 81, 129]
[70, 78, 130]
[71, 72, 128]
[64, 74, 131]
[67, 79, 132]
[67, 79, 132]
[67, 73, 129]
[67, 73, 129]
[69, 69, 129]
[71, 68, 128]
[69, 73, 130]
[71, 72, 128]
[70, 79, 129]
[72, 79, 126]
[70, 80, 127]
[69, 75, 126]
[71, 72, 127]
[69, 73, 130]
[67, 69, 129]
[69, 70, 128]
[69, 73, 129]
[69, 70, 128]
[72, 77, 129]
[71, 82, 131]
[74, 80, 131]
[73, 84, 131]
[72, 81, 129]
[71, 82, 130]
[72, 80, 130]
[71, 82, 131]
[73, 84, 130]
[72, 81, 129]
[71, 86, 131]
[72, 81, 129]
[74, 85, 129]
[73, 85, 129]
[72, 78, 128]
[71, 86, 131]
[69, 82, 130]
[66, 75, 130]
[66, 73, 132]
[63, 70, 132]
[66, 73, 133]
[61, 60, 131]
[64, 64, 132]
[64, 64, 131]
[62, 64, 131]
[63, 69, 133]
[65, 69, 133]
[65, 69, 133]
[64, 71, 136]
[70, 77, 133]
[73, 76, 130]
[71, 85, 132]
[72, 76, 130]
[69, 72, 131]
[72, 75, 132]
[69, 68, 131]
[71, 70, 132]
[67, 68, 132]
[64, 64, 132]
[62, 64, 132]
[68, 62, 131]
[69, 67, 134]
[71, 68, 135]
[71, 68, 135]
[68, 62, 131]
[70, 61, 130]
[68, 62, 131]
[67, 58, 132]
[71, 56, 131]
[69, 56, 131]
[71, 66, 131]
[71, 68, 135]
[69, 65, 137]
[68, 60, 137]
[69, 55, 134]
[67, 58, 132]
[68, 50, 132]
[68, 50, 132]
[67, 57, 135]
[66, 51, 134]
[72, 59, 133]
[76, 58, 132]
[74, 59, 134]
[76, 62, 135]
[74, 63, 137]
[76, 66, 136]
[74, 64, 136]
[74, 67, 137]
[76, 62, 135]
[74, 63, 138]
[76, 61, 137]
[76, 61, 137]
[74, 58, 136]
[73, 55, 134]
[80, 53, 135]
[80, 47, 136]
[76, 55, 138]
[71, 84, 127]
[71, 84, 127]
[71, 84, 127]
[68, 81, 126]
[65, 73, 125]
[67, 75, 125]
[69, 72, 124]
[70, 79, 129]
[69, 83, 129]
[68, 84, 131]
[65, 79, 132]
[68, 78, 131]
[67, 79, 133]
[69, 73, 130]
[69, 70, 128]
[67, 75, 126]
[70, 79, 129]
[71, 82, 130]
[71, 86, 131]
[72, 83, 126]
[73, 85, 129]
[71, 83, 129]
[71, 82, 130]
[69, 74, 128]
[63, 71, 129]
[67, 79, 132]
[65, 79, 133]
[66, 73, 132]
[67, 72, 131]
[69, 69, 129]
[69, 69, 129]
[71, 71, 130]
[69, 73, 130]
[72, 76, 130]
[71, 71, 129]
[69, 73, 130]
[71, 68, 128]
[69, 73, 130]
[69, 68, 131]
[67, 71, 132]
[69, 71, 132]
[69, 69, 130]
[69, 69, 130]
[71, 71, 129]
[70, 78, 131]
[72, 76, 130]
[75, 84, 131]
[74, 81, 129]
[72, 77, 129]
[72, 76, 130]
[72, 80, 130]
[72, 80, 130]
[71, 85, 132]
[72, 80, 130]
[72, 80, 131]
[74, 84, 131]
[75, 84, 131]
[72, 81, 129]
[71, 86, 131]
[69, 82, 131]
[65, 79, 133]
[65, 70, 132]
[66, 73, 133]
[67, 69, 130]
[64, 65, 130]
[66, 64, 127]
[67, 74, 128]
[69, 70, 127]
[69, 70, 128]
[66, 75, 130]
[65, 71, 129]
[64, 73, 132]
[69, 69, 130]
[70, 77, 132]
[69, 72, 124]
[71, 72, 128]
[70, 78, 131]
[72, 76, 131]
[70, 77, 132]
[71, 70, 131]
[67, 71, 133]
[66, 61, 133]
[66, 61, 133]
[66, 62, 131]
[69, 68, 132]
[71, 70, 131]
[71, 67, 129]
[72, 71, 129]
[69, 72, 131]
[72, 61, 130]
[71, 66, 131]
[72, 61, 130]
[68, 62, 131]
[70, 61, 130]
[69, 71, 133]
[71, 66, 131]
[68, 61, 133]
[69, 56, 132]
[67, 58, 133]
[70, 51, 131]
[69, 56, 132]
[70, 59, 133]
[70, 59, 135]
[71, 55, 134]
[74, 64, 136]
[76, 62, 136]
[74, 65, 141]
[76, 61, 139]
[74, 66, 139]
[80, 57, 135]
[74, 58, 137]
[76, 56, 136]
[76, 56, 136]
[74, 57, 139]
[76, 56, 136]
[74, 58, 136]
[80, 48, 133]
[80, 53, 134]
[80, 47, 136]
[76, 55, 138]
[71, 83, 129]
[73, 85, 129]
[72, 83, 126]
[73, 87, 126]
[74, 84, 125]
[73, 79, 126]
[74, 83, 126]
[74, 84, 125]
[72, 84, 125]
[71, 86, 130]
[68, 84, 131]
[70, 86, 130]
[72, 83, 126]
[70, 80, 127]
[72, 79, 126]
[72, 79, 126]
[68, 80, 127]
[66, 76, 127]
[65, 72, 128]
[67, 73, 129]
[64, 73, 132]
[65, 71, 130]
[69, 70, 128]
[69, 73, 129]
[71, 68, 127]
[69, 73, 129]
[67, 70, 128]
[67, 73, 129]
[65, 71, 129]
[67, 73, 130]
[69, 69, 129]
[69, 69, 129]
[69, 69, 130]
[69, 71, 132]
[69, 73, 130]
[72, 77, 129]
[72, 77, 129]
[70, 78, 131]
[72, 76, 131]
[70, 77, 132]
[72, 76, 131]
[70, 78, 131]
[72, 78, 128]
[72, 80, 125]
[71, 69, 126]
[69, 73, 130]
[71, 81, 132]
[72, 80, 130]
[73, 85, 129]
[75, 81, 129]
[77, 82, 130]
[74, 80, 130]
[75, 84, 131]
[74, 80, 131]
[77, 87, 132]
[74, 90, 131]
[73, 83, 132]
[72, 76, 131]
[69, 72, 131]
[67, 73, 130]
[69, 73, 130]
[69, 69, 129]
[71, 68, 128]
[69, 69, 129]
[75, 77, 129]
[75, 83, 126]
[75, 85, 129]
[74, 81, 129]
[69, 73, 129]
[71, 72, 127]
[69, 70, 127]
[67, 74, 128]
[69, 69, 129]
[69, 71, 132]
[69, 71, 132]
[67, 68, 131]
[71, 68, 128]
[72, 76, 130]
[73, 77, 129]
[71, 71, 130]
[69, 71, 132]
[67, 68, 131]
[71, 71, 130]
[69, 69, 129]
[71, 67, 129]
[75, 75, 132]
[77, 81, 132]
[80, 79, 129]
[77, 82, 131]
[77, 78, 130]
[77, 78, 130]
[72, 70, 131]
[70, 61, 130]
[66, 62, 131]
[68, 62, 131]
[72, 65, 134]
[71, 56, 133]
[69, 55, 134]
[67, 57, 135]
[70, 50, 133]
[74, 59, 134]
[74, 65, 134]
[76, 66, 135]
[74, 64, 136]
[80, 62, 135]
[74, 67, 137]
[72, 67, 137]
[74, 64, 136]
[80, 66, 136]
[80, 63, 133]
[80, 66, 135]
[76, 62, 136]
[76, 56, 136]
[74, 57, 139]
[76, 55, 138]
[74, 57, 139]
[80, 47, 137]
[80, 52, 137]
[73, 48, 137]
[76, 52, 138]
[70, 78, 131]
[72, 82, 128]
[73, 86, 127]
[75, 84, 125]
[77, 86, 125]
[75, 84, 125]
[75, 86, 127]
[74, 83, 126]
[71, 86, 130]
[72, 82, 128]
[71, 82, 130]
[73, 84, 130]
[71, 82, 131]
[73, 77, 129]
[72, 77, 129]
[67, 73, 129]
[66, 75, 130]
[63, 71, 129]
[63, 71, 129]
[66, 75, 129]
[64, 65, 129]
[62, 64, 131]
[69, 72, 131]
[69, 73, 129]
[71, 72, 127]
[69, 71, 125]
[72, 79, 126]
[68, 80, 127]
[66, 75, 130]
[66, 74, 131]
[66, 75, 130]
[69, 70, 127]
[69, 70, 128]
[71, 71, 129]
[71, 81, 132]
[72, 80, 130]
[72, 81, 129]
[71, 85, 132]
[71, 84, 133]
[72, 80, 131]
[71, 85, 132]
[74, 81, 129]
[74, 84, 130]
[74, 81, 129]
[73, 84, 130]
[69, 83, 129]
[69, 82, 130]
[71, 86, 131]
[73, 90, 131]
[76, 90, 130]
[75, 84, 130]
[77, 79, 129]
[74, 79, 132]
[76, 89, 132]
[76, 90, 131]
[73, 84, 130]
[71, 82, 130]
[69, 73, 130]
[69, 69, 129]
[69, 73, 129]
[71, 72, 128]
[69, 69, 130]
[69, 72, 131]
[74, 80, 131]
[77, 80, 128]
[75, 85, 129]
[75, 84, 130]
[74, 80, 131]
[73, 76, 131]
[75, 76, 130]
[72, 76, 131]
[72, 75, 132]
[70, 76, 134]
[71, 71, 129]
[71, 68, 128]
[67, 73, 130]
[69, 69, 129]
[73, 76, 130]
[72, 68, 128]
[71, 71, 130]
[71, 70, 132]
[69, 68, 132]
[71, 70, 132]
[70, 75, 136]
[74, 70, 132]
[75, 76, 131]
[80, 85, 126]
[80, 78, 125]
[77, 76, 127]
[77, 75, 129]
[75, 80, 131]
[76, 69, 130]
[72, 66, 131]
[70, 61, 130]
[68, 62, 131]
[72, 59, 133]
[71, 56, 133]
[71, 55, 134]
[68, 50, 132]
[69, 56, 131]
[69, 56, 133]
[72, 59, 135]
[74, 67, 138]
[76, 62, 136]
[76, 62, 136]
[74, 63, 138]
[72, 66, 139]
[74, 58, 137]
[76, 64, 140]
[80, 61, 137]
[80, 70, 138]
[81, 71, 137]
[80, 63, 134]
[76, 66, 136]
[76, 55, 138]
[74, 57, 139]
[74, 56, 140]
[76, 55, 140]
[73, 52, 141]
[76, 51, 140]
[69, 70, 128]
[71, 71, 129]
[69, 69, 130]
[71, 71, 129]
[71, 70, 124]
[70, 79, 129]
[70, 79, 129]
[73, 77, 129]
[69, 73, 129]
[71, 71, 129]
[69, 73, 129]
[66, 75, 130]
[70, 78, 131]
[71, 82, 130]
[71, 82, 130]
[71, 71, 129]
[67, 69, 129]
[68, 77, 132]
[73, 82, 133]
[71, 81, 132]
[68, 78, 131]
[70, 78, 130]
[73, 85, 129]
[70, 79, 129]
[69, 73, 129]
[71, 72, 128]
[69, 73, 129]
[72, 81, 129]
[73, 84, 131]
[71, 82, 131]
[71, 82, 131]
[74, 84, 130]
[77, 83, 129]
[74, 82, 128]
[71, 86, 130]
[72, 82, 128]
[70, 78, 130]
[72, 77, 129]
[73, 84, 130]
[72, 83, 126]
[73, 86, 127]
[75, 83, 126]
[75, 85, 129]
[77, 90, 127]
[73, 90, 131]
[71, 85, 132]
[68, 86, 133]
[68, 78, 131]
[71, 84, 133]
[71, 81, 132]
[71, 82, 131]
[72, 82, 128]
[71, 85, 126]
[73, 86, 127]
[71, 83, 129]
[74, 86, 127]
[72, 82, 128]
[72, 79, 126]
[67, 75, 126]
[70, 77, 132]
[71, 81, 132]
[72, 80, 131]
[72, 80, 130]
[74, 84, 130]
[74, 83, 126]
[74, 85, 129]
[72, 80, 131]
[73, 76, 131]
[74, 84, 130]
[72, 82, 128]
[71, 86, 131]
[72, 80, 130]
[69, 73, 129]
[71, 72, 128]
[71, 68, 128]
[72, 71, 129]
[74, 84, 131]
[73, 77, 129]
[73, 78, 128]
[72, 78, 128]
[71, 72, 128]
[70, 77, 132]
[75, 80, 130]
[75, 81, 129]
[75, 81, 129]
[80, 84, 128]
[75, 85, 129]
[77, 80, 128]
[75, 81, 129]
[77, 75, 129]
[77, 75, 130]
[75, 75, 132]
[71, 67, 130]
[71, 70, 132]
[67, 69, 136]
[68, 60, 135]
[71, 65, 134]
[72, 61, 130]
[72, 61, 130]
[70, 51, 131]
[70, 51, 131]
[71, 56, 132]
[72, 59, 134]
[70, 59, 134]
[71, 56, 133]
[73, 55, 135]
[76, 53, 135]
[74, 57, 139]
[74, 63, 138]
[80, 61, 139]
[80, 64, 140]
[80, 61, 137]
[81, 66, 135]
[80, 57, 134]
[74, 58, 137]
[72, 57, 139]
[74, 56, 141]
[73, 53, 140]
[73, 48, 138]
[80, 52, 138]
[70, 80, 127]
[72, 79, 126]
[71, 70, 124]
[67, 75, 126]
[71, 70, 124]
[69, 75, 126]
[69, 75, 126]
[73, 80, 125]
[73, 80, 125]
[71, 72, 127]
[69, 70, 128]
[68, 79, 129]
[71, 86, 130]
[71, 82, 130]
[71, 86, 131]
[72, 76, 130]
[71, 71, 129]
[69, 82, 131]
[72, 80, 130]
[71, 86, 131]
[73, 84, 130]
[71, 82, 130]
[72, 80, 131]
[71, 81, 133]
[71, 82, 131]
[72, 79, 126]
[70, 80, 127]
[74, 82, 128]
[71, 86, 131]
[73, 90, 130]
[73, 95, 129]
[76, 92, 128]
[77, 83, 129]
[74, 83, 132]
[73, 83, 132]
[71, 82, 130]
[69, 73, 129]
[72, 77, 129]
[71, 82, 130]
[72, 82, 128]
[73, 86, 127]
[75, 84, 125]
[77, 82, 124]
[75, 85, 129]
[72, 81, 129]
[73, 84, 131]
[67, 80, 131]
[67, 73, 129]
[72, 77, 129]
[70, 78, 131]
[69, 69, 129]
[72, 76, 130]
[71, 82, 131]
[72, 80, 130]
[71, 82, 131]
[73, 84, 130]
[69, 74, 128]
[72, 78, 128]
[72, 76, 131]
[70, 77, 133]
[74, 82, 133]
[75, 80, 130]
[74, 81, 129]
[74, 84, 130]
[72, 81, 129]
[74, 84, 131]
[74, 81, 129]
[73, 76, 130]
[73, 76, 131]
[72, 76, 131]
[72, 76, 131]
[70, 77, 132]
[71, 67, 129]
[69, 68, 131]
[69, 68, 132]
[72, 70, 131]
[74, 79, 132]
[74, 82, 134]
[72, 75, 133]
[72, 75, 133]
[72, 75, 132]
[71, 82, 130]
[75, 81, 129]
[76, 90, 131]
[75, 84, 130]
[77, 82, 130]
[77, 78, 130]
[75, 83, 132]
[77, 78, 131]
[73, 76, 131]
[72, 67, 130]
[72, 70, 132]
[69, 68, 132]
[71, 69, 134]
[67, 70, 135]
[66, 61, 134]
[71, 65, 134]
[74, 65, 133]
[73, 56, 131]
[71, 56, 132]
[70, 51, 131]
[72, 60, 132]
[70, 60, 132]
[70, 60, 132]
[70, 60, 132]
[74, 59, 134]
[76, 57, 134]
[74, 63, 138]
[74, 63, 138]
[80, 61, 137]
[76, 61, 137]
[80, 57, 135]
[80, 57, 134]
[80, 62, 136]
[74, 66, 139]
[72, 57, 139]
[73, 53, 140]
[73, 53, 140]
[76, 52, 138]
[73, 48, 139]
[73, 87, 126]
[71, 84, 127]
[70, 79, 129]
[68, 79, 129]
[72, 82, 128]
[71, 83, 129]
[72, 82, 128]
[74, 90, 130]
[75, 83, 126]
[74, 86, 127]
[70, 80, 127]
[72, 83, 126]
[71, 83, 129]
[74, 85, 129]
[75, 82, 128]
[73, 77, 129]
[72, 76, 130]
[71, 82, 130]
[73, 84, 130]
[70, 78, 130]
[69, 73, 129]
[71, 72, 128]
[71, 68, 128]
[70, 78, 131]
[72, 80, 130]
[74, 90, 130]
[74, 95, 129]
[73, 95, 129]
[73, 95, 129]
[71, 86, 131]
[73, 83, 132]
[74, 80, 130]
[74, 80, 130]
[73, 76, 130]
[72, 76, 130]
[67, 73, 130]
[69, 69, 129]
[69, 73, 130]
[71, 68, 128]
[70, 78, 131]
[72, 76, 131]
[70, 78, 131]
[71, 72, 128]
[69, 72, 131]
[69, 68, 131]
[71, 71, 129]
[71, 68, 127]
[67, 74, 128]
[67, 74, 128]
[68, 79, 129]
[67, 70, 127]
[67, 74, 128]
[67, 69, 129]
[67, 72, 131]
[68, 77, 133]
[68, 77, 133]
[72, 79, 132]
[70, 77, 132]
[72, 76, 130]
[70, 78, 131]
[73, 83, 132]
[71, 81, 133]
[73, 82, 133]
[71, 81, 132]
[72, 80, 131]
[74, 84, 131]
[75, 80, 131]
[76, 69, 129]
[74, 67, 130]
[73, 75, 132]
[72, 79, 132]
[69, 81, 133]
[71, 81, 133]
[70, 77, 133]
[73, 77, 129]
[74, 90, 131]
[74, 80, 131]
[73, 82, 134]
[65, 69, 133]
[66, 73, 133]
[65, 79, 133]
[71, 81, 132]
[71, 81, 132]
[74, 83, 132]
[74, 80, 131]
[74, 82, 133]
[74, 79, 132]
[73, 75, 132]
[72, 67, 130]
[72, 70, 131]
[69, 68, 131]
[71, 70, 131]
[69, 68, 132]
[72, 75, 133]
[74, 79, 133]
[75, 79, 133]
[75, 75, 133]
[80, 68, 131]
[76, 68, 131]
[74, 66, 131]
[72, 70, 132]
[71, 65, 133]
[72, 65, 133]
[72, 69, 134]
[71, 69, 134]
[74, 64, 135]
[76, 66, 135]
[74, 63, 137]
[74, 66, 139]
[76, 61, 137]
[74, 67, 137]
[76, 58, 133]
[73, 50, 133]
[76, 53, 135]
[76, 52, 137]
[74, 57, 139]
[76, 47, 136]
[76, 52, 138]
[73, 47, 140]
[76, 51, 139]
[71, 86, 131]
[68, 77, 132]
[64, 73, 132]
[67, 79, 133]
[71, 81, 133]
[71, 80, 134]
[71, 81, 132]
[71, 85, 132]
[74, 84, 131]
[74, 81, 129]
[72, 78, 128]
[72, 77, 129]
[71, 81, 133]
[73, 75, 132]
[72, 71, 130]
[71, 71, 129]
[71, 82, 130]
[72, 82, 128]
[71, 86, 131]
[71, 71, 129]
[71, 71, 129]
[69, 70, 128]
[69, 73, 129]
[71, 82, 131]
[71, 85, 132]
[73, 89, 132]
[71, 91, 132]
[73, 84, 130]
[68, 86, 133]
[67, 80, 131]
[67, 70, 128]
[69, 73, 129]
[73, 78, 128]
[73, 78, 128]
[72, 77, 129]
[68, 77, 132]
[69, 72, 131]
[69, 73, 130]
[65, 71, 129]
[66, 75, 130]
[69, 74, 128]
[69, 74, 128]
[69, 70, 128]
[71, 72, 127]
[69, 70, 127]
[71, 72, 128]
[69, 73, 130]
[68, 77, 132]
[71, 81, 132]
[71, 85, 132]
[71, 86, 131]
[72, 77, 129]
[67, 70, 128]
[67, 73, 129]
[67, 73, 129]
[67, 74, 128]
[72, 77, 129]
[70, 78, 130]
[73, 84, 130]
[71, 82, 131]
[71, 81, 132]
[68, 77, 133]
[68, 77, 133]
[70, 77, 133]
[71, 81, 132]
[73, 77, 129]
[76, 70, 127]
[74, 68, 127]
[71, 67, 129]
[72, 79, 132]
[71, 81, 133]
[73, 82, 134]
[71, 81, 133]
[74, 80, 130]
[75, 87, 126]
[77, 86, 125]
[75, 84, 125]
[71, 73, 125]
[66, 75, 130]
[65, 71, 130]
[63, 70, 131]
[67, 73, 130]
[69, 73, 130]
[72, 80, 130]
[71, 84, 133]
[72, 79, 132]
[72, 79, 132]
[72, 70, 132]
[72, 66, 131]
[71, 70, 132]
[69, 68, 132]
[71, 70, 132]
[69, 68, 132]
[73, 73, 136]
[75, 77, 136]
[80, 82, 131]
[80, 78, 131]
[77, 73, 132]
[75, 75, 133]
[76, 67, 133]
[76, 67, 134]
[72, 59, 134]
[72, 68, 136]
[72, 64, 136]
[71, 64, 136]
[72, 67, 137]
[72, 67, 137]
[70, 58, 137]
[72, 57, 139]
[72, 57, 139]
[73, 53, 139]
[73, 53, 140]
[76, 47, 137]
[73, 54, 138]
[76, 55, 138]
[80, 55, 138]
[82, 55, 139]
[80, 51, 139]
[76, 46, 138]
[80, 51, 140]
[71, 86, 131]
[71, 82, 131]
[68, 78, 131]
[68, 78, 131]
[67, 73, 130]
[69, 69, 129]
[72, 80, 130]
[71, 81, 132]
[69, 72, 131]
[72, 76, 130]
[70, 79, 129]
[72, 79, 126]
[71, 72, 127]
[69, 73, 129]
[69, 73, 129]
[72, 81, 129]
[74, 82, 128]
[74, 85, 129]
[72, 81, 129]
[71, 71, 130]
[67, 71, 132]
[71, 81, 133]
[71, 82, 131]
[73, 84, 130]
[71, 85, 132]
[72, 76, 131]
[66, 73, 133]
[66, 74, 131]
[64, 74, 131]
[66, 73, 132]
[63, 69, 133]
[67, 71, 133]
[70, 77, 133]
[72, 76, 131]
[73, 84, 131]
[71, 82, 131]
[71, 84, 133]
[72, 80, 131]
[72, 79, 132]
[68, 76, 134]
[70, 76, 134]
[70, 76, 134]
[72, 76, 131]
[72, 76, 130]
[72, 75, 132]
[70, 77, 133]
[72, 80, 131]
[71, 82, 130]
[72, 94, 133]
[74, 91, 134]
[76, 88, 134]
[74, 83, 132]
[72, 80, 131]
[67, 73, 130]
[67, 73, 129]
[68, 78, 131]
[68, 77, 132]
[68, 77, 133]
[72, 75, 132]
[70, 77, 133]
[71, 70, 131]
[69, 72, 131]
[69, 69, 130]
[71, 71, 130]
[72, 71, 130]
[74, 70, 131]
[71, 67, 130]
[71, 70, 131]
[70, 77, 133]
[72, 79, 132]
[73, 83, 132]
[70, 77, 133]
[70, 77, 132]
[74, 81, 129]
[75, 79, 126]
[73, 78, 128]
[71, 68, 127]
[69, 73, 129]
[69, 72, 131]
[69, 69, 129]
[67, 71, 125]
[67, 72, 124]
[71, 70, 124]
[69, 73, 129]
[74, 79, 132]
[76, 88, 133]
[80, 89, 129]
[77, 83, 129]
[71, 71, 130]
[71, 70, 132]
[69, 68, 132]
[71, 70, 131]
[71, 70, 132]
[75, 75, 132]
[80, 81, 132]
[80, 77, 132]
[77, 73, 132]
[73, 74, 135]
[72, 73, 137]
[73, 73, 137]
[72, 64, 135]
[72, 68, 135]
[72, 69, 134]
[70, 59, 133]
[70, 59, 134]
[72, 59, 135]
[72, 67, 138]
[71, 63, 137]
[71, 63, 138]
[67, 56, 136]
[67, 56, 136]
[69, 55, 135]
[73, 54, 136]
[76, 55, 138]
[80, 47, 136]
[80, 53, 135]
[80, 47, 136]
[83, 51, 139]
[83, 46, 138]
[80, 51, 140]
[72, 83, 126]
[71, 86, 130]
[71, 82, 130]
[67, 73, 130]
[71, 71, 129]
[69, 69, 129]
[70, 77, 132]
[72, 76, 131]
[69, 73, 130]
[72, 71, 130]
[72, 75, 132]
[73, 76, 131]
[71, 67, 129]
[71, 71, 130]
[70, 77, 132]
[72, 80, 131]
[74, 80, 130]
[75, 84, 131]
[74, 83, 132]
[73, 76, 130]
[70, 78, 130]
[72, 82, 128]
[71, 82, 130]
[74, 84, 131]
[71, 85, 132]
[72, 77, 129]
[69, 73, 129]
[66, 75, 130]
[67, 69, 129]
[67, 73, 130]
[67, 69, 129]
[67, 71, 132]
[71, 67, 130]
[68, 77, 133]
[73, 84, 130]
[71, 81, 133]
[71, 84, 133]
[72, 80, 130]
[73, 84, 131]
[70, 78, 131]
[72, 76, 131]
[70, 77, 132]
[70, 77, 132]
[72, 76, 130]
[72, 76, 130]
[70, 78, 131]
[72, 80, 130]
[71, 82, 131]
[72, 81, 129]
[71, 91, 131]
[73, 84, 130]
[74, 84, 130]
[70, 78, 130]
[68, 78, 131]
[68, 78, 131]
[71, 72, 127]
[69, 73, 129]
[67, 73, 130]
[69, 68, 131]
[69, 71, 133]
[71, 66, 131]
[69, 70, 135]
[69, 67, 134]
[71, 70, 132]
[71, 67, 130]
[73, 75, 132]
[71, 70, 131]
[72, 76, 131]
[69, 71, 132]
[73, 75, 132]
[73, 82, 133]
[72, 79, 132]
[72, 80, 131]
[70, 78, 131]
[72, 76, 130]
[72, 76, 130]
[69, 69, 129]
[67, 73, 130]
[71, 68, 127]
[69, 73, 130]
[71, 71, 130]
[69, 68, 131]
[71, 67, 130]
[69, 72, 131]
[74, 82, 128]
[80, 92, 125]
[80, 94, 128]
[77, 84, 128]
[71, 71, 130]
[71, 70, 132]
[71, 65, 133]
[72, 70, 132]
[72, 70, 132]
[75, 75, 133]
[75, 82, 134]
[77, 77, 132]
[75, 75, 133]
[71, 69, 134]
[71, 65, 133]
[69, 69, 136]
[69, 66, 136]
[72, 68, 136]
[72, 68, 136]
[72, 59, 134]
[72, 59, 135]
[72, 64, 135]
[74, 65, 133]
[72, 68, 136]
[72, 67, 138]
[70, 58, 136]
[72, 58, 137]
[72, 58, 137]
[74, 58, 137]
[76, 56, 136]
[80, 48, 134]
[80, 52, 137]
[80, 52, 138]
[80, 47, 137]
[80, 47, 137]
[76, 52, 138]
[71, 85, 132]
[72, 78, 128]
[69, 70, 128]
[71, 71, 130]
[72, 67, 130]
[74, 70, 131]
[76, 69, 130]
[74, 80, 131]
[72, 81, 129]
[73, 84, 131]
[71, 82, 131]
[73, 77, 129]
[75, 80, 130]
[72, 80, 131]
[72, 79, 132]
[71, 84, 133]
[74, 84, 131]
[73, 76, 130]
[72, 67, 130]
[73, 76, 131]
[73, 76, 130]
[72, 72, 128]
[71, 68, 127]
[73, 77, 129]
[74, 81, 129]
[74, 83, 126]
[70, 79, 129]
[72, 77, 129]
[72, 76, 131]
[70, 77, 132]
[69, 72, 131]
[71, 71, 129]
[63, 71, 130]
[67, 79, 133]
[67, 79, 132]
[70, 78, 130]
[72, 77, 129]
[70, 78, 131]
[72, 76, 130]
[70, 78, 130]
[73, 84, 130]
[71, 84, 127]
[71, 86, 130]
[72, 82, 128]
[73, 84, 131]
[70, 78, 131]
[70, 78, 130]
[71, 73, 125]
[70, 80, 127]
[72, 81, 129]
[73, 84, 131]
[70, 78, 130]
[71, 72, 127]
[67, 74, 128]
[69, 73, 130]
[69, 68, 131]
[69, 68, 132]
[71, 70, 132]
[71, 66, 131]
[68, 62, 131]
[69, 68, 132]
[67, 71, 133]
[65, 69, 133]
[67, 71, 133]
[71, 70, 131]
[70, 77, 133]
[74, 80, 131]
[71, 71, 130]
[71, 67, 129]
[70, 78, 130]
[71, 84, 127]
[73, 87, 126]
[71, 88, 128]
[68, 77, 132]
[70, 77, 132]
[70, 78, 131]
[71, 82, 130]
[72, 81, 129]
[77, 86, 125]
[75, 82, 128]
[77, 80, 127]
[72, 72, 128]
[69, 69, 129]
[74, 81, 129]
[75, 82, 128]
[77, 83, 129]
[75, 83, 132]
[73, 75, 132]
[70, 77, 133]
[72, 70, 131]
[72, 70, 131]
[72, 70, 131]
[71, 67, 130]
[71, 70, 132]
[71, 66, 131]
[69, 71, 133]
[69, 68, 132]
[69, 70, 135]
[67, 57, 134]
[67, 57, 135]
[66, 52, 133]
[72, 59, 135]
[72, 58, 136]
[72, 58, 136]
[71, 64, 135]
[70, 59, 133]
[68, 60, 135]
[72, 58, 136]
[74, 58, 137]
[73, 54, 136]
[73, 49, 135]
[71, 54, 138]
[68, 48, 137]
[74, 57, 139]
[76, 48, 134]
[76, 52, 137]
[73, 47, 140]
[69, 43, 142]
[71, 42, 144]
[71, 43, 142]
[67, 68, 131]
[69, 72, 131]
[69, 73, 130]
[71, 68, 128]
[72, 71, 130]
[73, 75, 132]
[75, 76, 131]
[74, 80, 130]
[75, 82, 128]
[73, 85, 129]
[72, 81, 129]
[71, 82, 131]
[74, 80, 130]
[73, 84, 131]
[73, 83, 132]
[71, 82, 131]
[69, 72, 131]
[71, 71, 129]
[71, 71, 129]
[69, 69, 129]
[69, 69, 130]
[71, 70, 131]
[71, 70, 131]
[70, 77, 133]
[72, 76, 131]
[72, 78, 128]
[71, 72, 127]
[72, 76, 130]
[70, 78, 131]
[69, 72, 131]
[71, 67, 129]
[69, 73, 130]
[65, 71, 130]
[65, 79, 133]
[63, 70, 132]
[67, 72, 131]
[69, 73, 130]
[70, 78, 130]
[72, 80, 131]
[70, 77, 133]
[70, 77, 133]
[72, 76, 131]
[71, 82, 130]
[72, 82, 128]
[72, 81, 129]
[71, 85, 132]
[71, 84, 133]
[72, 80, 131]
[74, 83, 132]
[73, 77, 129]
[72, 81, 129]
[72, 77, 129]
[71, 72, 127]
[71, 72, 127]
[67, 71, 132]
[67, 68, 132]
[69, 69, 130]
[71, 71, 130]
[71, 66, 131]
[71, 70, 132]
[71, 70, 132]
[67, 68, 132]
[67, 71, 132]
[68, 77, 132]
[72, 76, 131]
[70, 77, 132]
[71, 71, 129]
[67, 73, 129]
[64, 73, 132]
[67, 69, 130]
[71, 82, 131]
[72, 83, 126]
[71, 84, 127]
[69, 73, 130]
[69, 71, 132]
[68, 77, 133]
[71, 81, 132]
[72, 80, 130]
[77, 83, 129]
[75, 81, 129]
[75, 84, 131]
[74, 81, 129]
[70, 79, 129]
[72, 78, 128]
[74, 85, 129]
[73, 77, 129]
[73, 77, 129]
[72, 76, 130]
[69, 69, 130]
[71, 70, 132]
[71, 66, 131]
[70, 76, 134]
[71, 67, 130]
[67, 71, 133]
[67, 70, 135]
[67, 66, 135]
[69, 69, 137]
[68, 60, 136]
[68, 50, 133]
[67, 57, 135]
[68, 50, 133]
[73, 55, 135]
[76, 53, 134]
[72, 64, 136]
[69, 66, 136]
[71, 67, 138]
[69, 64, 139]
[70, 58, 137]
[70, 48, 137]
[71, 54, 138]
[70, 48, 137]
[71, 54, 138]
[66, 50, 139]
[72, 56, 140]
[76, 51, 139]
[73, 52, 141]
[68, 47, 141]
[66, 43, 141]
[66, 43, 141]
[71, 44, 140]
[67, 71, 132]
[66, 63, 130]
[69, 69, 130]
[71, 67, 129]
[72, 71, 130]
[74, 80, 130]
[75, 84, 131]
[74, 90, 130]
[74, 83, 126]
[73, 85, 129]
[69, 81, 133]
[69, 72, 131]
[69, 69, 129]
[71, 71, 129]
[69, 69, 129]
[67, 74, 128]
[66, 75, 129]
[67, 70, 128]
[71, 67, 130]
[69, 72, 131]
[71, 68, 128]
[69, 73, 130]
[71, 70, 131]
[69, 72, 131]
[71, 70, 131]
[73, 76, 131]
[72, 80, 131]
[73, 83, 132]
[73, 83, 132]
[72, 78, 128]
[71, 70, 123]
[69, 75, 126]
[67, 70, 128]
[70, 77, 132]
[73, 84, 131]
[70, 78, 130]
[67, 70, 128]
[67, 73, 129]
[65, 70, 131]
[68, 77, 132]
[69, 82, 130]
[72, 77, 129]
[72, 81, 129]
[73, 89, 132]
[71, 89, 134]
[73, 83, 132]
[71, 81, 133]
[73, 82, 133]
[71, 81, 132]
[73, 84, 131]
[73, 84, 131]
[72, 76, 130]
[70, 77, 132]
[72, 76, 131]
[67, 69, 130]
[67, 72, 131]
[71, 67, 130]
[69, 71, 133]
[71, 65, 133]
[72, 74, 135]
[70, 75, 136]
[71, 69, 134]
[69, 71, 133]
[67, 68, 131]
[65, 72, 128]
[66, 74, 131]
[65, 70, 131]
[67, 72, 131]
[67, 73, 129]
[71, 82, 130]
[74, 83, 126]
[74, 87, 126]
[72, 82, 128]
[67, 73, 130]
[70, 78, 131]
[70, 80, 127]
[73, 87, 126]
[71, 85, 126]
[71, 88, 127]
[72, 82, 128]
[72, 80, 131]
[71, 82, 131]
[72, 80, 130]
[73, 84, 131]
[74, 80, 130]
[73, 77, 129]
[71, 68, 127]
[71, 71, 129]
[71, 67, 129]
[71, 72, 128]
[71, 68, 127]
[66, 63, 129]
[71, 66, 131]
[69, 67, 134]
[69, 66, 135]
[71, 69, 134]
[72, 61, 130]
[69, 56, 133]
[68, 59, 138]
[72, 58, 136]
[76, 61, 137]
[72, 58, 136]
[72, 59, 135]
[72, 64, 136]
[76, 66, 135]
[74, 68, 135]
[76, 67, 134]
[74, 64, 135]
[74, 59, 135]
[72, 58, 137]
[70, 48, 137]
[71, 53, 139]
[76, 52, 138]
[73, 48, 139]
[73, 53, 140]
[76, 47, 136]
[80, 47, 136]
[80, 52, 138]
[80, 43, 138]
[80, 42, 139]
[67, 72, 131]
[67, 68, 131]
[67, 71, 132]
[69, 69, 130]
[73, 76, 131]
[74, 79, 132]
[73, 82, 133]
[73, 89, 132]
[72, 80, 131]
[71, 84, 134]
[69, 81, 133]
[70, 77, 133]
[69, 71, 132]
[71, 67, 129]
[69, 69, 130]
[67, 71, 132]
[67, 71, 132]
[67, 69, 130]
[69, 72, 131]
[69, 68, 131]
[71, 70, 131]
[70, 77, 133]
[69, 72, 131]
[71, 71, 129]
[72, 71, 129]
[74, 80, 131]
[75, 80, 131]
[74, 84, 130]
[74, 81, 129]
[73, 77, 129]
[71, 67, 129]
[71, 70, 131]
[72, 75, 132]
[71, 82, 131]
[73, 83, 132]
[72, 76, 130]
[69, 72, 131]
[65, 70, 131]
[65, 70, 132]
[63, 70, 132]
[69, 81, 132]
[72, 80, 130]
[74, 81, 129]
[74, 84, 130]
[74, 84, 130]
[74, 81, 129]
[73, 84, 130]
[72, 81, 129]
[71, 82, 130]
[73, 84, 131]
[71, 85, 132]
[72, 80, 131]
[72, 80, 131]
[68, 77, 132]
[67, 68, 132]
[67, 71, 133]
[67, 71, 125]
[69, 71, 132]
[69, 67, 134]
[72, 73, 136]
[70, 74, 137]
[71, 70, 132]
[69, 72, 131]
[67, 69, 130]
[66, 73, 132]
[65, 70, 131]
[67, 69, 129]
[70, 78, 131]
[72, 81, 129]
[71, 82, 131]
[75, 80, 130]
[74, 84, 130]
[72, 81, 129]
[70, 78, 130]
[71, 68, 128]
[70, 77, 132]
[70, 77, 133]
[72, 80, 130]
[70, 78, 131]
[72, 77, 129]
[71, 71, 129]
[70, 77, 132]
[71, 84, 133]
[74, 80, 130]
[77, 79, 129]
[73, 76, 131]
[72, 67, 130]
[72, 70, 131]
[72, 67, 130]
[72, 70, 132]
[71, 66, 131]
[67, 58, 132]
[69, 57, 129]
[69, 68, 131]
[69, 71, 132]
[71, 66, 131]
[71, 70, 132]
[70, 59, 133]
[68, 60, 136]
[72, 58, 137]
[76, 56, 136]
[71, 55, 135]
[70, 59, 135]
[72, 64, 135]
[76, 66, 135]
[74, 68, 135]
[74, 68, 135]
[76, 58, 131]
[76, 54, 132]
[74, 59, 135]
[76, 48, 134]
[73, 54, 138]
[76, 47, 137]
[73, 48, 138]
[73, 53, 140]
[76, 46, 138]
[76, 47, 137]
[80, 51, 140]
[80, 42, 139]
[80, 46, 139]
[68, 78, 131]
[68, 77, 132]
[70, 76, 134]
[69, 71, 133]
[71, 66, 131]
[69, 71, 132]
[71, 67, 130]
[69, 71, 132]
[69, 71, 133]
[73, 76, 131]
[73, 84, 131]
[72, 80, 130]
[71, 81, 132]
[71, 70, 131]
[71, 67, 130]
[67, 72, 131]
[72, 76, 131]
[70, 78, 131]
[70, 77, 133]
[67, 78, 134]
[68, 82, 134]
[71, 85, 132]
[73, 85, 129]
[74, 83, 126]
[75, 86, 127]
[77, 82, 125]
[77, 84, 128]
[74, 84, 131]
[74, 80, 131]
[73, 77, 129]
[71, 83, 129]
[72, 77, 129]
[70, 78, 131]
[72, 80, 130]
[73, 84, 131]
[71, 81, 132]
[68, 82, 134]
[64, 73, 132]
[66, 74, 131]
[65, 80, 131]
[71, 82, 131]
[71, 81, 132]
[71, 84, 133]
[72, 77, 129]
[72, 76, 130]
[71, 82, 131]
[72, 80, 130]
[74, 84, 130]
[73, 83, 132]
[74, 80, 131]
[74, 80, 130]
[74, 84, 131]
[72, 76, 131]
[71, 70, 131]
[71, 67, 130]
[69, 72, 131]
[71, 85, 132]
[72, 80, 130]
[72, 80, 131]
[68, 77, 133]
[69, 70, 135]
[70, 76, 134]
[70, 76, 134]
[72, 75, 133]
[72, 75, 132]
[72, 79, 132]
[72, 80, 131]
[74, 84, 131]
[74, 85, 129]
[72, 82, 128]
[72, 77, 129]
[69, 73, 130]
[69, 72, 131]
[69, 71, 132]
[69, 71, 132]
[69, 68, 131]
[69, 69, 130]
[71, 71, 130]
[72, 67, 129]
[72, 70, 131]
[71, 71, 130]
[71, 71, 129]
[71, 68, 127]
[72, 71, 129]
[69, 72, 131]
[71, 67, 130]
[70, 77, 133]
[73, 75, 132]
[75, 84, 131]
[75, 80, 131]
[75, 79, 132]
[72, 70, 131]
[71, 70, 132]
[71, 65, 133]
[72, 59, 133]
[72, 64, 135]
[71, 68, 136]
[71, 64, 136]
[69, 67, 140]
[70, 57, 139]
[71, 54, 138]
[71, 54, 138]
[70, 49, 135]
[72, 59, 135]
[76, 66, 135]
[74, 65, 134]
[76, 58, 132]
[71, 56, 131]
[73, 56, 131]
[73, 50, 132]
[73, 54, 136]
[76, 48, 134]
[76, 52, 137]
[73, 48, 137]
[73, 54, 138]
[76, 47, 137]
[73, 52, 142]
[74, 42, 140]
[74, 42, 140]
[71, 43, 141]
[73, 82, 134]
[71, 81, 133]
[72, 80, 131]
[69, 73, 130]
[69, 73, 129]
[71, 67, 129]
[71, 70, 131]
[69, 68, 131]
[71, 67, 130]
[75, 76, 130]
[77, 82, 130]
[75, 80, 130]
[77, 79, 129]
[75, 77, 129]
[70, 78, 131]
[72, 76, 130]
[70, 78, 131]
[72, 80, 130]
[71, 82, 131]
[71, 83, 129]
[71, 86, 130]
[71, 83, 129]
[74, 82, 128]
[74, 85, 129]
[75, 85, 129]
[75, 82, 128]
[75, 82, 128]
[75, 85, 129]
[73, 84, 131]
[72, 80, 131]
[73, 82, 134]
[71, 80, 134]
[71, 81, 133]
[73, 84, 131]
[71, 86, 131]
[72, 80, 130]
[67, 79, 133]
[67, 77, 135]
[65, 77, 135]
[67, 78, 134]
[68, 77, 133]
[68, 77, 133]
[65, 79, 133]
[67, 79, 132]
[66, 73, 132]
[68, 77, 132]
[71, 81, 132]
[74, 84, 131]
[73, 83, 132]
[72, 80, 131]
[71, 81, 132]
[73, 76, 130]
[71, 71, 129]
[71, 68, 128]
[71, 67, 129]
[67, 69, 130]
[71, 82, 131]
[73, 90, 130]
[71, 91, 132]
[68, 78, 131]
[67, 68, 131]
[70, 76, 134]
[74, 79, 133]
[75, 79, 132]
[75, 80, 130]
[74, 84, 130]
[75, 82, 128]
[75, 84, 130]
[73, 84, 130]
[72, 78, 128]
[69, 70, 128]
[66, 73, 132]
[67, 69, 130]
[69, 73, 130]
[69, 69, 130]
[71, 70, 131]
[71, 70, 131]
[69, 68, 131]
[74, 71, 130]
[74, 68, 127]
[75, 77, 129]
[73, 77, 129]
[69, 70, 128]
[71, 71, 129]
[69, 72, 131]
[67, 68, 131]
[72, 75, 132]
[71, 82, 131]
[75, 83, 132]
[75, 79, 132]
[75, 82, 134]
[74, 79, 133]
[75, 75, 133]
[75, 75, 133]
[72, 66, 131]
[72, 68, 135]
[74, 65, 134]
[72, 68, 135]
[74, 69, 134]
[72, 59, 134]
[70, 50, 133]
[71, 55, 135]
[68, 49, 134]
[69, 54, 136]
[71, 54, 138]
[71, 54, 138]
[70, 48, 137]
[69, 53, 139]
[69, 53, 139]
[70, 48, 139]
[76, 51, 139]
[71, 44, 138]
[76, 47, 137]
[73, 48, 138]
[73, 48, 139]
[76, 51, 140]
[73, 53, 140]
[76, 47, 136]
[71, 45, 137]
[69, 45, 137]
[69, 71, 133]
[72, 79, 132]
[73, 82, 133]
[70, 78, 131]
[71, 68, 127]
[71, 71, 129]
[69, 68, 131]
[71, 71, 130]
[74, 80, 131]
[74, 80, 131]
[74, 82, 133]
[74, 79, 132]
[72, 71, 130]
[73, 76, 131]
[70, 77, 132]
[72, 76, 131]
[71, 71, 130]
[70, 78, 131]
[69, 70, 128]
[71, 71, 129]
[71, 67, 129]
[69, 71, 132]
[72, 79, 132]
[70, 77, 132]
[73, 83, 132]
[75, 80, 130]
[75, 84, 131]
[77, 80, 128]
[72, 84, 125]
[73, 87, 126]
[71, 83, 129]
[70, 78, 131]
[70, 77, 132]
[72, 76, 130]
[70, 78, 130]
[72, 77, 129]
[71, 68, 127]
[67, 73, 129]
[67, 70, 128]
[67, 74, 128]
[69, 73, 129]
[67, 79, 132]
[65, 78, 134]
[66, 72, 134]
[70, 76, 134]
[71, 81, 133]
[71, 85, 132]
[73, 89, 132]
[71, 85, 132]
[72, 77, 129]
[71, 72, 128]
[70, 78, 130]
[71, 72, 128]
[69, 73, 130]
[71, 71, 129]
[67, 69, 129]
[69, 69, 129]
[68, 78, 131]
[69, 81, 132]
[69, 82, 131]
[72, 81, 129]
[70, 78, 130]
[72, 76, 130]
[72, 76, 130]
[71, 81, 132]
[72, 76, 130]
[69, 69, 130]
[72, 75, 132]
[71, 84, 134]
[72, 75, 133]
[69, 71, 133]
[71, 67, 130]
[71, 71, 129]
[70, 78, 130]
[72, 81, 129]
[73, 76, 131]
[74, 67, 129]
[74, 71, 129]
[74, 71, 129]
[71, 68, 127]
[71, 68, 127]
[69, 73, 129]
[71, 71, 129]
[69, 73, 129]
[71, 72, 127]
[69, 72, 131]
[71, 68, 128]
[69, 73, 130]
[74, 81, 129]
[74, 81, 129]
[72, 81, 129]
[73, 76, 131]
[75, 76, 131]
[75, 80, 130]
[75, 77, 129]
[72, 76, 131]
[73, 75, 132]
[72, 70, 132]
[72, 65, 133]
[71, 56, 133]
[70, 50, 133]
[71, 55, 134]
[72, 59, 135]
[72, 59, 135]
[76, 53, 135]
[73, 54, 136]
[76, 53, 135]
[73, 49, 135]
[70, 48, 137]
[74, 57, 139]
[73, 48, 138]
[76, 51, 139]
[76, 46, 138]
[73, 53, 140]
[76, 46, 138]
[73, 53, 140]
[76, 52, 138]
[73, 48, 137]
[76, 52, 137]
[73, 48, 138]
[73, 75, 132]
[72, 79, 133]
[70, 76, 134]
[72, 74, 135]
[69, 70, 135]
[71, 70, 132]
[71, 67, 130]
[72, 67, 129]
[72, 70, 131]
[72, 79, 133]
[71, 83, 135]
[72, 79, 132]
[71, 70, 131]
[71, 71, 129]
[70, 78, 131]
[72, 76, 130]
[70, 78, 131]
[71, 72, 128]
[69, 73, 129]
[71, 68, 128]
[69, 68, 131]
[67, 71, 132]
[69, 71, 132]
[70, 76, 134]
[75, 80, 131]
[75, 85, 129]
[77, 84, 128]
[74, 81, 129]
[73, 84, 131]
[72, 78, 128]
[69, 73, 129]
[70, 77, 132]
[72, 75, 132]
[70, 77, 133]
[68, 77, 133]
[70, 77, 133]
[70, 79, 129]
[70, 80, 127]
[69, 70, 127]
[69, 73, 129]
[71, 72, 128]
[68, 78, 131]
[68, 78, 131]
[67, 73, 130]
[69, 73, 129]
[71, 82, 130]
[71, 86, 131]
[73, 90, 131]
[73, 83, 132]
[70, 84, 134]
[67, 68, 131]
[70, 78, 131]
[70, 78, 131]
[72, 77, 129]
[71, 68, 127]
[67, 75, 126]
[67, 74, 128]
[67, 70, 128]
[69, 72, 131]
[71, 82, 131]
[73, 84, 130]
[70, 78, 130]
[69, 73, 129]
[72, 76, 130]
[71, 85, 132]
[72, 76, 130]
[69, 72, 131]
[71, 71, 130]
[72, 80, 131]
[70, 77, 132]
[69, 72, 131]
[71, 68, 128]
[71, 71, 129]
[73, 76, 130]
[73, 76, 130]
[73, 76, 130]
[74, 68, 128]
[76, 70, 127]
[74, 69, 126]
[71, 72, 128]
[67, 72, 131]
[67, 68, 131]
[71, 67, 130]
[69, 73, 130]
[69, 73, 130]
[71, 71, 130]
[69, 71, 132]
[72, 75, 132]
[74, 80, 131]
[74, 80, 131]
[72, 80, 131]
[73, 76, 131]
[75, 76, 131]
[75, 79, 132]
[73, 76, 130]
[72, 76, 131]
[71, 67, 130]
[72, 70, 132]
[70, 59, 134]
[69, 56, 133]
[69, 55, 134]
[70, 50, 133]
[73, 54, 136]
[72, 58, 137]
[76, 56, 136]
[73, 55, 135]
[73, 54, 136]
[76, 48, 134]
[76, 47, 136]
[74, 57, 139]
[76, 55, 139]
[72, 56, 142]
[71, 52, 142]
[71, 53, 140]
[73, 48, 137]
[76, 52, 137]
[76, 52, 137]
[73, 48, 137]
[73, 54, 138]
[76, 47, 137]
[75, 75, 132]
[77, 74, 131]
[80, 74, 131]
[73, 75, 132]
[69, 71, 133]
[71, 70, 132]
[69, 71, 133]
[72, 67, 130]
[72, 72, 127]
[72, 82, 128]
[75, 83, 132]
[75, 80, 130]
[71, 72, 127]
[71, 72, 127]
[71, 72, 128]
[70, 79, 129]
[72, 78, 128]
[70, 79, 129]
[70, 78, 130]
[72, 76, 130]
[71, 67, 130]
[69, 71, 133]
[69, 68, 131]
[67, 71, 132]
[69, 71, 132]
[74, 80, 131]
[74, 81, 129]
[72, 78, 128]
[71, 68, 127]
[67, 72, 131]
[67, 69, 130]
[64, 73, 132]
[68, 77, 132]
[66, 75, 130]
[65, 72, 128]
[64, 75, 130]
[70, 77, 132]
[71, 81, 132]
[71, 72, 128]
[69, 73, 129]
[69, 69, 129]
[72, 76, 130]
[75, 80, 131]
[74, 80, 130]
[74, 81, 129]
[74, 85, 129]
[72, 82, 128]
[73, 85, 129]
[68, 84, 131]
[68, 83, 132]
[66, 82, 134]
[69, 81, 133]
[71, 84, 133]
[72, 80, 130]
[68, 78, 131]
[66, 73, 132]
[66, 73, 132]
[70, 78, 131]
[71, 82, 131]
[72, 80, 130]
[71, 84, 133]
[68, 77, 132]
[69, 82, 131]
[71, 83, 129]
[74, 82, 128]
[74, 87, 126]
[74, 84, 125]
[72, 73, 125]
[72, 68, 127]
[67, 72, 131]
[64, 73, 132]
[67, 69, 129]
[69, 69, 129]
[71, 71, 129]
[69, 69, 130]
[73, 76, 131]
[74, 80, 130]
[75, 81, 129]
[75, 78, 128]
[71, 72, 127]
[71, 69, 126]
[67, 73, 130]
[67, 69, 130]
[66, 73, 132]
[63, 70, 132]
[67, 71, 133]
[69, 68, 131]
[72, 75, 132]
[71, 71, 130]
[69, 71, 133]
[69, 68, 132]
[72, 70, 131]
[74, 79, 132]
[74, 79, 133]
[69, 71, 133]
[71, 69, 134]
[69, 57, 129]
[67, 59, 130]
[68, 52, 128]
[68, 62, 131]
[74, 61, 130]
[74, 61, 130]
[76, 59, 129]
[74, 60, 132]
[74, 59, 134]
[76, 57, 134]
[80, 49, 131]
[76, 53, 134]
[73, 49, 135]
[71, 54, 138]
[73, 54, 138]
[76, 55, 138]
[74, 57, 139]
[71, 53, 139]
[73, 48, 137]
[76, 52, 137]
[73, 54, 138]
[68, 48, 137]
[73, 53, 139]
[74, 57, 139]
[76, 65, 130]
[76, 69, 130]
[74, 67, 129]
[72, 71, 130]
[72, 67, 129]
[71, 71, 130]
[71, 66, 131]
[72, 70, 132]
[70, 76, 134]
[72, 79, 133]
[74, 82, 134]
[73, 76, 131]
[71, 71, 129]
[71, 72, 128]
[69, 73, 129]
[71, 71, 130]
[69, 71, 132]
[72, 76, 130]
[72, 77, 129]
[73, 76, 130]
[69, 73, 130]
[71, 72, 128]
[71, 67, 129]
[69, 71, 132]
[69, 68, 131]
[72, 71, 129]
[73, 77, 129]
[72, 72, 128]
[71, 68, 127]
[69, 73, 130]
[67, 73, 130]
[67, 72, 131]
[68, 77, 132]
[68, 77, 132]
[64, 73, 132]
[65, 70, 131]
[65, 70, 132]
[69, 71, 132]
[71, 67, 130]
[69, 72, 131]
[69, 69, 130]
[71, 71, 129]
[69, 72, 131]
[71, 70, 131]
[72, 79, 132]
[74, 80, 130]
[71, 83, 129]
[71, 86, 131]
[68, 86, 133]
[68, 84, 131]
[70, 86, 131]
[71, 82, 130]
[72, 82, 128]
[70, 78, 130]
[70, 78, 130]
[67, 79, 133]
[71, 81, 133]
[71, 81, 132]
[73, 83, 132]
[71, 81, 132]
[72, 80, 131]
[68, 86, 133]
[66, 83, 132]
[69, 82, 130]
[71, 83, 129]
[73, 84, 131]
[73, 76, 131]
[72, 71, 129]
[71, 68, 127]
[64, 65, 129]
[66, 73, 132]
[63, 71, 130]
[69, 74, 128]
[70, 80, 127]
[69, 74, 128]
[74, 82, 128]
[75, 85, 129]
[74, 81, 129]
[72, 76, 131]
[71, 71, 129]
[67, 69, 130]
[67, 71, 132]
[71, 67, 130]
[69, 71, 132]
[65, 70, 132]
[64, 73, 133]
[64, 73, 132]
[64, 64, 131]
[63, 69, 133]
[64, 64, 132]
[67, 68, 132]
[69, 68, 132]
[77, 78, 131]
[74, 79, 132]
[71, 71, 130]
[71, 66, 131]
[70, 61, 129]
[68, 62, 131]
[68, 62, 131]
[71, 66, 131]
[74, 66, 131]
[74, 68, 136]
[74, 68, 136]
[76, 58, 131]
[74, 59, 133]
[76, 58, 132]
[76, 58, 132]
[76, 55, 130]
[71, 54, 136]
[70, 48, 137]
[73, 48, 137]
[80, 55, 138]
[76, 55, 138]
[76, 52, 137]
[73, 49, 135]
[76, 52, 137]
[73, 48, 137]
[69, 54, 138]
[73, 49, 135]
[76, 62, 135]
[75, 79, 133]
[74, 70, 132]
[71, 70, 132]
[68, 62, 131]
[68, 63, 130]
[74, 61, 130]
[76, 69, 130]
[71, 67, 129]
[69, 71, 132]
[65, 69, 133]
[67, 71, 133]
[67, 68, 132]
[69, 68, 132]
[72, 70, 131]
[72, 67, 130]
[71, 70, 131]
[69, 68, 131]
[72, 75, 132]
[72, 80, 131]
[73, 76, 131]
[72, 67, 129]
[72, 71, 129]
[71, 71, 129]
[69, 69, 130]
[72, 71, 130]
[75, 77, 129]
[74, 72, 127]
[76, 71, 126]
[72, 72, 128]
[72, 76, 130]
[70, 78, 131]
[72, 80, 130]
[74, 80, 131]
[72, 72, 128]
[69, 69, 130]
[72, 75, 132]
[71, 70, 131]
[69, 71, 133]
[71, 67, 130]
[69, 71, 132]
[71, 70, 132]
[69, 68, 132]
[67, 68, 132]
[66, 73, 133]
[63, 70, 131]
[68, 78, 130]
[69, 83, 129]
[69, 82, 130]
[71, 85, 132]
[71, 90, 133]
[73, 90, 131]
[73, 84, 130]
[71, 85, 132]
[72, 76, 130]
[69, 69, 130]
[69, 72, 131]
[71, 67, 129]
[66, 73, 133]
[65, 78, 134]
[71, 81, 133]
[68, 77, 132]
[66, 73, 132]
[65, 70, 131]
[65, 79, 132]
[71, 82, 131]
[71, 86, 131]
[71, 86, 130]
[67, 74, 128]
[66, 75, 129]
[65, 71, 129]
[63, 71, 129]
[66, 75, 130]
[65, 71, 130]
[68, 78, 131]
[71, 82, 131]
[74, 80, 130]
[75, 84, 131]
[77, 76, 128]
[75, 77, 129]
[74, 81, 129]
[74, 84, 130]
[72, 81, 129]
[75, 78, 128]
[73, 80, 125]
[72, 80, 125]
[67, 75, 126]
[66, 74, 131]
[65, 70, 132]
[64, 73, 132]
[67, 70, 128]
[65, 69, 133]
[67, 71, 133]
[69, 72, 131]
[72, 67, 129]
[74, 67, 129]
[71, 70, 131]
[67, 71, 133]
[65, 69, 133]
[69, 68, 131]
[72, 70, 131]
[76, 66, 128]
[74, 70, 132]
[76, 64, 132]
[74, 69, 134]
[76, 58, 132]
[72, 59, 134]
[74, 64, 136]
[74, 58, 136]
[72, 58, 136]
[71, 55, 134]
[70, 50, 133]
[73, 55, 135]
[74, 58, 136]
[74, 58, 137]
[74, 58, 137]
[76, 55, 138]
[76, 47, 136]
[73, 54, 138]
[73, 54, 138]
[76, 56, 136]
[75, 82, 134]
[75, 75, 133]
[71, 70, 132]
[66, 62, 131]
[68, 62, 131]
[74, 61, 129]
[76, 68, 131]
[72, 67, 130]
[69, 71, 132]
[66, 62, 131]
[69, 71, 133]
[69, 68, 131]
[71, 70, 131]
[72, 71, 130]
[77, 75, 130]
[75, 76, 130]
[73, 76, 130]
[74, 81, 129]
[74, 84, 130]
[73, 77, 129]
[76, 69, 129]
[72, 67, 130]
[69, 71, 133]
[67, 68, 132]
[67, 71, 133]
[75, 75, 132]
[75, 75, 132]
[77, 74, 131]
[72, 75, 133]
[71, 70, 132]
[70, 76, 134]
[74, 79, 133]
[75, 80, 130]
[75, 77, 129]
[73, 76, 131]
[72, 80, 130]
[72, 81, 129]
[69, 73, 129]
[71, 68, 127]
[69, 73, 129]
[71, 68, 127]
[69, 73, 129]
[69, 70, 128]
[66, 74, 131]
[66, 73, 133]
[63, 70, 132]
[69, 80, 134]
[71, 82, 130]
[71, 86, 130]
[73, 90, 130]
[74, 85, 129]
[73, 85, 129]
[71, 82, 130]
[72, 76, 130]
[69, 69, 130]
[69, 72, 131]
[71, 71, 129]
[67, 70, 128]
[64, 75, 130]
[68, 78, 131]
[68, 77, 133]
[65, 71, 130]
[66, 73, 132]
[63, 70, 131]
[71, 81, 132]
[71, 85, 132]
[71, 86, 131]
[67, 80, 130]
[64, 75, 129]
[66, 75, 130]
[63, 70, 131]
[67, 72, 131]
[67, 69, 129]
[68, 78, 130]
[71, 84, 127]
[71, 85, 126]
[75, 82, 128]
[77, 76, 127]
[77, 83, 129]
[75, 81, 129]
[77, 80, 127]
[74, 86, 127]
[75, 85, 129]
[73, 78, 128]
[71, 73, 125]
[71, 72, 128]
[70, 78, 131]
[68, 78, 130]
[72, 78, 128]
[70, 79, 129]
[70, 79, 129]
[67, 74, 128]
[69, 73, 129]
[72, 67, 129]
[72, 71, 129]
[72, 76, 130]
[65, 70, 132]
[67, 71, 133]
[69, 68, 132]
[72, 70, 132]
[74, 66, 131]
[74, 69, 134]
[76, 67, 133]
[74, 64, 135]
[71, 56, 133]
[72, 59, 135]
[72, 59, 135]
[74, 63, 137]
[76, 62, 136]
[72, 58, 136]
[68, 50, 133]
[71, 55, 134]
[71, 55, 134]
[74, 58, 136]
[76, 57, 135]
[74, 58, 137]
[73, 54, 136]
[76, 53, 134]
[73, 55, 135]
[76, 62, 136]
[75, 76, 137]
[77, 72, 135]
[75, 74, 135]
[71, 65, 134]
[72, 59, 135]
[74, 59, 134]
[74, 69, 134]
[76, 65, 130]
[76, 65, 130]
[74, 70, 131]
[74, 67, 130]
[73, 75, 132]
[75, 75, 132]
[75, 75, 132]
[77, 82, 131]
[80, 78, 131]
[80, 78, 131]
[80, 81, 132]
[75, 82, 133]
[77, 81, 132]
[74, 70, 131]
[71, 71, 130]
[69, 72, 131]
[64, 64, 132]
[64, 64, 132]
[70, 77, 133]
[75, 82, 133]
[73, 75, 132]
[71, 66, 131]
[67, 71, 133]
[71, 70, 132]
[71, 82, 131]
[73, 84, 131]
[74, 82, 128]
[71, 86, 131]
[72, 82, 128]
[72, 82, 128]
[68, 79, 129]
[67, 74, 128]
[67, 73, 129]
[67, 70, 128]
[69, 72, 131]
[71, 67, 129]
[66, 75, 130]
[65, 71, 130]
[66, 74, 131]
[67, 70, 128]
[67, 74, 128]
[66, 73, 132]
[70, 77, 132]
[72, 81, 129]
[72, 82, 128]
[72, 78, 128]
[70, 79, 129]
[69, 71, 125]
[69, 74, 128]
[69, 74, 128]
[71, 69, 126]
[65, 70, 132]
[65, 70, 131]
[62, 66, 127]
[66, 66, 124]
[69, 72, 124]
[67, 74, 128]
[65, 72, 128]
[66, 74, 131]
[65, 71, 130]
[64, 75, 130]
[66, 75, 129]
[63, 71, 129]
[64, 65, 129]
[69, 69, 129]
[71, 69, 126]
[69, 75, 125]
[69, 72, 124]
[67, 74, 128]
[69, 74, 128]
[73, 78, 128]
[77, 84, 128]
[75, 81, 129]
[74, 81, 129]
[75, 84, 130]
[75, 85, 129]
[72, 77, 129]
[70, 77, 132]
[72, 81, 129]
[71, 83, 129]
[73, 85, 129]
[74, 84, 130]
[74, 89, 132]
[75, 84, 131]
[74, 84, 131]
[72, 71, 130]
[73, 76, 131]
[75, 83, 132]
[72, 80, 131]
[71, 70, 131]
[69, 71, 132]
[69, 69, 130]
[71, 71, 130]
[70, 77, 133]
[71, 70, 131]
[69, 68, 131]
[72, 70, 132]
[71, 57, 129]
[71, 56, 131]
[70, 51, 130]
[72, 59, 133]
[70, 59, 134]
[72, 59, 135]
[72, 58, 137]
[71, 54, 136]
[66, 51, 136]
[69, 55, 135]
[72, 64, 136]
[74, 64, 135]
[74, 64, 136]
[76, 56, 136]
[74, 58, 137]
[76, 61, 137]
[71, 67, 137]
[74, 64, 136]
[74, 64, 136]
[72, 67, 137]
[76, 66, 135]
[74, 65, 133]
[74, 65, 133]
[76, 68, 131]
[74, 67, 130]
[76, 68, 131]
[77, 72, 134]
[75, 74, 135]
[75, 74, 135]
[72, 69, 134]
[76, 64, 132]
[75, 75, 133]
[76, 68, 131]
[75, 79, 133]
[74, 82, 133]
[72, 80, 131]
[71, 81, 132]
[72, 75, 132]
[71, 71, 130]
[69, 69, 130]
[69, 72, 131]
[71, 68, 128]
[70, 77, 132]
[71, 70, 131]
[67, 71, 133]
[65, 69, 133]
[69, 69, 130]
[70, 78, 130]
[72, 77, 129]
[69, 74, 128]
[71, 72, 127]
[70, 79, 129]
[72, 79, 126]
[70, 80, 127]
[66, 74, 131]
[66, 73, 132]
[64, 73, 133]
[63, 70, 132]
[67, 72, 131]
[67, 69, 130]
[67, 79, 132]
[69, 73, 129]
[71, 72, 128]
[67, 70, 128]
[65, 71, 130]
[69, 73, 129]
[72, 76, 130]
[72, 77, 129]
[69, 70, 128]
[72, 77, 129]
[71, 82, 131]
[72, 77, 129]
[69, 70, 128]
[71, 71, 129]
[69, 69, 129]
[66, 64, 128]
[63, 71, 129]
[69, 70, 128]
[71, 72, 128]
[67, 72, 131]
[66, 73, 132]
[58, 70, 132]
[59, 77, 133]
[60, 65, 130]
[65, 70, 131]
[64, 65, 129]
[69, 69, 129]
[69, 70, 128]
[69, 74, 128]
[71, 68, 127]
[71, 69, 126]
[67, 75, 126]
[67, 70, 127]
[71, 72, 128]
[73, 77, 129]
[74, 81, 129]
[74, 84, 130]
[74, 81, 129]
[71, 86, 131]
[72, 81, 129]
[72, 77, 129]
[71, 82, 131]
[71, 82, 131]
[72, 76, 130]
[71, 81, 132]
[73, 82, 133]
[72, 79, 132]
[74, 80, 131]
[73, 76, 131]
[73, 76, 131]
[71, 81, 133]
[72, 79, 133]
[71, 69, 134]
[69, 70, 135]
[69, 71, 133]
[72, 75, 133]
[72, 75, 132]
[70, 76, 134]
[72, 75, 133]
[72, 70, 132]
[72, 66, 131]
[74, 61, 130]
[74, 70, 132]
[76, 65, 130]
[72, 66, 131]
[72, 61, 130]
[76, 59, 129]
[72, 65, 134]
[72, 59, 134]
[70, 58, 136]
[71, 66, 139]
[74, 57, 139]
[74, 58, 137]
[76, 57, 134]
[74, 59, 135]
[76, 58, 133]
[70, 59, 133]
[69, 66, 135]
[69, 69, 137]
[72, 64, 136]
[72, 67, 137]
[75, 72, 138]
[77, 72, 134]
[75, 79, 133]
[75, 79, 133]
[80, 81, 133]
[80, 81, 133]
[80, 73, 132]
[74, 68, 136]
[72, 68, 135]
[72, 70, 132]
[74, 67, 130]
[72, 67, 130]
[72, 66, 131]
[71, 66, 131]
[69, 71, 132]
[69, 68, 132]
[71, 70, 132]
[69, 71, 133]
[71, 66, 131]
[69, 68, 132]
[71, 70, 132]
[71, 81, 133]
[72, 76, 130]
[70, 77, 132]
[68, 77, 133]
[71, 67, 129]
[69, 74, 128]
[69, 70, 128]
[67, 69, 129]
[65, 70, 132]
[68, 77, 133]
[71, 81, 132]
[70, 79, 129]
[71, 69, 126]
[67, 73, 129]
[64, 73, 133]
[65, 70, 131]
[67, 74, 128]
[71, 70, 124]
[71, 72, 127]
[69, 70, 127]
[71, 71, 129]
[69, 69, 129]
[70, 79, 129]
[74, 84, 125]
[75, 87, 126]
[75, 79, 126]
[71, 72, 127]
[72, 78, 128]
[72, 81, 129]
[73, 77, 129]
[71, 72, 127]
[71, 72, 127]
[70, 79, 129]
[74, 83, 126]
[72, 84, 125]
[73, 86, 127]
[72, 81, 129]
[67, 73, 129]
[66, 75, 130]
[63, 72, 128]
[64, 75, 129]
[65, 71, 130]
[64, 74, 131]
[69, 70, 127]
[69, 75, 125]
[69, 71, 125]
[71, 70, 124]
[72, 73, 125]
[71, 70, 123]
[69, 75, 125]
[71, 70, 124]
[69, 74, 128]
[70, 79, 129]
[74, 82, 128]
[77, 84, 128]
[72, 81, 129]
[71, 85, 132]
[72, 80, 131]
[71, 84, 133]
[68, 77, 132]
[71, 71, 129]
[69, 73, 129]
[71, 71, 129]
[69, 69, 130]
[71, 71, 129]
[69, 69, 130]
[71, 71, 130]
[67, 68, 132]
[68, 76, 134]
[68, 77, 132]
[67, 71, 132]
[67, 71, 133]
[67, 71, 133]
[70, 77, 133]
[71, 84, 134]
[72, 79, 132]
[74, 83, 132]
[74, 79, 132]
[73, 83, 132]
[72, 79, 133]
[73, 82, 134]
[71, 70, 132]
[71, 65, 133]
[71, 67, 137]
[69, 68, 138]
[71, 64, 136]
[72, 67, 138]
[72, 63, 137]
[72, 64, 136]
[70, 59, 134]
[71, 56, 133]
[73, 55, 134]
[74, 64, 136]
[80, 63, 133]
[69, 69, 137]
[71, 65, 134]
[71, 68, 136]
[72, 64, 136]
[71, 63, 137]
[72, 68, 135]
[77, 72, 135]
[75, 77, 135]
[75, 79, 133]
[80, 81, 133]
[80, 81, 133]
[77, 77, 132]
[74, 70, 132]
[72, 70, 132]
[76, 67, 133]
[74, 66, 131]
[72, 66, 131]
[71, 67, 130]
[71, 70, 131]
[69, 68, 132]
[71, 65, 133]
[69, 70, 135]
[71, 70, 132]
[69, 68, 132]
[71, 67, 130]
[70, 77, 133]
[71, 86, 130]
[72, 83, 126]
[71, 86, 130]
[72, 77, 129]
[69, 72, 131]
[71, 71, 130]
[68, 63, 130]
[64, 64, 132]
[63, 69, 133]
[67, 78, 134]
[70, 77, 133]
[70, 78, 131]
[71, 71, 129]
[67, 69, 129]
[62, 65, 130]
[67, 69, 130]
[69, 69, 129]
[70, 63, 126]
[69, 70, 128]
[70, 62, 127]
[71, 68, 127]
[69, 75, 126]
[72, 83, 126]
[74, 82, 128]
[75, 81, 129]
[74, 84, 131]
[72, 76, 130]
[72, 78, 128]
[71, 82, 130]
[72, 77, 129]
[71, 68, 127]
[69, 73, 129]
[71, 72, 128]
[74, 82, 128]
[75, 85, 129]
[72, 81, 129]
[72, 81, 129]
[67, 73, 129]
[67, 70, 128]
[70, 80, 127]
[71, 70, 124]
[67, 75, 126]
[67, 74, 128]
[67, 70, 128]
[67, 73, 129]
[71, 68, 127]
[72, 72, 128]
[73, 78, 128]
[72, 78, 128]
[67, 74, 128]
[67, 70, 127]
[67, 73, 129]
[71, 82, 130]
[74, 81, 129]
[74, 86, 127]
[72, 83, 126]
[73, 85, 129]
[71, 82, 131]
[71, 85, 132]
[69, 81, 132]
[69, 72, 131]
[69, 73, 130]
[71, 68, 127]
[69, 69, 129]
[71, 67, 129]
[69, 69, 130]
[71, 67, 130]
[70, 77, 133]
[71, 71, 130]
[69, 73, 129]
[71, 69, 126]
[69, 73, 130]
[70, 78, 131]
[72, 77, 129]
[74, 86, 127]
[74, 84, 125]
[74, 83, 132]
[73, 76, 131]
[74, 80, 130]
[73, 88, 133]
[71, 84, 133]
[72, 75, 132]
[71, 67, 130]
[69, 71, 133]
[69, 67, 134]
[71, 70, 132]
[69, 71, 133]
[72, 66, 131]
[71, 70, 132]
[70, 60, 132]
[72, 60, 132]
[72, 60, 132]
[76, 64, 132]
[76, 64, 132]
[74, 65, 134]
[76, 67, 134]
[76, 62, 135]
[74, 59, 135]
[71, 55, 134]
[72, 59, 135]
[72, 59, 134]
[72, 59, 135]
[71, 64, 135]
[73, 73, 136]
[75, 74, 135]
[75, 74, 135]
[72, 68, 135]
[72, 68, 135]
[72, 68, 135]
[72, 60, 132]
[72, 65, 133]
[72, 65, 133]
[72, 69, 134]
[73, 75, 133]
[69, 68, 132]
[72, 75, 133]
[70, 76, 134]
[72, 79, 133]
[71, 81, 133]
[72, 80, 130]
[71, 84, 133]
[72, 80, 131]
[74, 80, 131]
[74, 83, 132]
[71, 71, 130]
[67, 72, 131]
[67, 69, 130]
[67, 69, 130]
[71, 71, 130]
[70, 77, 132]
[71, 84, 133]
[72, 77, 129]
[69, 73, 129]
[71, 68, 128]
[69, 69, 130]
[71, 71, 130]
[69, 73, 130]
[71, 68, 127]
[72, 72, 127]
[71, 70, 124]
[71, 72, 128]
[70, 78, 130]
[75, 84, 130]
[75, 81, 129]
[73, 84, 130]
[72, 80, 125]
[69, 85, 126]
[71, 85, 126]
[72, 78, 128]
[69, 74, 128]
[71, 69, 126]
[69, 75, 125]
[72, 80, 125]
[73, 80, 124]
[74, 74, 124]
[71, 71, 129]
[69, 69, 130]
[74, 80, 130]
[72, 82, 128]
[72, 80, 125]
[70, 79, 129]
[72, 77, 129]
[70, 78, 130]
[70, 78, 130]
[69, 70, 128]
[72, 77, 129]
[72, 80, 131]
[71, 84, 133]
[71, 85, 132]
[70, 78, 131]
[67, 70, 128]
[66, 75, 130]
[70, 78, 130]
[71, 82, 130]
[74, 86, 127]
[72, 78, 128]
[68, 78, 130]
[70, 78, 131]
[69, 69, 129]
[71, 72, 128]
[72, 77, 129]
[70, 78, 131]
[70, 78, 131]
[72, 80, 130]
[73, 84, 131]
[74, 81, 129]
[75, 81, 129]
[75, 84, 130]
[75, 84, 130]
[77, 78, 125]
[77, 76, 127]
[73, 78, 128]
[75, 82, 128]
[75, 78, 128]
[76, 71, 126]
[72, 72, 128]
[71, 67, 129]
[70, 77, 132]
[71, 84, 133]
[72, 80, 131]
[72, 80, 131]
[69, 71, 132]
[67, 68, 132]
[70, 75, 136]
[72, 74, 135]
[69, 71, 133]
[68, 63, 130]
[72, 61, 130]
[72, 66, 131]
[72, 70, 132]
[71, 70, 131]
[72, 67, 130]
[74, 70, 131]
[74, 66, 131]
[76, 62, 135]
[74, 58, 136]
[72, 59, 135]
[72, 59, 133]
[70, 59, 134]
[71, 56, 133]
[66, 52, 133]
[69, 56, 133]
[68, 60, 135]
[71, 65, 133]
[69, 71, 133]
[72, 70, 132]
[72, 69, 134]
[72, 73, 136]
[69, 68, 138]
[71, 64, 135]
[69, 66, 136]
[71, 64, 136]
[73, 72, 138]
[73, 73, 136]
[73, 74, 135]
[74, 79, 133]
[77, 77, 132]
[75, 82, 133]
[75, 82, 128]
[72, 71, 129]
[72, 70, 132]
[73, 75, 132]
[73, 83, 132]
[72, 80, 130]
[72, 76, 131]
[70, 77, 132]
[69, 71, 132]
[73, 76, 131]
[75, 80, 131]
[75, 80, 130]
[77, 82, 130]
[74, 80, 130]
[72, 71, 129]
[74, 71, 129]
[77, 75, 129]
[75, 77, 129]
[72, 72, 128]
[71, 72, 128]
[69, 73, 129]
[72, 76, 130]
[72, 80, 130]
[74, 81, 129]
[74, 85, 129]
[73, 78, 128]
[74, 80, 130]
[70, 77, 132]
[68, 77, 132]
[72, 80, 130]
[74, 82, 128]
[73, 85, 129]
[71, 86, 131]
[72, 81, 129]
[71, 82, 130]
[72, 72, 127]
[72, 72, 127]
[72, 63, 126]
[72, 68, 127]
[72, 68, 128]
[72, 77, 129]
[72, 76, 130]
[71, 82, 131]
[69, 82, 130]
[69, 83, 129]
[70, 81, 126]
[71, 85, 126]
[72, 80, 125]
[72, 79, 126]
[71, 83, 129]
[71, 72, 127]
[70, 78, 130]
[67, 73, 129]
[68, 78, 130]
[71, 82, 130]
[74, 83, 126]
[75, 84, 125]
[72, 79, 126]
[72, 78, 128]
[71, 82, 131]
[73, 77, 129]
[73, 79, 126]
[70, 79, 129]
[72, 77, 129]
[71, 85, 132]
[72, 80, 130]
[72, 80, 130]
[74, 84, 130]
[74, 85, 129]
[75, 81, 129]
[75, 81, 129]
[73, 76, 130]
[73, 76, 131]
[72, 79, 132]
[72, 75, 132]
[73, 76, 130]
[71, 72, 127]
[72, 78, 128]
[70, 79, 129]
[72, 78, 128]
[70, 77, 132]
[73, 75, 133]
[74, 82, 134]
[72, 79, 132]
[72, 76, 131]
[74, 81, 129]
[74, 84, 130]
[72, 71, 129]
[72, 67, 129]
[72, 61, 130]
[72, 70, 132]
[72, 67, 130]
[69, 71, 133]
[72, 75, 133]
[72, 69, 134]
[74, 69, 134]
[68, 49, 134]
[67, 57, 134]
[68, 61, 133]
[71, 65, 133]
[71, 64, 135]
[72, 67, 137]
[70, 59, 134]
[69, 56, 133]
[68, 60, 135]
[72, 64, 135]
[72, 65, 134]
[72, 68, 135]
[72, 64, 136]
[73, 72, 138]
[75, 72, 138]
[75, 76, 137]
[77, 72, 135]
[72, 69, 134]
[72, 69, 134]
[74, 65, 134]
[76, 63, 133]
[74, 68, 135]
[75, 73, 136]
[77, 73, 132]
[74, 66, 131]
[76, 68, 131]
[76, 59, 129]
[72, 66, 131]
[71, 67, 130]
[71, 70, 131]
[69, 68, 132]
[69, 71, 133]
[72, 70, 131]
[74, 80, 130]
[75, 76, 130]
[72, 71, 129]
[71, 72, 128]
[72, 69, 126]
[72, 68, 127]
[72, 71, 130]
[76, 69, 129]
[72, 71, 130]
[69, 72, 131]
[71, 71, 129]
[68, 78, 131]
[68, 78, 130]
[71, 86, 130]
[74, 84, 125]
[74, 83, 126]
[72, 78, 128]
[71, 72, 128]
[69, 73, 130]
[69, 73, 130]
[72, 82, 128]
[71, 88, 128]
[72, 82, 128]
[73, 84, 130]
[71, 82, 130]
[72, 76, 130]
[70, 78, 130]
[70, 78, 130]
[73, 76, 131]
[73, 76, 131]
[71, 71, 129]
[71, 68, 128]
[69, 73, 130]
[69, 72, 131]
[70, 78, 131]
[72, 76, 130]
[68, 78, 130]
[67, 73, 130]
[70, 78, 130]
[73, 86, 127]
[71, 84, 127]
[72, 77, 129]
[70, 78, 130]
[71, 82, 130]
[70, 84, 133]
[71, 82, 131]
[74, 86, 127]
[72, 84, 125]
[73, 87, 126]
[71, 85, 126]
[74, 85, 129]
[77, 80, 128]
[74, 84, 130]
[74, 82, 128]
[72, 77, 129]
[72, 79, 126]
[71, 74, 124]
[69, 71, 125]
[71, 72, 127]
[71, 81, 132]
[72, 79, 132]
[72, 80, 131]
[71, 82, 130]
[72, 76, 131]
[69, 81, 132]
[70, 85, 132]
[71, 82, 130]
[73, 84, 130]
[71, 83, 129]
[75, 87, 126]
[75, 84, 125]
[74, 84, 131]
[74, 80, 131]
[74, 83, 132]
[74, 80, 130]
[75, 81, 129]
[75, 84, 130]
[77, 83, 129]
[73, 76, 130]
[71, 67, 129]
[72, 70, 131]
[69, 71, 132]
[72, 66, 131]
[76, 65, 130]
[73, 75, 132]
[72, 76, 131]
[72, 70, 131]
[66, 60, 136]
[68, 60, 137]
[69, 68, 138]
[71, 64, 136]
[72, 64, 135]
[72, 67, 137]
[72, 64, 136]
[71, 63, 137]
[72, 64, 136]
[72, 64, 135]
[71, 67, 137]
[72, 64, 135]
[72, 59, 134]
[72, 65, 134]
[74, 68, 136]
[75, 76, 137]
[75, 79, 138]
[77, 71, 136]
[74, 68, 135]
[72, 65, 133]
[74, 60, 132]
[74, 59, 133]
[74, 64, 135]
[74, 68, 135]
[76, 67, 134]
[74, 65, 134]
[74, 60, 132]
[72, 61, 130]
[71, 66, 131]
[67, 67, 134]
[67, 71, 133]
[69, 67, 134]
[72, 69, 134]
[73, 73, 136]
[72, 68, 135]
[71, 66, 131]
[70, 61, 130]
[69, 67, 134]
[71, 66, 131]
[72, 70, 132]
[71, 67, 130]
[71, 70, 131]
[71, 67, 130]
[69, 71, 132]
[69, 72, 131]
[68, 78, 131]
[69, 82, 130]
[73, 78, 128]
[72, 72, 127]
[71, 72, 128]
[71, 67, 129]
[69, 71, 132]
[72, 76, 131]
[70, 77, 132]
[73, 82, 133]
[71, 81, 133]
[71, 84, 134]
[72, 75, 132]
[70, 76, 134]
[70, 76, 134]
[74, 80, 130]
[75, 86, 127]
[74, 82, 128]
[72, 78, 128]
[71, 69, 126]
[69, 75, 126]
[69, 75, 126]
[72, 78, 128]
[72, 79, 126]
[67, 75, 126]
[65, 82, 128]
[68, 80, 127]
[71, 88, 128]
[69, 84, 127]
[72, 83, 126]
[71, 88, 128]
[71, 86, 130]
[70, 91, 131]
[73, 92, 128]
[71, 88, 128]
[72, 84, 125]
[71, 88, 128]
[71, 86, 130]
[74, 82, 128]
[74, 82, 128]
[74, 86, 127]
[73, 79, 126]
[72, 79, 126]
[69, 72, 124]
[71, 72, 127]
[71, 68, 127]
[69, 73, 130]
[73, 76, 130]
[72, 81, 129]
[73, 85, 129]
[71, 82, 130]
[73, 84, 130]
[69, 82, 130]
[70, 86, 131]
[68, 78, 130]
[70, 78, 130]
[72, 76, 130]
[75, 80, 131]
[75, 80, 131]
[77, 78, 130]
[74, 90, 131]
[74, 84, 130]
[74, 80, 131]
[75, 83, 132]
[75, 81, 129]
[77, 75, 129]
[71, 71, 130]
[71, 67, 129]
[72, 71, 130]
[71, 67, 129]
[72, 70, 132]
[74, 66, 131]
[77, 74, 131]
[74, 70, 131]
[73, 75, 133]
[69, 65, 137]
[72, 67, 138]
[72, 63, 138]
[72, 66, 139]
[74, 67, 138]
[76, 62, 135]
[74, 64, 136]
[76, 65, 137]
[76, 62, 136]
[71, 63, 137]
[71, 54, 136]
[67, 55, 139]
[67, 55, 139]
[68, 49, 134]
[74, 59, 135]
[75, 77, 136]
[75, 77, 136]
[77, 79, 136]
[75, 73, 136]
[72, 64, 135]
[66, 52, 133]
[69, 56, 131]
[71, 70, 132]
[72, 66, 131]
[72, 65, 134]
[71, 68, 135]
[71, 65, 133]
[69, 56, 131]
[67, 58, 132]
[61, 54, 133]
[67, 58, 133]
[69, 68, 132]
[69, 71, 133]
[71, 70, 131]
[71, 67, 130]
[69, 72, 131]
[69, 71, 132]
[71, 66, 131]
[71, 69, 134]
[69, 68, 132]
[69, 68, 132]
[70, 61, 129]
[67, 69, 130]
[67, 70, 128]
[64, 75, 130]
[66, 74, 131]
[66, 63, 130]
[68, 63, 130]
[70, 61, 129]
[68, 64, 128]
[71, 68, 128]
[69, 73, 130]
[68, 82, 133]
[67, 79, 133]
[64, 73, 132]
[67, 73, 130]
[69, 70, 128]
[71, 72, 128]
[65, 71, 129]
[68, 78, 131]
[71, 81, 132]
[73, 84, 131]
[71, 83, 129]
[67, 74, 128]
[67, 69, 129]
[69, 73, 130]
[69, 70, 127]
[71, 72, 127]
[69, 70, 128]
[67, 73, 130]
[65, 71, 129]
[66, 76, 127]
[63, 73, 126]
[67, 74, 128]
[71, 83, 129]
[71, 84, 127]
[71, 84, 127]
[73, 86, 127]
[72, 83, 126]
[70, 88, 128]
[66, 84, 130]
[70, 86, 130]
[71, 86, 130]
[71, 83, 129]
[72, 77, 129]
[72, 77, 129]
[71, 72, 128]
[67, 75, 126]
[67, 75, 125]
[65, 73, 126]
[66, 75, 130]
[69, 69, 129]
[69, 70, 128]
[71, 72, 127]
[71, 72, 128]
[71, 82, 130]
[71, 82, 130]
[73, 84, 130]
[71, 83, 129]
[71, 72, 127]
[69, 74, 128]
[71, 69, 126]
[69, 73, 129]
[74, 81, 129]
[75, 84, 130]
[72, 82, 128]
[73, 84, 131]
[71, 81, 133]
[72, 79, 132]
[70, 77, 132]
[69, 73, 130]
[71, 71, 130]
[71, 70, 131]
[69, 68, 132]
[72, 70, 131]
[80, 74, 131]
[80, 74, 131]
[77, 75, 129]
[77, 75, 130]
[75, 76, 131]
[74, 64, 136]
[72, 67, 138]
[76, 65, 137]
[74, 67, 138]
[74, 64, 136]
[76, 62, 136]
[74, 67, 137]
[76, 63, 134]
[76, 66, 135]
[72, 59, 134]
[69, 55, 134]
[69, 55, 134]
[67, 57, 135]
[68, 49, 134]
[69, 65, 138]
[72, 67, 137]
[74, 76, 137]
[72, 68, 135]
[71, 65, 134]
[70, 59, 133]
[66, 52, 133]
[70, 59, 134]
[74, 65, 134]
[75, 77, 135]
[73, 74, 135]
[72, 69, 134]
[69, 57, 129]
[69, 57, 129]
[69, 56, 131]
[63, 53, 131]
[67, 58, 132]
[71, 66, 131]
[71, 70, 132]
[70, 75, 136]
[71, 79, 136]
[72, 75, 133]
[75, 79, 133]
[72, 71, 130]
[71, 67, 130]
[71, 70, 132]
[71, 70, 132]
[69, 68, 132]
[69, 68, 132]
[66, 73, 132]
[67, 78, 134]
[70, 77, 133]
[71, 67, 130]
[68, 63, 129]
[71, 67, 129]
[69, 70, 128]
[69, 73, 129]
[72, 81, 129]
[71, 83, 129]
[73, 85, 129]
[71, 72, 128]
[69, 73, 130]
[71, 71, 129]
[72, 78, 128]
[70, 78, 130]
[68, 78, 130]
[71, 86, 130]
[72, 83, 126]
[67, 74, 128]
[67, 73, 129]
[66, 75, 130]
[67, 70, 128]
[71, 69, 126]
[69, 75, 125]
[71, 74, 124]
[67, 71, 125]
[67, 74, 128]
[67, 75, 126]
[71, 70, 124]
[69, 75, 125]
[69, 72, 124]
[71, 75, 123]
[72, 80, 124]
[74, 84, 125]
[70, 88, 128]
[67, 82, 128]
[68, 86, 128]
[66, 84, 131]
[68, 86, 128]
[71, 88, 127]
[72, 80, 125]
[70, 80, 127]
[67, 70, 127]
[66, 75, 130]
[66, 75, 130]
[65, 71, 129]
[63, 73, 126]
[67, 73, 130]
[69, 69, 130]
[67, 73, 129]
[67, 69, 129]
[68, 78, 130]
[69, 83, 129]
[73, 87, 126]
[74, 83, 126]
[73, 77, 129]
[72, 80, 130]
[72, 80, 130]
[71, 82, 131]
[72, 77, 129]
[70, 78, 130]
[71, 72, 128]
[71, 71, 129]
[70, 79, 129]
[68, 79, 129]
[69, 74, 128]
[71, 71, 130]
[69, 69, 130]
[69, 72, 131]
[72, 67, 129]
[76, 69, 129]
[80, 75, 130]
[77, 75, 130]
[73, 75, 133]
[77, 73, 132]
[75, 75, 133]
[76, 58, 133]
[70, 59, 133]
[70, 59, 134]
[70, 59, 134]
[71, 55, 134]
[71, 55, 134]
[71, 55, 134]
[72, 59, 135]
[69, 65, 137]
[70, 59, 135]
[68, 60, 136]
[70, 59, 135]
[68, 60, 136]
[70, 59, 135]
[67, 57, 135]
[68, 60, 137]
[71, 63, 137]
[72, 59, 135]
[74, 59, 133]
[71, 56, 131]
[70, 59, 133]
[72, 59, 134]
[69, 65, 137]
[72, 73, 137]
[72, 73, 136]
[72, 69, 134]
[72, 65, 133]
[71, 56, 131]
[70, 51, 130]
[71, 57, 129]
[72, 65, 133]
[71, 65, 134]
[71, 64, 135]
[68, 61, 134]
[69, 66, 135]
[72, 73, 136]
[73, 74, 135]
[72, 70, 132]
[71, 70, 132]
[71, 66, 131]
[69, 71, 132]
[72, 68, 128]
[69, 74, 128]
[71, 68, 127]
[71, 67, 130]
[69, 71, 133]
[71, 66, 131]
[71, 71, 130]
[71, 71, 129]
[72, 76, 130]
[72, 76, 130]
[73, 77, 129]
[74, 81, 129]
[72, 76, 130]
[69, 69, 129]
[72, 77, 129]
[73, 84, 130]
[71, 83, 129]
[71, 86, 130]
[72, 83, 126]
[71, 83, 129]
[74, 84, 130]
[74, 84, 130]
[72, 81, 129]
[69, 74, 128]
[67, 73, 129]
[67, 73, 130]
[69, 69, 129]
[69, 75, 126]
[72, 84, 125]
[73, 86, 127]
[71, 84, 127]
[69, 75, 125]
[69, 75, 125]
[69, 76, 124]
[72, 81, 123]
[70, 82, 124]
[72, 84, 124]
[68, 90, 128]
[67, 82, 127]
[67, 82, 127]
[65, 82, 127]
[67, 72, 124]
[67, 75, 126]
[63, 73, 125]
[66, 77, 126]
[63, 73, 125]
[66, 75, 129]
[66, 75, 129]
[65, 71, 129]
[69, 73, 129]
[70, 78, 131]
[71, 82, 130]
[73, 84, 130]
[72, 81, 129]
[71, 86, 131]
[72, 81, 129]
[74, 81, 129]
[74, 85, 129]
[72, 82, 128]
[73, 85, 129]
[71, 83, 129]
[70, 78, 131]
[72, 76, 130]
[72, 77, 129]
[70, 80, 127]
[70, 79, 129]
[72, 81, 129]
[73, 84, 131]
[67, 73, 130]
[66, 73, 132]
[67, 71, 132]
[71, 71, 130]
[73, 77, 129]
[75, 77, 129]
[77, 76, 128]
[76, 66, 127]
[72, 71, 130]
[72, 70, 131]
[73, 75, 133]
[68, 58, 140]
[70, 57, 139]
[68, 58, 140]
[70, 57, 139]
[68, 49, 134]
[71, 56, 133]
[70, 50, 132]
[72, 59, 134]
[70, 59, 135]
[70, 59, 135]
[70, 59, 135]
[68, 60, 136]
[70, 59, 135]
[68, 59, 138]
[70, 58, 137]
[68, 60, 137]
[71, 63, 137]
[74, 64, 136]
[76, 57, 134]
[73, 56, 133]
[74, 59, 134]
[72, 64, 135]
[71, 68, 136]
[71, 64, 136]
[72, 63, 137]
[72, 68, 136]
[74, 65, 133]
[72, 60, 132]
[70, 51, 130]
[71, 56, 132]
[74, 64, 136]
[72, 64, 136]
[69, 65, 137]
[70, 59, 133]
[72, 65, 133]
[72, 70, 132]
[69, 68, 132]
[71, 70, 132]
[72, 70, 132]
[71, 67, 130]
[69, 71, 132]
[72, 67, 129]
[69, 72, 131]
[71, 67, 129]
[69, 69, 129]
[71, 71, 129]
[69, 69, 129]
[72, 76, 130]
[72, 76, 130]
[70, 78, 131]
[71, 71, 129]
[73, 76, 130]
[71, 70, 131]
[71, 70, 132]
[69, 68, 132]
[70, 76, 134]
[71, 81, 133]
[72, 80, 130]
[71, 86, 131]
[72, 81, 129]
[71, 86, 131]
[72, 81, 129]
[74, 81, 129]
[73, 84, 130]
[70, 79, 129]
[67, 75, 125]
[69, 72, 124]
[69, 75, 125]
[72, 80, 125]
[71, 85, 126]
[73, 87, 126]
[71, 85, 126]
[67, 74, 128]
[67, 74, 128]
[69, 74, 128]
[72, 80, 125]
[70, 81, 126]
[72, 80, 125]
[70, 81, 126]
[68, 81, 126]
[68, 81, 126]
[68, 82, 124]
[69, 73, 122]
[67, 75, 125]
[65, 73, 125]
[64, 77, 126]
[66, 76, 127]
[67, 75, 125]
[69, 72, 124]
[67, 74, 128]
[71, 72, 127]
[70, 80, 127]
[71, 85, 126]
[73, 93, 126]
[71, 94, 128]
[73, 87, 126]
[72, 78, 128]
[73, 77, 129]
[74, 84, 130]
[72, 83, 126]
[73, 86, 127]
[71, 84, 127]
[70, 79, 129]
[72, 77, 129]
[72, 77, 129]
[72, 77, 129]
[73, 85, 129]
[74, 83, 126]
[73, 85, 129]
[72, 78, 128]
[70, 79, 129]
[70, 78, 130]
[72, 76, 131]
[75, 75, 133]
[77, 73, 132]
[73, 76, 130]
[77, 76, 127]
[75, 77, 129]
[77, 75, 130]
[75, 75, 132]
[71, 54, 136]
[69, 54, 138]
[68, 48, 137]
[67, 55, 139]
[69, 54, 138]
[66, 50, 138]
[68, 48, 137]
[71, 54, 136]
[69, 55, 135]
[70, 59, 135]
[67, 57, 135]
[72, 59, 135]
[74, 63, 138]
[74, 65, 141]
[76, 61, 137]
[72, 67, 138]
[76, 62, 135]
[74, 59, 135]
[76, 57, 134]
[73, 55, 135]
[76, 62, 136]
[74, 63, 138]
[77, 70, 138]
[77, 76, 135]
[74, 69, 134]
[71, 68, 136]
[71, 64, 136]
[72, 67, 137]
[76, 66, 135]
[74, 59, 134]
[76, 63, 133]
[74, 66, 131]
[74, 66, 131]
[74, 70, 132]
[77, 72, 134]
[72, 68, 135]
[72, 65, 134]
[69, 56, 132]
[66, 53, 131]
[70, 61, 130]
[68, 62, 131]
[70, 61, 130]
[69, 68, 132]
[71, 67, 130]
[69, 69, 130]
[73, 76, 130]
[75, 76, 130]
[77, 75, 130]
[76, 69, 129]
[72, 68, 128]
[71, 68, 128]
[71, 72, 128]
[71, 68, 127]
[67, 72, 131]
[69, 68, 131]
[70, 77, 132]
[70, 80, 127]
[74, 84, 125]
[74, 87, 126]
[75, 84, 125]
[74, 86, 127]
[72, 84, 125]
[72, 84, 125]
[72, 80, 125]
[72, 80, 125]
[70, 81, 126]
[71, 70, 124]
[69, 75, 125]
[69, 75, 125]
[68, 81, 126]
[68, 80, 127]
[66, 77, 126]
[65, 73, 125]
[64, 78, 125]
[67, 82, 127]
[67, 76, 124]
[69, 75, 125]
[67, 71, 125]
[69, 73, 129]
[72, 83, 126]
[74, 87, 126]
[72, 80, 125]
[69, 72, 124]
[67, 75, 126]
[67, 71, 125]
[68, 80, 127]
[71, 84, 127]
[74, 84, 125]
[72, 82, 128]
[73, 86, 127]
[72, 84, 125]
[71, 88, 128]
[71, 88, 128]
[72, 83, 126]
[71, 88, 127]
[72, 80, 125]
[71, 70, 123]
[70, 81, 126]
[71, 85, 126]
[72, 82, 128]
[72, 82, 128]
[74, 86, 127]
[74, 87, 126]
[74, 84, 125]
[72, 72, 127]
[72, 72, 128]
[75, 77, 129]
[75, 84, 130]
[77, 84, 128]
[77, 86, 125]
[75, 87, 126]
[73, 78, 128]
[71, 71, 130]
[71, 67, 130]
[67, 68, 132]
[69, 68, 131]
[74, 67, 129]
[76, 69, 130]
[80, 70, 128]
[80, 78, 130]
[76, 58, 133]
[72, 59, 134]
[68, 50, 133]
[65, 56, 137]
[69, 54, 138]
[66, 50, 139]
[66, 49, 140]
[71, 53, 139]
[70, 49, 135]
[71, 55, 134]
[74, 59, 135]
[74, 63, 137]
[80, 61, 137]
[80, 65, 137]
[74, 64, 136]
[76, 66, 136]
[74, 64, 136]
[74, 58, 136]
[70, 58, 136]
[72, 58, 136]
[74, 63, 137]
[72, 63, 137]
[74, 62, 140]
[72, 67, 138]
[69, 65, 138]
[71, 67, 138]
[71, 67, 138]
[72, 64, 135]
[74, 68, 136]
[72, 64, 135]
[70, 59, 133]
[71, 65, 134]
[71, 65, 134]
[72, 69, 134]
[72, 65, 133]
[72, 68, 135]
[68, 61, 134]
[69, 57, 129]
[68, 50, 132]
[68, 61, 134]
[70, 61, 130]
[69, 68, 132]
[69, 71, 133]
[72, 75, 133]
[73, 75, 133]
[75, 79, 132]
[75, 76, 131]
[76, 70, 128]
[74, 67, 129]
[76, 60, 127]
[71, 67, 129]
[71, 67, 130]
[71, 70, 131]
[69, 69, 129]
[70, 78, 131]
[72, 81, 129]
[72, 82, 128]
[70, 79, 129]
[75, 79, 126]
[75, 80, 125]
[75, 85, 129]
[74, 82, 128]
[74, 85, 129]
[74, 83, 126]
[74, 84, 125]
[74, 84, 125]
[69, 74, 128]
[71, 72, 128]
[71, 69, 126]
[70, 80, 127]
[66, 76, 127]
[66, 75, 130]
[66, 73, 132]
[63, 70, 131]
[63, 71, 130]
[67, 74, 128]
[71, 70, 124]
[69, 74, 128]
[72, 78, 128]
[70, 80, 127]
[72, 74, 124]
[71, 73, 125]
[69, 71, 125]
[67, 75, 125]
[63, 75, 123]
[68, 82, 125]
[70, 81, 126]
[73, 80, 124]
[71, 87, 123]
[73, 94, 125]
[71, 95, 126]
[73, 88, 125]
[73, 87, 126]
[71, 84, 127]
[73, 87, 126]
[71, 86, 124]
[71, 90, 125]
[72, 80, 125]
[73, 87, 126]
[74, 84, 125]
[74, 87, 126]
[74, 84, 124]
[74, 84, 125]
[73, 78, 128]
[72, 72, 128]
[71, 72, 128]
[70, 78, 130]
[74, 80, 130]
[76, 88, 133]
[80, 86, 133]
[80, 84, 128]
[77, 80, 128]
[72, 71, 130]
[70, 61, 129]
[69, 71, 132]
[69, 68, 131]
[74, 70, 132]
[76, 65, 130]
[80, 65, 129]
[77, 74, 131]
[69, 55, 135]
[70, 49, 135]
[68, 49, 135]
[69, 54, 136]
[67, 56, 137]
[70, 49, 135]
[70, 49, 134]
[74, 58, 136]
[74, 63, 137]
[76, 62, 136]
[74, 67, 137]
[80, 62, 135]
[74, 67, 137]
[76, 57, 134]
[76, 62, 135]
[72, 64, 135]
[71, 64, 136]
[70, 59, 135]
[68, 60, 137]
[68, 60, 137]
[69, 55, 134]
[68, 60, 136]
[68, 61, 134]
[70, 60, 132]
[70, 59, 133]
[72, 59, 134]
[70, 59, 134]
[70, 59, 134]
[70, 59, 135]
[69, 65, 137]
[65, 67, 137]
[64, 62, 135]
[64, 62, 135]
[66, 61, 134]
[67, 58, 132]
[67, 59, 130]
[69, 56, 131]
[68, 61, 134]
[67, 66, 135]
[66, 61, 134]
[66, 60, 135]
[68, 61, 134]
[69, 66, 135]
[71, 70, 132]
[71, 70, 132]
[72, 75, 133]
[72, 75, 133]
[69, 71, 133]
[71, 70, 132]
[74, 67, 130]
[72, 70, 131]
[72, 66, 131]
[76, 66, 128]
[72, 72, 127]
[69, 74, 128]
[65, 71, 129]
[64, 74, 131]
[67, 69, 130]
[66, 64, 128]
[71, 68, 127]
[71, 69, 126]
[67, 74, 128]
[71, 82, 130]
[71, 82, 131]
[75, 81, 129]
[75, 87, 126]
[75, 84, 125]
[75, 85, 129]
[72, 72, 127]
[71, 72, 127]
[69, 71, 125]
[66, 77, 126]
[64, 76, 127]
[67, 71, 125]
[70, 80, 127]
[71, 85, 126]
[71, 88, 127]
[72, 80, 125]
[71, 72, 128]
[69, 77, 123]
[67, 73, 122]
[65, 74, 124]
[67, 75, 126]
[70, 81, 126]
[71, 90, 125]
[72, 86, 122]
[71, 90, 125]
[74, 85, 123]
[77, 87, 123]
[74, 84, 124]
[72, 85, 123]
[73, 88, 124]
[73, 88, 124]
[71, 85, 126]
[72, 83, 126]
[74, 92, 127]
[76, 97, 126]
[73, 94, 125]
[71, 88, 127]
[71, 74, 124]
[71, 73, 125]
[72, 72, 128]
[72, 72, 128]
[72, 68, 127]
[74, 82, 128]
[74, 82, 128]
[72, 82, 128]
[73, 84, 130]
[73, 84, 130]
[75, 81, 129]
[75, 85, 129]
[77, 80, 127]
[69, 72, 131]
[71, 71, 130]
[71, 70, 131]
[72, 67, 130]
[75, 76, 130]
[75, 77, 129]
[77, 85, 126]
[75, 78, 128]
[70, 49, 134]
[70, 50, 133]
[68, 50, 133]
[69, 55, 134]
[72, 59, 135]
[73, 56, 132]
[73, 50, 132]
[76, 58, 133]
[74, 64, 136]
[76, 62, 135]
[74, 67, 137]
[76, 63, 134]
[76, 66, 136]
[72, 63, 137]
[72, 66, 139]
[72, 58, 137]
[68, 60, 137]
[70, 59, 135]
[70, 59, 135]
[67, 57, 134]
[68, 49, 135]
[68, 60, 137]
[69, 68, 138]
[72, 59, 134]
[72, 59, 135]
[72, 59, 135]
[72, 59, 135]
[70, 59, 135]
[70, 59, 134]
[69, 66, 136]
[64, 62, 136]
[65, 57, 134]
[63, 51, 134]
[65, 57, 134]
[63, 52, 133]
[65, 58, 133]
[66, 53, 131]
[67, 58, 133]
[68, 61, 133]
[64, 64, 132]
[66, 61, 133]
[69, 67, 134]
[71, 68, 135]
[69, 66, 135]
[71, 65, 134]
[69, 70, 135]
[67, 68, 132]
[67, 71, 133]
[71, 70, 132]
[74, 67, 130]
[76, 66, 127]
[72, 71, 130]
[74, 66, 131]
[72, 71, 130]
[69, 72, 131]
[65, 70, 132]
[63, 69, 133]
[66, 63, 129]
[68, 63, 129]
[68, 63, 129]
[69, 69, 130]
[67, 69, 130]
[67, 73, 130]
[70, 78, 130]
[74, 84, 130]
[74, 81, 129]
[75, 84, 130]
[74, 80, 131]
[74, 79, 133]
[72, 71, 129]
[71, 71, 129]
[67, 69, 129]
[67, 69, 129]
[69, 73, 129]
[71, 82, 130]
[74, 83, 126]
[73, 87, 126]
[72, 79, 126]
[71, 69, 126]
[67, 74, 128]
[64, 75, 129]
[65, 73, 126]
[67, 82, 128]
[71, 85, 126]
[71, 85, 126]
[74, 87, 126]
[73, 88, 125]
[76, 95, 124]
[77, 84, 122]
[75, 88, 125]
[74, 84, 124]
[73, 88, 125]
[71, 88, 127]
[68, 81, 126]
[71, 85, 126]
[73, 88, 125]
[73, 93, 126]
[73, 92, 127]
[73, 87, 126]
[70, 82, 124]
[70, 82, 124]
[73, 80, 125]
[71, 74, 124]
[71, 72, 127]
[71, 82, 130]
[74, 82, 128]
[74, 83, 126]
[73, 85, 129]
[73, 83, 132]
[74, 79, 132]
[77, 78, 131]
[75, 80, 131]
[70, 78, 130]
[71, 72, 128]
[69, 73, 129]
[71, 67, 129]
[72, 71, 130]
[75, 75, 132]
[77, 77, 132]
[75, 79, 133]
[73, 54, 136]
[76, 48, 133]
[76, 48, 134]
[72, 58, 137]
[74, 63, 137]
[74, 59, 134]
[76, 54, 133]
[74, 58, 136]
[72, 63, 138]
[74, 58, 136]
[76, 62, 136]
[75, 72, 138]
[77, 71, 137]
[73, 72, 138]
[72, 67, 137]
[71, 67, 138]
[68, 59, 138]
[70, 58, 137]
[69, 54, 136]
[71, 54, 136]
[70, 49, 135]
[72, 58, 137]
[71, 64, 136]
[72, 64, 135]
[72, 64, 135]
[72, 59, 134]
[67, 57, 134]
[70, 59, 135]
[69, 66, 142]
[71, 62, 140]
[70, 59, 133]
[68, 61, 134]
[68, 61, 133]
[70, 61, 130]
[70, 61, 130]
[68, 61, 133]
[68, 51, 130]
[67, 59, 130]
[68, 51, 130]
[65, 58, 133]
[67, 57, 135]
[68, 60, 137]
[72, 63, 137]
[72, 59, 135]
[67, 57, 134]
[69, 56, 132]
[68, 51, 131]
[68, 61, 134]
[74, 65, 134]
[77, 72, 134]
[77, 73, 132]
[77, 74, 131]
[76, 69, 130]
[72, 71, 130]
[72, 62, 128]
[66, 63, 129]
[61, 61, 130]
[65, 59, 129]
[68, 63, 130]
[69, 69, 130]
[71, 68, 128]
[71, 71, 129]
[69, 73, 130]
[72, 76, 130]
[71, 82, 130]
[67, 73, 130]
[71, 67, 129]
[69, 73, 129]
[72, 78, 128]
[71, 72, 127]
[65, 72, 128]
[64, 66, 128]
[69, 70, 127]
[69, 75, 125]
[69, 72, 124]
[71, 73, 125]
[69, 72, 124]
[71, 74, 124]
[69, 71, 125]
[71, 73, 125]
[69, 70, 127]
[66, 75, 130]
[71, 82, 130]
[71, 83, 129]
[73, 92, 127]
[74, 92, 127]
[74, 96, 128]
[75, 101, 129]
[74, 96, 128]
[74, 92, 127]
[73, 88, 125]
[67, 83, 126]
[66, 77, 126]
[64, 77, 126]
[68, 86, 127]
[71, 86, 125]
[72, 84, 124]
[71, 94, 127]
[73, 93, 126]
[71, 94, 127]
[73, 94, 125]
[70, 94, 128]
[68, 86, 127]
[64, 76, 127]
[64, 75, 130]
[67, 69, 129]
[69, 73, 130]
[71, 82, 130]
[71, 82, 130]
[71, 71, 129]
[72, 67, 129]
[72, 70, 131]
[75, 75, 132]
[72, 71, 130]
[72, 71, 130]
[71, 67, 130]
[70, 61, 129]
[68, 62, 131]
[71, 66, 131]
[74, 67, 130]
[73, 49, 134]
[76, 53, 135]
[68, 48, 137]
[71, 54, 138]
[71, 55, 135]
[72, 58, 136]
[69, 54, 138]
[72, 57, 139]
[70, 48, 137]
[72, 57, 139]
[76, 61, 139]
[75, 74, 142]
[77, 77, 139]
[75, 72, 138]
[72, 64, 136]
[71, 67, 137]
[71, 67, 137]
[72, 64, 136]
[74, 58, 136]
[74, 58, 136]
[76, 57, 135]
[74, 59, 135]
[74, 68, 136]
[76, 66, 135]
[76, 66, 135]
[72, 64, 135]
[69, 68, 138]
[70, 59, 134]
[68, 60, 135]
[70, 59, 135]
[69, 69, 137]
[71, 65, 133]
[74, 69, 134]
[74, 65, 133]
[76, 64, 132]
[72, 70, 132]
[70, 61, 130]
[70, 59, 134]
[68, 49, 134]
[67, 57, 134]
[66, 53, 131]
[71, 57, 129]
[74, 61, 130]
[76, 65, 130]
[69, 57, 129]
[71, 57, 129]
[71, 57, 129]
[74, 66, 131]
[80, 65, 129]
[80, 69, 129]
[80, 66, 127]
[76, 70, 128]
[76, 69, 129]
[74, 61, 129]
[72, 61, 130]
[70, 62, 128]
[66, 63, 129]
[67, 70, 128]
[69, 73, 129]
[67, 70, 127]
[71, 72, 128]
[69, 70, 128]
[69, 70, 128]
[71, 71, 130]
[69, 72, 131]
[72, 76, 130]
[69, 73, 129]
[71, 72, 128]
[71, 72, 128]
[72, 77, 129]
[71, 68, 127]
[69, 73, 129]
[67, 74, 128]
[67, 74, 128]
[69, 74, 128]
[69, 71, 125]
[69, 70, 127]
[72, 77, 129]
[75, 76, 130]
[75, 81, 129]
[73, 77, 129]
[74, 83, 126]
[71, 88, 128]
[72, 83, 126]
[71, 88, 127]
[73, 92, 127]
[71, 93, 129]
[73, 87, 126]
[71, 85, 126]
[73, 86, 127]
[73, 87, 126]
[68, 80, 127]
[65, 80, 130]
[69, 83, 129]
[71, 88, 128]
[69, 84, 127]
[72, 84, 125]
[71, 94, 127]
[71, 95, 126]
[73, 95, 124]
[73, 88, 125]
[68, 90, 128]
[67, 90, 128]
[64, 82, 127]
[64, 77, 126]
[65, 72, 128]
[66, 74, 131]
[71, 81, 132]
[72, 76, 131]
[74, 71, 130]
[76, 69, 129]
[74, 68, 128]
[71, 72, 128]
[70, 62, 127]
[74, 61, 129]
[72, 67, 130]
[68, 63, 130]
[69, 57, 129]
[68, 52, 128]
[74, 61, 130]
[76, 66, 136]
[74, 59, 135]
[71, 55, 135]
[74, 58, 136]
[73, 55, 135]
[72, 58, 136]
[74, 59, 135]
[74, 59, 135]
[73, 55, 134]
[74, 58, 137]
[72, 62, 140]
[72, 67, 138]
[72, 64, 136]
[72, 68, 136]
[71, 68, 135]
[71, 64, 135]
[68, 60, 136]
[69, 55, 134]
[70, 49, 135]
[74, 58, 137]
[76, 65, 138]
[74, 63, 137]
[75, 71, 140]
[76, 65, 137]
[74, 63, 137]
[72, 67, 137]
[72, 67, 137]
[71, 63, 138]
[68, 59, 138]
[68, 60, 136]
[72, 59, 134]
[72, 59, 133]
[74, 65, 134]
[76, 66, 135]
[74, 64, 135]
[76, 66, 135]
[71, 67, 137]
[71, 64, 136]
[69, 65, 137]
[72, 59, 133]
[76, 49, 129]
[74, 60, 132]
[76, 63, 133]
[72, 65, 134]
[69, 56, 131]
[70, 61, 130]
[72, 65, 133]
[76, 67, 133]
[74, 65, 133]
[76, 68, 131]
[76, 68, 131]
[74, 67, 129]
[76, 66, 128]
[74, 71, 129]
[76, 66, 128]
[72, 71, 130]
[72, 68, 128]
[72, 72, 128]
[69, 73, 129]
[70, 63, 126]
[68, 64, 127]
[72, 68, 128]
[74, 71, 130]
[74, 68, 128]
[74, 71, 129]
[76, 66, 127]
[74, 68, 127]
[71, 72, 128]
[69, 73, 130]
[71, 68, 127]
[72, 68, 127]
[71, 72, 127]
[71, 69, 126]
[69, 74, 128]
[69, 75, 126]
[71, 71, 122]
[70, 81, 126]
[71, 86, 125]
[71, 86, 125]
[73, 87, 126]
[71, 85, 126]
[73, 80, 125]
[73, 80, 125]
[72, 84, 125]
[73, 86, 127]
[71, 84, 127]
[72, 82, 128]
[70, 79, 129]
[72, 77, 129]
[70, 79, 129]
[69, 75, 126]
[72, 79, 126]
[71, 85, 126]
[74, 87, 126]
[71, 89, 126]
[73, 94, 125]
[71, 95, 126]
[73, 88, 124]
[75, 84, 125]
[75, 88, 125]
[77, 87, 123]
[72, 81, 123]
[67, 73, 122]
[66, 77, 126]
[66, 77, 126]
[63, 73, 125]
[68, 81, 126]
[70, 81, 126]
[69, 74, 128]
[71, 68, 127]
[74, 71, 129]
[74, 67, 129]
[77, 75, 130]
[74, 70, 131]
[74, 70, 131]
[76, 65, 129]
[76, 65, 129]
[72, 70, 132]
[71, 56, 131]
[76, 58, 131]
[74, 67, 137]
[74, 59, 135]
[76, 54, 133]
[73, 55, 134]
[70, 50, 133]
[71, 55, 135]
[74, 58, 137]
[74, 58, 136]
[76, 57, 135]
[74, 64, 136]
[74, 67, 137]
[71, 63, 137]
[69, 63, 141]
[71, 62, 140]
[69, 67, 140]
[70, 58, 136]
[67, 57, 135]
[69, 55, 135]
[69, 55, 135]
[70, 49, 134]
[76, 62, 135]
[74, 64, 135]
[76, 63, 134]
[72, 67, 137]
[72, 67, 137]
[72, 63, 137]
[71, 67, 138]
[71, 64, 136]
[65, 57, 135]
[67, 56, 137]
[68, 49, 134]
[71, 55, 134]
[76, 63, 134]
[74, 65, 133]
[74, 65, 133]
[76, 67, 134]
[71, 64, 136]
[71, 67, 137]
[69, 69, 137]
[72, 60, 132]
[76, 58, 131]
[74, 65, 134]
[76, 67, 134]
[72, 61, 130]
[71, 57, 129]
[72, 60, 132]
[74, 66, 131]
[76, 65, 129]
[74, 66, 131]
[76, 68, 131]
[72, 70, 132]
[74, 67, 130]
[76, 69, 129]
[75, 77, 129]
[76, 70, 127]
[74, 72, 128]
[72, 68, 128]
[72, 72, 127]
[72, 68, 128]
[71, 71, 130]
[70, 61, 129]
[69, 68, 131]
[72, 67, 129]
[74, 71, 129]
[74, 71, 129]
[76, 67, 126]
[76, 72, 124]
[71, 69, 126]
[71, 72, 127]
[69, 70, 128]
[71, 69, 126]
[72, 73, 125]
[69, 75, 125]
[71, 70, 123]
[69, 75, 125]
[71, 71, 122]
[71, 74, 124]
[71, 86, 125]
[71, 86, 124]
[73, 88, 125]
[71, 85, 126]
[74, 84, 125]
[72, 83, 126]
[72, 84, 125]
[72, 84, 125]
[68, 81, 126]
[68, 81, 126]
[68, 81, 126]
[71, 86, 130]
[70, 79, 129]
[69, 70, 127]
[72, 78, 128]
[71, 84, 127]
[74, 84, 125]
[74, 93, 126]
[74, 98, 125]
[74, 98, 125]
[74, 88, 125]
[77, 86, 125]
[75, 84, 125]
[75, 88, 124]
[77, 79, 122]
[72, 74, 124]
[67, 75, 125]
[63, 74, 124]
[67, 83, 126]
[71, 86, 125]
[70, 82, 125]
[72, 79, 126]
[69, 73, 129]
[71, 68, 127]
[75, 79, 126]
[77, 86, 125]
[75, 78, 128]
[74, 72, 128]
[77, 75, 130]
[74, 66, 131]
[76, 68, 131]
[74, 66, 131]
[76, 59, 129]
[69, 56, 132]
[73, 56, 133]
[73, 56, 133]
[76, 49, 129]
[73, 51, 130]
[72, 59, 134]
[69, 68, 138]
[72, 63, 137]
[74, 58, 136]
[74, 59, 135]
[70, 59, 135]
[70, 59, 135]
[66, 51, 134]
[71, 56, 133]
[70, 50, 133]
[71, 56, 133]
[71, 56, 133]
[73, 50, 132]
[76, 54, 133]
[73, 50, 133]
[73, 55, 134]
[76, 57, 134]
[74, 64, 135]
[76, 64, 132]
[76, 64, 132]
[74, 61, 130]
[76, 58, 131]
[71, 56, 133]
[66, 52, 133]
[71, 56, 132]
[71, 56, 133]
[70, 50, 132]
[73, 56, 133]
[74, 61, 130]
[76, 68, 131]
[74, 66, 131]
[72, 65, 133]
[72, 69, 134]
[69, 67, 134]
[70, 60, 132]
[69, 56, 133]
[70, 59, 134]
[74, 68, 135]
[72, 66, 131]
[72, 66, 131]
[74, 70, 131]
[80, 75, 130]
[80, 69, 130]
[74, 70, 131]
[76, 65, 129]
[76, 69, 130]
[74, 67, 129]
[74, 68, 127]
[72, 72, 128]
[71, 67, 129]
[71, 70, 131]
[69, 68, 132]
[71, 70, 132]
[69, 71, 132]
[66, 73, 133]
[64, 73, 132]
[67, 69, 130]
[69, 69, 130]
[72, 71, 129]
[76, 67, 126]
[74, 64, 123]
[72, 72, 127]
[72, 68, 127]
[69, 73, 129]
[72, 68, 127]
[69, 70, 127]
[72, 73, 125]
[69, 71, 125]
[72, 73, 125]
[71, 70, 124]
[71, 74, 124]
[72, 80, 125]
[72, 83, 126]
[71, 84, 127]
[73, 87, 126]
[71, 86, 125]
[72, 80, 124]
[72, 80, 125]
[70, 81, 126]
[71, 88, 127]
[69, 86, 125]
[65, 83, 126]
[68, 82, 124]
[70, 90, 125]
[71, 85, 126]
[72, 84, 125]
[71, 86, 125]
[73, 88, 125]
[74, 84, 124]
[71, 88, 127]
[74, 84, 125]
[74, 84, 124]
[74, 88, 124]
[74, 85, 123]
[72, 75, 122]
[73, 81, 123]
[74, 85, 123]
[72, 81, 123]
[71, 75, 123]
[66, 78, 125]
[69, 86, 125]
[73, 88, 125]
[71, 86, 124]
[72, 84, 124]
[71, 90, 124]
[71, 90, 124]
[72, 84, 124]
[71, 89, 126]
[74, 84, 124]
[72, 80, 125]
[73, 80, 125]
[77, 76, 127]
[73, 77, 129]
[76, 65, 129]
[74, 70, 132]
[68, 49, 135]
[73, 55, 135]
[76, 57, 134]
[76, 57, 134]
[74, 64, 135]
[76, 63, 134]
[76, 62, 135]
[72, 67, 137]
[72, 67, 137]
[71, 56, 133]
[70, 51, 131]
[72, 59, 133]
[76, 48, 132]
[73, 55, 134]
[71, 55, 134]
[70, 51, 131]
[73, 51, 131]
[76, 55, 131]
[73, 55, 134]
[76, 48, 133]
[80, 53, 134]
[80, 58, 133]
[80, 63, 133]
[80, 63, 133]
[74, 68, 135]
[76, 63, 133]
[74, 59, 133]
[76, 54, 132]
[72, 59, 134]
[72, 59, 134]
[73, 50, 132]
[73, 56, 132]
[76, 49, 130]
[73, 56, 131]
[71, 56, 131]
[74, 61, 130]
[74, 69, 134]
[76, 63, 134]
[71, 64, 136]
[70, 59, 134]
[68, 50, 132]
[71, 56, 131]
[72, 66, 131]
[72, 70, 132]
[75, 75, 133]
[75, 79, 133]
[77, 81, 132]
[77, 78, 131]
[76, 69, 130]
[74, 70, 132]
[76, 65, 130]
[74, 70, 132]
[76, 68, 131]
[75, 75, 132]
[75, 76, 130]
[71, 72, 127]
[71, 68, 127]
[69, 73, 130]
[69, 72, 131]
[67, 69, 129]
[67, 73, 129]
[69, 70, 128]
[69, 73, 129]
[72, 69, 126]
[74, 70, 124]
[74, 70, 123]
[74, 65, 122]
[70, 63, 125]
[68, 65, 126]
[71, 70, 124]
[71, 70, 124]
[72, 73, 125]
[72, 73, 125]
[72, 72, 127]
[74, 73, 125]
[72, 70, 124]
[71, 72, 127]
[67, 72, 124]
[68, 86, 127]
[71, 84, 127]
[70, 79, 129]
[71, 72, 127]
[69, 74, 128]
[67, 71, 125]
[72, 80, 125]
[71, 86, 124]
[70, 83, 123]
[72, 81, 123]
[70, 81, 126]
[72, 80, 124]
[71, 89, 126]
[72, 84, 125]
[77, 86, 125]
[75, 84, 125]
[72, 80, 124]
[72, 80, 124]
[72, 84, 124]
[72, 85, 123]
[70, 83, 123]
[72, 81, 123]
[71, 75, 123]
[70, 82, 125]
[70, 82, 125]
[67, 84, 125]
[63, 75, 123]
[70, 82, 124]
[72, 86, 121]
[72, 84, 119]
[71, 93, 121]
[72, 88, 119]
[72, 86, 122]
[71, 90, 125]
[72, 85, 123]
[71, 91, 123]
[71, 87, 123]
[71, 75, 122]
[73, 81, 123]
[75, 86, 122]
[77, 84, 122]
[75, 79, 126]
[74, 64, 135]
[76, 63, 134]
[74, 67, 137]
[80, 66, 136]
[80, 66, 135]
[80, 67, 134]
[76, 67, 134]
[76, 63, 133]
[74, 68, 135]
[72, 59, 133]
[71, 56, 133]
[74, 59, 134]
[76, 49, 131]
[71, 56, 133]
[70, 49, 134]
[72, 58, 136]
[72, 58, 136]
[70, 49, 134]
[71, 55, 134]
[70, 50, 132]
[76, 54, 133]
[74, 59, 134]
[80, 49, 130]
[80, 55, 131]
[76, 57, 134]
[76, 62, 136]
[74, 67, 138]
[74, 59, 135]
[76, 58, 131]
[74, 60, 132]
[76, 63, 134]
[74, 65, 134]
[76, 55, 131]
[74, 46, 127]
[66, 48, 128]
[70, 51, 130]
[73, 51, 130]
[74, 61, 130]
[73, 57, 129]
[71, 57, 129]
[71, 57, 129]
[72, 66, 131]
[72, 70, 132]
[74, 66, 131]
[76, 65, 130]
[72, 70, 132]
[71, 70, 132]
[72, 70, 132]
[75, 75, 133]
[75, 75, 133]
[75, 75, 132]
[73, 76, 131]
[74, 72, 128]
[75, 77, 129]
[77, 78, 130]
[75, 76, 131]
[72, 69, 126]
[72, 72, 127]
[71, 68, 127]
[72, 78, 128]
[72, 77, 129]
[75, 78, 128]
[77, 78, 124]
[75, 80, 125]
[77, 76, 127]
[72, 72, 127]
[71, 72, 127]
[71, 69, 126]
[69, 60, 124]
[68, 66, 124]
[71, 70, 124]
[72, 70, 124]
[72, 70, 124]
[72, 74, 124]
[71, 70, 123]
[72, 65, 122]
[67, 63, 122]
[71, 70, 123]
[70, 65, 122]
[70, 82, 124]
[71, 87, 123]
[71, 77, 120]
[71, 75, 122]
[69, 72, 124]
[71, 74, 124]
[70, 81, 126]
[73, 87, 126]
[71, 85, 126]
[71, 88, 127]
[72, 80, 125]
[72, 80, 125]
[70, 81, 126]
[77, 87, 123]
[75, 88, 119]
[75, 91, 120]
[74, 95, 123]
[74, 89, 123]
[74, 88, 124]
[71, 90, 124]
[72, 82, 122]
[71, 86, 124]
[72, 85, 123]
[73, 90, 122]
[68, 84, 122]
[67, 77, 122]
[69, 76, 124]
[69, 73, 123]
[69, 75, 125]
[72, 80, 125]
[71, 85, 126]
[71, 90, 125]
[71, 87, 123]
[71, 87, 123]
[69, 87, 123]
[71, 90, 124]
[71, 86, 124]
[71, 90, 125]
[72, 85, 123]
[71, 86, 124]
[73, 87, 126]
[76, 63, 133]
[80, 72, 134]
[77, 72, 134]
[80, 73, 132]
[76, 64, 132]
[76, 66, 136]
[76, 65, 138]
[74, 63, 137]
[74, 64, 135]
[72, 67, 137]
[72, 64, 136]
[74, 59, 135]
[76, 48, 132]
[71, 56, 133]
[71, 56, 132]
[72, 61, 130]
[71, 56, 131]
[71, 56, 132]
[70, 50, 133]
[71, 55, 135]
[70, 50, 133]
[73, 56, 133]
[73, 50, 132]
[76, 55, 131]
[76, 55, 131]
[72, 61, 130]
[71, 65, 133]
[72, 59, 133]
[74, 59, 133]
[76, 59, 129]
[74, 66, 131]
[76, 59, 129]
[80, 58, 131]
[74, 45, 129]
[66, 47, 130]
[66, 47, 130]
[70, 51, 130]
[74, 59, 133]
[74, 61, 130]
[72, 61, 129]
[72, 66, 131]
[72, 66, 131]
[72, 70, 132]
[72, 65, 133]
[72, 66, 131]
[72, 70, 131]
[69, 69, 129]
[72, 72, 128]
[77, 75, 129]
[72, 71, 130]
[73, 75, 132]
[73, 75, 132]
[72, 67, 129]
[75, 76, 131]
[77, 75, 129]
[73, 76, 130]
[72, 67, 129]
[72, 71, 130]
[72, 67, 129]
[71, 72, 128]
[74, 68, 127]
[75, 76, 130]
[75, 80, 130]
[77, 80, 127]
[75, 78, 128]
[72, 74, 124]
[69, 75, 126]
[71, 73, 125]
[70, 64, 123]
[68, 66, 123]
[69, 61, 121]
[69, 72, 124]
[69, 75, 126]
[71, 70, 123]
[69, 75, 125]
[71, 70, 124]
[68, 66, 124]
[71, 70, 123]
[71, 75, 123]
[70, 82, 125]
[71, 85, 126]
[72, 80, 125]
[69, 72, 124]
[71, 75, 123]
[71, 70, 123]
[67, 82, 127]
[69, 85, 126]
[71, 88, 127]
[73, 87, 126]
[70, 82, 125]
[72, 81, 123]
[70, 84, 122]
[73, 90, 122]
[74, 86, 121]
[74, 89, 123]
[74, 95, 124]
[76, 94, 125]
[76, 94, 125]
[71, 85, 126]
[73, 88, 125]
[74, 88, 124]
[74, 85, 123]
[71, 87, 123]
[73, 91, 120]
[72, 88, 119]
[69, 77, 122]
[68, 83, 123]
[68, 82, 125]
[72, 84, 124]
[71, 88, 122]
[73, 88, 124]
[71, 86, 125]
[70, 81, 126]
[67, 83, 126]
[68, 89, 123]
[71, 89, 120]
[71, 93, 121]
[73, 97, 121]
[72, 88, 119]
[70, 93, 121]
H	tG3.04603G71.1051
MS	tG9.6083G72.0333
V	tG3.40869G130.714
