[74, 60, 132]
[76, 55, 130]
[76, 55, 131]
[74, 59, 133]
[76, 55, 131]
[72, 59, 133]
[70, 59, 135]
[70, 58, 136]
[66, 51, 136]
[69, 55, 135]
[68, 60, 137]
[72, 59, 135]
[72, 70, 132]
[72, 66, 131]
[77, 73, 132]
[74, 70, 132]
[74, 65, 133]
[73, 56, 132]
[72, 59, 133]
[74, 59, 133]
[76, 59, 129]
[80, 65, 130]
[80, 64, 132]
[76, 67, 134]
[76, 67, 134]
[74, 64, 135]
[72, 65, 134]
[72, 60, 132]
[72, 65, 133]
[74, 65, 133]
[76, 64, 132]
[74, 70, 132]
[74, 66, 131]
[74, 70, 132]
[76, 64, 132]
[76, 68, 131]
[74, 69, 134]
[74, 66, 131]
[75, 79, 133]
[77, 74, 131]
[74, 71, 130]
[71, 71, 130]
[71, 67, 130]
[69, 71, 132]
[72, 67, 130]
[80, 69, 129]
[80, 69, 129]
[77, 76, 128]
[77, 76, 128]
[73, 77, 129]
[72, 72, 128]
[73, 77, 129]
[75, 81, 129]
[74, 81, 129]
[77, 80, 128]
[75, 84, 130]
[74, 80, 131]
[71, 71, 130]
[72, 67, 129]
[72, 72, 128]
[72, 68, 127]
[75, 81, 129]
[77, 85, 126]
[77, 92, 125]
[77, 91, 126]
[77, 92, 125]
[76, 92, 127]
[76, 92, 127]
[77, 86, 125]
[75, 84, 125]
[72, 80, 125]
[72, 79, 126]
[72, 83, 126]
[70, 81, 126]
[72, 80, 125]
[68, 82, 125]
[73, 87, 126]
[70, 81, 126]
[71, 72, 127]
[69, 74, 128]
[67, 74, 128]
[70, 79, 129]
[72, 83, 126]
[74, 87, 126]
[77, 86, 125]
[75, 80, 125]
[71, 72, 127]
[72, 77, 129]
[71, 83, 129]
[73, 86, 127]
[72, 83, 126]
[70, 81, 126]
[72, 84, 125]
[74, 84, 125]
[72, 84, 125]
[73, 88, 125]
[74, 87, 126]
[72, 84, 125]
[71, 88, 128]
[68, 86, 128]
[66, 86, 128]
[65, 90, 128]
[69, 95, 129]
[71, 90, 125]
[73, 87, 126]
[71, 94, 128]
[71, 94, 128]
[73, 92, 127]
[73, 87, 126]
[68, 80, 127]
[66, 77, 126]
[66, 77, 126]
[65, 82, 127]
[67, 82, 127]
[68, 81, 126]
[70, 80, 127]
[69, 75, 125]
[72, 80, 125]
[74, 84, 125]
[74, 84, 125]
[73, 52, 128]
[76, 56, 128]
[73, 51, 130]
[76, 58, 131]
[74, 65, 133]
[76, 63, 134]
[74, 64, 136]
[70, 58, 136]
[66, 51, 135]
[70, 58, 136]
[71, 64, 135]
[72, 65, 133]
[69, 70, 135]
[71, 65, 133]
[72, 68, 136]
[74, 67, 138]
[76, 66, 136]
[74, 59, 135]
[71, 56, 133]
[72, 59, 133]
[76, 63, 133]
[80, 64, 132]
[80, 64, 132]
[76, 68, 131]
[76, 68, 131]
[74, 66, 131]
[72, 69, 134]
[71, 56, 132]
[71, 64, 135]
[72, 65, 133]
[74, 65, 133]
[72, 70, 132]
[77, 73, 132]
[75, 75, 133]
[76, 68, 131]
[74, 70, 131]
[72, 70, 131]
[72, 67, 130]
[74, 71, 130]
[77, 75, 130]
[74, 70, 131]
[71, 70, 132]
[69, 68, 132]
[72, 70, 132]
[75, 76, 131]
[77, 76, 127]
[80, 76, 128]
[77, 79, 129]
[77, 74, 131]
[72, 70, 131]
[72, 67, 130]
[72, 71, 129]
[72, 72, 128]
[74, 80, 131]
[77, 79, 129]
[75, 85, 129]
[75, 82, 128]
[72, 72, 127]
[71, 72, 128]
[71, 68, 128]
[72, 71, 129]
[72, 68, 127]
[77, 80, 127]
[75, 86, 127]
[77, 86, 125]
[76, 92, 128]
[77, 91, 126]
[76, 92, 127]
[77, 86, 125]
[75, 87, 126]
[73, 80, 125]
[72, 79, 126]
[70, 79, 129]
[72, 78, 128]
[71, 84, 127]
[72, 84, 125]
[72, 84, 125]
[71, 88, 127]
[72, 83, 126]
[70, 80, 127]
[69, 84, 127]
[71, 85, 126]
[72, 84, 125]
[74, 87, 126]
[77, 85, 126]
[73, 78, 128]
[72, 78, 128]
[72, 77, 129]
[72, 82, 128]
[70, 80, 127]
[72, 83, 126]
[70, 79, 129]
[72, 82, 128]
[74, 84, 125]
[71, 88, 127]
[73, 88, 125]
[74, 88, 125]
[74, 84, 125]
[73, 88, 125]
[68, 82, 125]
[68, 86, 127]
[66, 86, 127]
[71, 88, 127]
[71, 94, 128]
[73, 87, 126]
[71, 95, 126]
[71, 95, 126]
[70, 88, 127]
[69, 85, 126]
[70, 88, 127]
[71, 89, 126]
[69, 86, 124]
[70, 89, 126]
[68, 84, 130]
[70, 88, 128]
[71, 85, 126]
[70, 81, 126]
[72, 80, 125]
[74, 84, 125]
[74, 87, 126]
[70, 50, 132]
[73, 56, 133]
[76, 54, 132]
[80, 58, 133]
[74, 64, 135]
[76, 58, 133]
[76, 54, 133]
[73, 55, 134]
[68, 50, 133]
[68, 60, 137]
[69, 65, 138]
[71, 64, 135]
[72, 69, 134]
[72, 65, 134]
[71, 65, 134]
[72, 65, 134]
[74, 67, 137]
[80, 65, 138]
[74, 67, 138]
[76, 58, 132]
[76, 63, 133]
[74, 69, 134]
[74, 70, 132]
[76, 68, 131]
[76, 67, 133]
[72, 65, 133]
[68, 50, 132]
[69, 56, 133]
[66, 51, 134]
[70, 59, 133]
[74, 65, 133]
[72, 65, 133]
[76, 67, 133]
[72, 65, 133]
[76, 58, 131]
[72, 60, 132]
[68, 51, 130]
[69, 56, 131]
[66, 53, 129]
[70, 61, 130]
[69, 68, 132]
[72, 75, 133]
[69, 68, 132]
[72, 70, 131]
[75, 75, 133]
[75, 79, 132]
[77, 78, 130]
[75, 84, 131]
[71, 71, 129]
[71, 71, 129]
[74, 68, 127]
[74, 72, 127]
[72, 69, 126]
[71, 72, 127]
[73, 77, 129]
[75, 77, 129]
[77, 76, 128]
[73, 76, 130]
[72, 71, 129]
[73, 77, 129]
[72, 72, 127]
[74, 82, 128]
[77, 80, 128]
[75, 85, 129]
[75, 83, 126]
[74, 87, 126]
[75, 84, 125]
[74, 86, 127]
[73, 86, 127]
[72, 84, 125]
[73, 81, 123]
[73, 80, 124]
[73, 80, 125]
[73, 80, 125]
[71, 88, 127]
[72, 84, 125]
[71, 83, 129]
[72, 78, 128]
[71, 82, 130]
[68, 80, 127]
[70, 88, 127]
[71, 85, 126]
[73, 85, 129]
[68, 79, 129]
[71, 73, 125]
[69, 72, 124]
[71, 70, 124]
[70, 78, 131]
[72, 80, 130]
[71, 83, 129]
[72, 83, 126]
[71, 88, 127]
[72, 84, 125]
[71, 88, 128]
[73, 85, 129]
[71, 83, 129]
[72, 83, 126]
[74, 88, 125]
[76, 94, 125]
[73, 94, 125]
[71, 88, 127]
[71, 85, 126]
[73, 86, 127]
[69, 85, 126]
[73, 88, 125]
[71, 95, 126]
[72, 85, 123]
[71, 88, 127]
[73, 87, 126]
[71, 94, 128]
[74, 96, 128]
[74, 93, 126]
[74, 93, 126]
[74, 88, 125]
[74, 85, 123]
[73, 88, 124]
[73, 87, 126]
[75, 84, 124]
[75, 85, 123]
[73, 94, 125]
[66, 53, 131]
[73, 56, 132]
[76, 49, 131]
[71, 55, 134]
[70, 48, 137]
[71, 54, 136]
[73, 49, 135]
[73, 55, 135]
[70, 50, 133]
[70, 59, 135]
[72, 64, 135]
[74, 65, 134]
[76, 67, 134]
[74, 65, 133]
[74, 69, 134]
[74, 65, 134]
[74, 64, 135]
[80, 66, 135]
[80, 63, 133]
[76, 67, 133]
[76, 64, 132]
[74, 69, 134]
[74, 69, 134]
[72, 59, 133]
[68, 61, 134]
[70, 59, 133]
[69, 56, 132]
[67, 57, 134]
[68, 50, 133]
[67, 57, 135]
[72, 59, 134]
[72, 65, 133]
[74, 69, 134]
[74, 61, 130]
[76, 51, 126]
[71, 58, 128]
[67, 59, 130]
[68, 52, 128]
[69, 57, 129]
[72, 67, 130]
[74, 67, 130]
[72, 70, 131]
[74, 67, 130]
[72, 70, 132]
[72, 66, 131]
[72, 75, 132]
[70, 77, 132]
[72, 80, 131]
[69, 73, 130]
[67, 69, 129]
[69, 68, 132]
[72, 66, 131]
[77, 75, 130]
[73, 76, 130]
[74, 80, 130]
[75, 78, 128]
[75, 86, 127]
[74, 83, 126]
[74, 85, 129]
[74, 82, 128]
[74, 82, 128]
[74, 86, 127]
[76, 92, 128]
[74, 85, 129]
[74, 85, 129]
[74, 82, 128]
[72, 82, 128]
[73, 86, 127]
[74, 92, 127]
[74, 92, 127]
[74, 84, 125]
[73, 79, 126]
[70, 79, 129]
[72, 77, 129]
[72, 77, 129]
[74, 81, 129]
[75, 85, 129]
[71, 72, 127]
[65, 72, 128]
[66, 75, 129]
[65, 80, 130]
[68, 78, 131]
[63, 71, 130]
[66, 75, 130]
[65, 71, 129]
[69, 74, 128]
[69, 70, 127]
[72, 76, 131]
[70, 78, 131]
[73, 86, 127]
[71, 91, 131]
[73, 93, 132]
[73, 90, 130]
[71, 84, 127]
[69, 75, 125]
[69, 75, 125]
[69, 72, 131]
[70, 78, 131]
[71, 83, 129]
[73, 86, 127]
[71, 88, 127]
[69, 85, 126]
[68, 89, 129]
[71, 85, 126]
[72, 84, 125]
[71, 88, 127]
[73, 87, 126]
[71, 85, 126]
[71, 85, 126]
[74, 86, 127]
[74, 92, 127]
[73, 92, 127]
[71, 94, 128]
[74, 92, 127]
[76, 92, 127]
[72, 84, 125]
[72, 84, 125]
[74, 93, 126]
[72, 84, 125]
[73, 85, 129]
[66, 52, 133]
[69, 56, 132]
[66, 52, 133]
[70, 59, 135]
[69, 65, 138]
[72, 67, 138]
[76, 65, 137]
[74, 64, 136]
[76, 57, 134]
[74, 59, 135]
[74, 64, 135]
[76, 63, 133]
[76, 66, 135]
[74, 64, 136]
[72, 59, 135]
[72, 59, 135]
[74, 59, 135]
[72, 59, 135]
[72, 68, 135]
[74, 65, 133]
[76, 64, 132]
[74, 68, 136]
[76, 58, 133]
[72, 59, 134]
[70, 59, 135]
[69, 65, 138]
[67, 68, 138]
[69, 65, 137]
[69, 65, 137]
[71, 68, 135]
[74, 69, 134]
[75, 74, 135]
[75, 82, 134]
[77, 73, 132]
[77, 76, 134]
[74, 69, 134]
[72, 66, 131]
[72, 66, 131]
[74, 70, 131]
[77, 78, 130]
[77, 78, 131]
[75, 79, 132]
[75, 76, 131]
[73, 75, 132]
[71, 70, 132]
[69, 71, 133]
[63, 69, 133]
[65, 68, 135]
[69, 68, 132]
[71, 71, 130]
[69, 68, 131]
[73, 75, 133]
[72, 75, 132]
[72, 76, 131]
[72, 77, 129]
[70, 78, 130]
[71, 71, 129]
[69, 72, 131]
[71, 85, 132]
[72, 82, 128]
[72, 83, 126]
[70, 86, 130]
[69, 82, 131]
[70, 86, 131]
[72, 81, 129]
[71, 85, 132]
[75, 81, 129]
[75, 86, 127]
[75, 87, 126]
[74, 84, 125]
[71, 83, 129]
[72, 82, 128]
[71, 88, 128]
[74, 86, 127]
[70, 80, 127]
[74, 84, 125]
[74, 87, 126]
[72, 80, 124]
[68, 81, 126]
[64, 80, 130]
[67, 80, 130]
[65, 80, 130]
[68, 79, 129]
[69, 82, 130]
[73, 85, 129]
[71, 85, 126]
[73, 87, 126]
[71, 83, 129]
[73, 85, 129]
[69, 83, 129]
[71, 81, 132]
[73, 83, 132]
[73, 83, 132]
[70, 78, 131]
[71, 86, 131]
[72, 83, 126]
[69, 74, 128]
[66, 74, 131]
[65, 71, 130]
[65, 80, 131]
[69, 84, 127]
[69, 85, 126]
[71, 86, 125]
[73, 88, 124]
[77, 87, 123]
[74, 88, 125]
[71, 88, 127]
[66, 78, 125]
[69, 72, 124]
[70, 81, 126]
[71, 85, 126]
[73, 87, 126]
[71, 89, 126]
[68, 82, 125]
[70, 88, 127]
[72, 84, 124]
[71, 90, 125]
[72, 85, 123]
[71, 75, 122]
[70, 82, 124]
[66, 53, 131]
[71, 56, 133]
[70, 50, 132]
[72, 59, 134]
[72, 64, 135]
[72, 68, 135]
[77, 71, 136]
[74, 68, 136]
[76, 62, 135]
[74, 59, 134]
[74, 65, 134]
[76, 63, 133]
[72, 64, 135]
[70, 59, 135]
[70, 59, 135]
[72, 59, 135]
[72, 59, 135]
[70, 59, 135]
[69, 65, 137]
[72, 64, 136]
[76, 66, 136]
[74, 67, 137]
[76, 57, 134]
[72, 59, 135]
[70, 59, 135]
[66, 60, 137]
[67, 65, 138]
[69, 65, 137]
[69, 65, 137]
[73, 73, 136]
[75, 74, 135]
[75, 79, 133]
[75, 81, 136]
[77, 76, 134]
[77, 79, 135]
[77, 72, 134]
[72, 65, 133]
[72, 68, 135]
[77, 73, 132]
[75, 75, 133]
[77, 73, 132]
[75, 75, 132]
[73, 75, 132]
[73, 75, 133]
[72, 75, 133]
[67, 71, 133]
[64, 73, 133]
[65, 70, 131]
[69, 69, 130]
[72, 71, 130]
[73, 75, 132]
[73, 76, 130]
[69, 70, 128]
[71, 72, 127]
[71, 68, 128]
[69, 73, 130]
[71, 68, 127]
[69, 73, 130]
[70, 78, 131]
[72, 81, 129]
[71, 85, 132]
[69, 82, 131]
[68, 86, 133]
[69, 82, 130]
[72, 82, 128]
[73, 87, 126]
[75, 88, 125]
[75, 87, 126]
[75, 86, 127]
[72, 79, 126]
[71, 84, 127]
[72, 84, 125]
[74, 88, 125]
[74, 88, 125]
[70, 81, 126]
[72, 78, 128]
[70, 78, 130]
[72, 77, 129]
[65, 72, 128]
[66, 75, 130]
[64, 75, 130]
[68, 78, 130]
[71, 88, 128]
[72, 84, 125]
[73, 87, 126]
[71, 84, 127]
[73, 86, 127]
[71, 85, 126]
[69, 85, 126]
[70, 88, 127]
[71, 88, 127]
[71, 84, 127]
[68, 80, 127]
[67, 82, 128]
[71, 83, 129]
[71, 88, 128]
[71, 85, 126]
[67, 75, 125]
[64, 75, 129]
[65, 71, 129]
[68, 79, 129]
[71, 85, 126]
[72, 84, 125]
[75, 88, 125]
[77, 86, 124]
[74, 87, 126]
[69, 84, 127]
[66, 76, 127]
[66, 77, 126]
[70, 82, 125]
[72, 85, 123]
[73, 88, 124]
[73, 87, 126]
[68, 81, 126]
[70, 81, 126]
[71, 85, 126]
[71, 88, 127]
[72, 80, 125]
[72, 80, 125]
[70, 80, 127]
[72, 59, 133]
[72, 59, 134]
[76, 58, 131]
[74, 65, 134]
[76, 66, 135]
[74, 64, 135]
[74, 64, 135]
[76, 67, 133]
[76, 64, 132]
[76, 67, 134]
[76, 63, 133]
[72, 59, 134]
[68, 50, 133]
[67, 56, 136]
[69, 54, 136]
[72, 58, 137]
[70, 58, 136]
[72, 59, 135]
[74, 64, 136]
[74, 67, 137]
[76, 62, 135]
[74, 67, 137]
[74, 59, 135]
[72, 59, 135]
[68, 60, 136]
[70, 59, 134]
[71, 64, 135]
[69, 66, 136]
[69, 69, 137]
[71, 64, 136]
[69, 65, 137]
[72, 68, 136]
[74, 64, 135]
[74, 68, 135]
[76, 63, 134]
[74, 68, 135]
[74, 68, 135]
[74, 66, 131]
[74, 66, 131]
[77, 73, 132]
[74, 66, 131]
[72, 70, 131]
[72, 67, 129]
[72, 70, 131]
[71, 70, 131]
[72, 67, 130]
[72, 76, 131]
[72, 76, 131]
[72, 70, 131]
[75, 75, 133]
[75, 75, 132]
[77, 78, 131]
[72, 80, 131]
[74, 80, 130]
[73, 76, 130]
[71, 71, 129]
[69, 73, 130]
[73, 78, 128]
[73, 78, 128]
[71, 72, 127]
[72, 77, 129]
[70, 78, 130]
[68, 79, 129]
[66, 75, 129]
[64, 75, 130]
[71, 82, 130]
[73, 90, 130]
[74, 86, 127]
[71, 85, 126]
[72, 80, 125]
[71, 85, 126]
[74, 83, 126]
[75, 86, 127]
[75, 84, 125]
[72, 78, 128]
[72, 77, 129]
[70, 78, 130]
[71, 73, 125]
[69, 74, 128]
[65, 71, 129]
[65, 70, 131]
[70, 78, 130]
[73, 85, 129]
[74, 95, 129]
[73, 96, 128]
[73, 90, 130]
[69, 82, 130]
[70, 86, 131]
[69, 84, 127]
[69, 86, 125]
[73, 85, 129]
[68, 79, 129]
[66, 84, 131]
[67, 79, 132]
[67, 80, 131]
[69, 84, 127]
[71, 74, 124]
[69, 75, 126]
[69, 74, 128]
[71, 69, 126]
[72, 79, 126]
[71, 85, 126]
[71, 84, 127]
[73, 87, 126]
[72, 84, 124]
[68, 82, 125]
[65, 73, 125]
[67, 75, 125]
[67, 76, 124]
[70, 81, 126]
[73, 87, 126]
[71, 84, 127]
[71, 85, 126]
[73, 87, 126]
[72, 78, 128]
[67, 74, 128]
[67, 82, 128]
[67, 82, 127]
[69, 77, 123]
[69, 73, 122]
[74, 60, 132]
[71, 56, 133]
[76, 57, 134]
[74, 59, 134]
[76, 58, 133]
[74, 59, 134]
[74, 67, 137]
[76, 62, 135]
[74, 64, 135]
[76, 58, 132]
[72, 59, 135]
[72, 58, 136]
[66, 51, 134]
[69, 55, 134]
[68, 50, 133]
[67, 56, 137]
[66, 51, 136]
[72, 59, 135]
[72, 63, 137]
[72, 67, 137]
[72, 67, 137]
[72, 64, 136]
[70, 59, 135]
[70, 59, 135]
[66, 52, 133]
[70, 59, 133]
[68, 60, 135]
[69, 56, 133]
[68, 60, 135]
[70, 59, 134]
[71, 68, 136]
[71, 64, 136]
[74, 68, 136]
[74, 65, 133]
[72, 70, 132]
[72, 66, 131]
[72, 70, 132]
[74, 65, 133]
[75, 73, 136]
[77, 72, 134]
[75, 79, 133]
[77, 78, 131]
[76, 69, 130]
[74, 70, 132]
[76, 65, 130]
[74, 71, 130]
[77, 79, 129]
[75, 80, 130]
[77, 82, 130]
[75, 82, 128]
[75, 84, 130]
[77, 79, 129]
[74, 83, 132]
[74, 80, 131]
[75, 76, 130]
[73, 76, 130]
[77, 82, 130]
[75, 82, 128]
[77, 86, 125]
[74, 84, 125]
[73, 86, 127]
[71, 83, 129]
[73, 84, 130]
[68, 79, 129]
[65, 80, 131]
[68, 79, 129]
[71, 86, 130]
[72, 81, 129]
[69, 74, 128]
[71, 73, 125]
[69, 72, 124]
[73, 80, 125]
[75, 82, 128]
[73, 79, 126]
[73, 79, 126]
[72, 79, 126]
[72, 78, 128]
[69, 74, 128]
[69, 70, 127]
[66, 75, 129]
[66, 84, 130]
[71, 82, 130]
[73, 89, 132]
[74, 90, 131]
[73, 90, 130]
[69, 84, 127]
[69, 83, 129]
[68, 78, 130]
[68, 78, 130]
[71, 82, 130]
[73, 84, 131]
[71, 82, 130]
[71, 86, 131]
[69, 82, 130]
[66, 84, 131]
[67, 73, 129]
[67, 70, 127]
[69, 74, 128]
[71, 86, 130]
[72, 82, 128]
[72, 82, 128]
[71, 84, 127]
[72, 83, 126]
[70, 88, 128]
[67, 82, 128]
[66, 76, 127]
[69, 74, 128]
[72, 84, 125]
[72, 85, 123]
[66, 78, 124]
[65, 82, 127]
[69, 84, 127]
[72, 83, 126]
[71, 88, 127]
[72, 84, 125]
[68, 82, 125]
[67, 82, 127]
[64, 77, 126]
[67, 75, 126]
[69, 71, 125]
[73, 56, 132]
[73, 56, 131]
[76, 49, 130]
[74, 60, 132]
[73, 56, 131]
[76, 54, 132]
[76, 53, 135]
[80, 56, 136]
[80, 65, 137]
[80, 62, 135]
[76, 66, 135]
[71, 64, 136]
[67, 57, 135]
[69, 55, 134]
[71, 55, 134]
[72, 59, 135]
[74, 59, 135]
[76, 57, 134]
[71, 64, 136]
[70, 58, 136]
[74, 59, 134]
[74, 65, 134]
[76, 62, 135]
[72, 68, 135]
[72, 65, 134]
[71, 56, 132]
[68, 51, 131]
[71, 56, 131]
[69, 56, 131]
[72, 66, 131]
[76, 64, 132]
[74, 69, 134]
[71, 69, 134]
[71, 66, 131]
[69, 68, 132]
[71, 70, 132]
[72, 66, 131]
[75, 75, 133]
[77, 78, 131]
[75, 79, 133]
[77, 81, 132]
[75, 80, 131]
[77, 79, 129]
[80, 84, 128]
[75, 84, 130]
[77, 76, 128]
[77, 76, 128]
[75, 80, 130]
[75, 83, 132]
[77, 79, 129]
[74, 71, 129]
[71, 71, 129]
[71, 70, 131]
[72, 67, 130]
[74, 70, 131]
[73, 76, 131]
[75, 77, 129]
[74, 82, 128]
[73, 85, 129]
[72, 77, 129]
[71, 86, 130]
[72, 83, 126]
[71, 88, 128]
[72, 83, 126]
[72, 82, 128]
[71, 86, 131]
[71, 86, 131]
[72, 82, 128]
[71, 86, 130]
[72, 79, 126]
[72, 70, 124]
[71, 73, 125]
[71, 73, 125]
[73, 80, 125]
[73, 87, 126]
[72, 84, 124]
[72, 84, 125]
[67, 74, 128]
[66, 75, 129]
[69, 85, 126]
[69, 85, 126]
[71, 88, 127]
[71, 86, 130]
[72, 81, 129]
[71, 86, 130]
[72, 84, 125]
[71, 88, 127]
[72, 82, 128]
[71, 86, 130]
[73, 85, 129]
[73, 86, 127]
[73, 79, 126]
[73, 86, 127]
[72, 83, 126]
[69, 84, 127]
[70, 86, 130]
[69, 82, 130]
[68, 78, 130]
[71, 82, 130]
[71, 86, 131]
[73, 86, 127]
[71, 85, 126]
[73, 87, 126]
[68, 81, 126]
[70, 81, 126]
[70, 81, 126]
[72, 84, 125]
[72, 79, 126]
[72, 78, 128]
[68, 80, 127]
[72, 79, 126]
[70, 81, 126]
[72, 80, 125]
[73, 80, 125]
[73, 87, 126]
[72, 84, 124]
[68, 81, 126]
[68, 79, 129]
[70, 79, 129]
[70, 78, 130]
[73, 56, 131]
[73, 56, 133]
[76, 58, 133]
[74, 59, 134]
[73, 56, 133]
[76, 58, 133]
[74, 59, 135]
[80, 57, 134]
[80, 66, 135]
[80, 63, 133]
[76, 66, 135]
[72, 65, 134]
[67, 57, 134]
[71, 55, 134]
[72, 59, 135]
[74, 59, 134]
[74, 64, 135]
[76, 63, 134]
[72, 59, 134]
[72, 59, 134]
[74, 64, 135]
[74, 59, 135]
[76, 66, 136]
[72, 64, 135]
[74, 65, 134]
[72, 59, 133]
[68, 51, 130]
[72, 61, 130]
[70, 61, 130]
[72, 65, 133]
[76, 63, 133]
[74, 69, 134]
[71, 70, 132]
[71, 66, 131]
[69, 68, 132]
[71, 70, 132]
[72, 66, 131]
[73, 75, 133]
[73, 75, 132]
[73, 75, 132]
[73, 75, 132]
[74, 79, 133]
[75, 79, 133]
[77, 81, 132]
[77, 81, 132]
[75, 75, 132]
[77, 78, 130]
[75, 80, 131]
[75, 80, 131]
[77, 75, 129]
[71, 72, 128]
[71, 68, 127]
[69, 73, 130]
[72, 68, 127]
[72, 72, 128]
[73, 77, 129]
[74, 84, 130]
[74, 80, 130]
[70, 78, 130]
[71, 72, 128]
[73, 78, 128]
[72, 82, 128]
[73, 85, 129]
[71, 83, 129]
[71, 86, 130]
[72, 83, 126]
[71, 86, 130]
[72, 83, 126]
[72, 84, 125]
[74, 84, 125]
[72, 72, 127]
[71, 72, 127]
[69, 74, 128]
[72, 78, 128]
[71, 88, 128]
[72, 84, 125]
[71, 85, 126]
[68, 81, 126]
[63, 73, 126]
[68, 78, 130]
[71, 82, 130]
[71, 83, 129]
[71, 88, 128]
[72, 84, 125]
[71, 88, 127]
[72, 84, 124]
[72, 84, 125]
[74, 92, 127]
[71, 94, 128]
[73, 87, 126]
[74, 84, 130]
[73, 76, 130]
[70, 78, 130]
[72, 81, 129]
[69, 84, 127]
[70, 88, 127]
[69, 84, 127]
[67, 82, 128]
[68, 86, 128]
[69, 84, 127]
[73, 85, 129]
[71, 84, 127]
[71, 88, 128]
[72, 80, 125]
[72, 79, 126]
[70, 80, 127]
[72, 80, 125]
[72, 80, 125]
[72, 84, 125]
[70, 81, 126]
[72, 80, 125]
[70, 81, 126]
[71, 71, 122]
[73, 81, 123]
[73, 88, 124]
[72, 84, 125]
[73, 87, 126]
[71, 85, 126]
[72, 84, 125]
[70, 81, 126]
[76, 67, 134]
[74, 65, 134]
[76, 54, 132]
[73, 55, 134]
[73, 55, 134]
[80, 57, 134]
[73, 50, 133]
[76, 56, 136]
[74, 62, 140]
[80, 61, 137]
[74, 67, 138]
[76, 63, 133]
[76, 64, 132]
[74, 70, 132]
[74, 70, 132]
[76, 58, 131]
[76, 58, 133]
[72, 58, 136]
[72, 58, 136]
[74, 58, 136]
[74, 63, 138]
[74, 67, 138]
[72, 68, 136]
[71, 65, 134]
[69, 66, 136]
[72, 67, 137]
[72, 67, 137]
[72, 64, 136]
[69, 68, 138]
[71, 64, 135]
[72, 68, 136]
[72, 65, 134]
[74, 68, 135]
[74, 65, 133]
[76, 64, 132]
[74, 68, 135]
[76, 63, 133]
[74, 69, 134]
[72, 65, 133]
[71, 70, 132]
[69, 68, 132]
[72, 70, 131]
[76, 65, 129]
[74, 70, 132]
[74, 70, 131]
[74, 80, 131]
[73, 83, 132]
[74, 80, 131]
[75, 80, 130]
[77, 82, 130]
[71, 71, 130]
[71, 67, 129]
[69, 71, 132]
[72, 66, 131]
[72, 67, 130]
[75, 76, 130]
[75, 84, 130]
[72, 81, 129]
[70, 78, 130]
[71, 72, 127]
[73, 77, 129]
[74, 81, 129]
[71, 86, 131]
[74, 80, 130]
[75, 84, 131]
[74, 90, 131]
[76, 92, 128]
[74, 92, 128]
[71, 93, 129]
[74, 86, 127]
[74, 87, 126]
[74, 88, 124]
[73, 81, 123]
[73, 80, 125]
[72, 80, 125]
[72, 78, 128]
[71, 86, 130]
[69, 83, 129]
[66, 75, 130]
[64, 75, 130]
[68, 79, 129]
[71, 85, 126]
[71, 85, 126]
[73, 87, 126]
[74, 83, 126]
[74, 85, 129]
[77, 80, 128]
[75, 86, 127]
[72, 84, 125]
[71, 72, 127]
[71, 68, 127]
[69, 73, 130]
[71, 72, 127]
[69, 71, 125]
[72, 81, 129]
[71, 82, 130]
[71, 88, 127]
[72, 84, 125]
[71, 88, 127]
[71, 85, 126]
[73, 87, 126]
[71, 85, 126]
[72, 84, 125]
[71, 88, 127]
[72, 84, 125]
[71, 89, 126]
[72, 84, 125]
[71, 88, 127]
[71, 88, 128]
[72, 82, 128]
[71, 83, 129]
[67, 75, 126]
[71, 74, 124]
[70, 81, 126]
[71, 70, 123]
[69, 75, 126]
[70, 81, 126]
[72, 84, 125]
[72, 84, 125]
[71, 84, 127]
[74, 68, 135]
[76, 58, 133]
[73, 56, 133]
[76, 58, 132]
[74, 59, 133]
[76, 55, 131]
[76, 54, 132]
[70, 50, 132]
[73, 50, 133]
[74, 59, 135]
[76, 62, 135]
[75, 73, 137]
[75, 73, 137]
[75, 73, 137]
[74, 67, 137]
[76, 57, 134]
[70, 49, 134]
[73, 55, 134]
[76, 63, 134]
[72, 64, 135]
[71, 65, 133]
[71, 68, 135]
[72, 64, 136]
[74, 67, 137]
[72, 68, 136]
[71, 64, 135]
[69, 66, 136]
[70, 59, 134]
[71, 68, 135]
[72, 65, 133]
[71, 69, 134]
[72, 65, 133]
[76, 63, 133]
[75, 75, 133]
[77, 74, 131]
[80, 74, 131]
[80, 77, 132]
[80, 73, 132]
[75, 75, 132]
[76, 68, 131]
[76, 65, 130]
[75, 75, 133]
[77, 77, 132]
[80, 79, 129]
[77, 80, 128]
[77, 82, 130]
[74, 89, 132]
[74, 88, 133]
[76, 88, 133]
[74, 82, 133]
[73, 82, 133]
[70, 77, 132]
[69, 72, 131]
[72, 72, 128]
[72, 67, 129]
[73, 76, 131]
[73, 83, 132]
[72, 80, 130]
[71, 86, 131]
[72, 82, 128]
[73, 85, 129]
[72, 78, 128]
[73, 85, 129]
[74, 84, 125]
[75, 84, 125]
[76, 92, 127]
[76, 96, 128]
[74, 93, 131]
[71, 91, 131]
[74, 90, 131]
[74, 90, 131]
[74, 84, 130]
[77, 85, 126]
[75, 84, 125]
[75, 87, 126]
[72, 84, 125]
[70, 86, 131]
[68, 78, 131]
[64, 75, 129]
[67, 80, 130]
[71, 86, 130]
[72, 81, 129]
[74, 84, 130]
[74, 83, 126]
[77, 86, 125]
[75, 84, 124]
[75, 87, 126]
[73, 78, 128]
[69, 73, 129]
[71, 72, 128]
[69, 70, 128]
[74, 72, 127]
[74, 70, 124]
[71, 72, 127]
[71, 72, 127]
[71, 82, 130]
[72, 81, 129]
[73, 85, 129]
[72, 82, 128]
[71, 88, 128]
[71, 84, 127]
[72, 84, 125]
[70, 88, 127]
[69, 84, 127]
[69, 93, 132]
[70, 93, 129]
[70, 94, 128]
[70, 88, 128]
[71, 88, 128]
[71, 85, 126]
[68, 90, 128]
[67, 82, 127]
[71, 86, 125]
[71, 87, 123]
[70, 82, 125]
[71, 75, 123]
[71, 70, 123]
[70, 81, 126]
[73, 86, 127]
[72, 84, 125]
[72, 59, 134]
[74, 59, 134]
[76, 57, 134]
[72, 59, 134]
[71, 65, 134]
[68, 60, 135]
[68, 60, 135]
[69, 46, 132]
[68, 50, 132]
[68, 50, 133]
[72, 64, 136]
[72, 64, 136]
[74, 67, 137]
[74, 64, 136]
[76, 62, 135]
[74, 58, 136]
[76, 48, 133]
[73, 55, 134]
[76, 54, 132]
[73, 49, 134]
[76, 54, 133]
[74, 63, 137]
[74, 67, 137]
[76, 62, 135]
[74, 59, 135]
[70, 59, 135]
[68, 60, 136]
[72, 64, 136]
[72, 68, 136]
[74, 65, 134]
[74, 68, 135]
[76, 64, 132]
[76, 68, 131]
[75, 75, 133]
[77, 81, 132]
[75, 80, 131]
[77, 82, 131]
[80, 78, 130]
[80, 81, 132]
[81, 74, 131]
[80, 74, 131]
[77, 74, 131]
[75, 83, 132]
[77, 79, 129]
[77, 78, 130]
[77, 87, 132]
[76, 97, 134]
[77, 88, 130]
[74, 84, 131]
[72, 80, 131]
[72, 80, 131]
[71, 85, 132]
[71, 84, 133]
[72, 80, 130]
[70, 77, 132]
[68, 77, 132]
[68, 77, 132]
[70, 78, 130]
[71, 83, 129]
[72, 78, 128]
[70, 79, 129]
[72, 82, 128]
[71, 84, 127]
[72, 83, 126]
[71, 88, 128]
[72, 82, 128]
[73, 84, 130]
[71, 82, 130]
[72, 82, 128]
[74, 86, 127]
[73, 85, 129]
[74, 82, 128]
[77, 80, 127]
[75, 85, 129]
[75, 84, 130]
[72, 80, 130]
[70, 78, 130]
[68, 78, 131]
[68, 78, 131]
[70, 78, 130]
[72, 79, 126]
[75, 84, 125]
[77, 87, 123]
[77, 84, 122]
[77, 86, 125]
[75, 83, 126]
[75, 85, 129]
[74, 81, 129]
[73, 76, 130]
[73, 77, 129]
[70, 78, 130]
[72, 77, 129]
[74, 82, 128]
[72, 83, 126]
[71, 88, 128]
[72, 84, 124]
[72, 78, 128]
[68, 79, 129]
[67, 74, 128]
[67, 73, 129]
[65, 73, 126]
[66, 77, 126]
[65, 73, 125]
[68, 81, 126]
[71, 85, 126]
[70, 88, 127]
[71, 85, 126]
[71, 88, 127]
[71, 86, 124]
[72, 81, 123]
[72, 84, 125]
[68, 81, 126]
[72, 84, 125]
[71, 85, 126]
[73, 87, 126]
[71, 85, 126]
[71, 88, 127]
[71, 85, 126]
[71, 88, 127]
[74, 96, 127]
[74, 58, 136]
[74, 58, 136]
[76, 62, 136]
[72, 59, 135]
[71, 64, 136]
[69, 65, 137]
[71, 63, 137]
[72, 58, 136]
[70, 50, 133]
[71, 55, 134]
[72, 59, 135]
[74, 59, 134]
[72, 58, 137]
[72, 58, 137]
[74, 58, 136]
[74, 59, 135]
[76, 54, 133]
[73, 55, 134]
[71, 55, 135]
[70, 49, 134]
[70, 49, 134]
[74, 59, 135]
[74, 67, 137]
[76, 57, 134]
[72, 64, 136]
[70, 59, 134]
[69, 66, 135]
[70, 61, 130]
[72, 70, 132]
[72, 65, 133]
[74, 68, 136]
[74, 64, 135]
[76, 63, 134]
[73, 74, 135]
[76, 68, 131]
[75, 75, 133]
[77, 73, 132]
[80, 77, 132]
[81, 81, 133]
[80, 74, 131]
[80, 66, 127]
[80, 76, 128]
[75, 81, 129]
[77, 83, 129]
[75, 83, 132]
[77, 78, 131]
[76, 88, 133]
[77, 87, 132]
[77, 82, 131]
[72, 80, 131]
[72, 79, 132]
[74, 83, 132]
[74, 84, 131]
[73, 84, 131]
[70, 77, 133]
[67, 71, 132]
[72, 76, 131]
[71, 83, 129]
[71, 82, 130]
[72, 76, 130]
[72, 76, 130]
[70, 78, 131]
[71, 82, 130]
[72, 82, 128]
[71, 88, 128]
[72, 78, 128]
[72, 76, 130]
[71, 81, 132]
[71, 84, 133]
[72, 80, 130]
[73, 84, 131]
[71, 81, 132]
[75, 80, 130]
[75, 84, 131]
[73, 84, 131]
[72, 81, 129]
[72, 81, 129]
[70, 80, 127]
[70, 79, 129]
[72, 82, 128]
[75, 81, 129]
[75, 81, 129]
[75, 84, 125]
[77, 86, 124]
[72, 80, 125]
[73, 78, 128]
[73, 85, 129]
[73, 78, 128]
[73, 78, 128]
[72, 78, 128]
[71, 72, 127]
[69, 74, 128]
[72, 82, 128]
[72, 83, 126]
[72, 84, 125]
[71, 89, 126]
[72, 80, 125]
[69, 75, 126]
[67, 70, 127]
[67, 74, 128]
[67, 70, 128]
[66, 75, 130]
[65, 72, 128]
[71, 83, 129]
[73, 84, 130]
[70, 91, 131]
[71, 86, 130]
[71, 86, 130]
[72, 73, 125]
[71, 73, 125]
[69, 75, 126]
[72, 84, 125]
[71, 88, 127]
[69, 85, 126]
[71, 85, 126]
[71, 88, 127]
[72, 84, 125]
[71, 88, 128]
[73, 87, 126]
[74, 96, 127]
[80, 62, 135]
[80, 71, 137]
[77, 71, 137]
[76, 65, 137]
[72, 67, 138]
[71, 64, 136]
[74, 66, 139]
[75, 71, 140]
[74, 66, 139]
[76, 62, 136]
[76, 62, 135]
[74, 59, 135]
[71, 55, 135]
[71, 54, 136]
[73, 49, 134]
[73, 56, 133]
[76, 54, 132]
[71, 55, 134]
[70, 49, 135]
[71, 55, 135]
[70, 50, 133]
[74, 59, 133]
[76, 67, 133]
[74, 65, 133]
[71, 65, 133]
[71, 69, 134]
[69, 67, 134]
[73, 74, 135]
[75, 74, 135]
[74, 69, 134]
[76, 65, 130]
[74, 61, 130]
[76, 65, 130]
[72, 70, 132]
[72, 70, 132]
[74, 66, 131]
[74, 70, 132]
[73, 75, 132]
[75, 75, 132]
[75, 76, 131]
[80, 79, 129]
[80, 80, 128]
[82, 79, 129]
[80, 82, 130]
[80, 83, 129]
[77, 79, 129]
[77, 79, 129]
[80, 82, 130]
[77, 79, 129]
[77, 75, 129]
[72, 72, 128]
[73, 78, 128]
[74, 85, 129]
[72, 81, 129]
[71, 85, 132]
[71, 71, 129]
[71, 68, 128]
[73, 77, 129]
[74, 82, 128]
[73, 79, 126]
[69, 70, 128]
[72, 72, 128]
[71, 69, 126]
[71, 72, 127]
[69, 73, 130]
[70, 78, 131]
[71, 83, 129]
[72, 83, 126]
[73, 85, 129]
[71, 83, 129]
[71, 88, 128]
[71, 85, 126]
[72, 82, 128]
[74, 85, 129]
[73, 85, 129]
[73, 84, 130]
[71, 86, 131]
[74, 82, 128]
[73, 86, 127]
[72, 83, 126]
[73, 86, 127]
[74, 83, 126]
[71, 83, 129]
[72, 76, 130]
[71, 68, 127]
[74, 73, 125]
[77, 82, 125]
[75, 84, 125]
[75, 87, 126]
[74, 84, 125]
[72, 78, 128]
[71, 71, 129]
[74, 80, 131]
[74, 93, 132]
[74, 100, 130]
[71, 86, 130]
[73, 85, 129]
[71, 82, 130]
[71, 84, 127]
[72, 78, 128]
[72, 78, 128]
[70, 79, 129]
[71, 86, 130]
[72, 84, 125]
[73, 87, 126]
[71, 85, 126]
[72, 84, 125]
[74, 88, 124]
[71, 75, 122]
[71, 74, 124]
[72, 70, 123]
[73, 80, 125]
[73, 80, 125]
[68, 81, 126]
[68, 86, 127]
[69, 85, 126]
[71, 88, 127]
[73, 92, 127]
[71, 85, 126]
[73, 88, 124]
[81, 67, 134]
[80, 72, 135]
[77, 76, 135]
[76, 67, 134]
[74, 68, 136]
[74, 64, 135]
[76, 66, 136]
[74, 64, 136]
[74, 67, 137]
[74, 59, 135]
[76, 57, 134]
[74, 59, 134]
[76, 58, 133]
[74, 59, 134]
[76, 57, 134]
[74, 59, 135]
[76, 66, 135]
[76, 58, 132]
[76, 63, 133]
[74, 59, 133]
[71, 56, 131]
[71, 56, 132]
[72, 59, 134]
[72, 64, 135]
[69, 66, 136]
[71, 68, 136]
[71, 65, 134]
[73, 74, 135]
[73, 74, 135]
[76, 67, 133]
[76, 68, 131]
[76, 66, 128]
[76, 69, 130]
[74, 66, 131]
[74, 70, 132]
[72, 66, 131]
[75, 75, 132]
[72, 76, 131]
[69, 67, 134]
[72, 69, 134]
[77, 77, 132]
[75, 75, 132]
[75, 79, 132]
[77, 78, 131]
[75, 82, 133]
[77, 78, 130]
[77, 81, 132]
[80, 78, 131]
[77, 81, 132]
[75, 75, 132]
[72, 67, 130]
[71, 70, 131]
[72, 75, 132]
[75, 80, 130]
[73, 84, 130]
[71, 71, 129]
[71, 67, 129]
[69, 72, 131]
[69, 73, 130]
[73, 77, 129]
[75, 81, 129]
[75, 82, 128]
[73, 86, 127]
[72, 83, 126]
[69, 83, 129]
[70, 79, 129]
[72, 80, 130]
[71, 81, 133]
[73, 82, 133]
[71, 81, 133]
[73, 83, 132]
[71, 81, 132]
[71, 82, 131]
[73, 86, 127]
[74, 93, 126]
[74, 96, 127]
[74, 96, 128]
[73, 95, 129]
[73, 92, 127]
[71, 88, 128]
[74, 82, 128]
[74, 84, 130]
[74, 82, 128]
[74, 85, 129]
[77, 80, 127]
[75, 85, 129]
[75, 81, 129]
[77, 89, 129]
[77, 90, 127]
[75, 87, 126]
[75, 85, 129]
[75, 81, 129]
[77, 82, 130]
[74, 93, 132]
[73, 90, 131]
[73, 85, 129]
[73, 85, 129]
[71, 83, 129]
[71, 86, 130]
[72, 81, 129]
[72, 78, 128]
[69, 75, 126]
[71, 74, 124]
[70, 80, 127]
[67, 74, 128]
[68, 79, 129]
[71, 85, 126]
[74, 87, 126]
[74, 84, 125]
[73, 79, 126]
[74, 72, 127]
[75, 83, 126]
[72, 80, 125]
[69, 76, 124]
[67, 82, 127]
[70, 94, 128]
[72, 102, 130]
[74, 96, 127]
[74, 96, 128]
[73, 87, 126]
[80, 67, 133]
[76, 63, 134]
[74, 67, 137]
[72, 59, 135]
[76, 58, 133]
[74, 60, 132]
[74, 61, 130]
[76, 58, 131]
[76, 63, 134]
[74, 67, 137]
[74, 63, 137]
[72, 67, 137]
[74, 64, 135]
[76, 67, 133]
[80, 64, 132]
[80, 72, 134]
[85, 75, 133]
[81, 72, 134]
[80, 67, 133]
[76, 63, 134]
[76, 57, 134]
[71, 56, 133]
[72, 59, 134]
[72, 65, 134]
[74, 65, 134]
[74, 69, 134]
[76, 68, 131]
[74, 66, 131]
[76, 65, 130]
[80, 69, 130]
[80, 65, 129]
[80, 68, 131]
[80, 65, 130]
[80, 73, 132]
[80, 65, 130]
[76, 68, 131]
[74, 70, 132]
[72, 70, 132]
[71, 66, 131]
[72, 70, 132]
[69, 68, 132]
[72, 70, 132]
[71, 66, 131]
[72, 70, 132]
[75, 75, 133]
[77, 78, 130]
[77, 82, 130]
[74, 80, 130]
[71, 81, 133]
[74, 79, 132]
[75, 80, 131]
[75, 85, 129]
[77, 86, 125]
[75, 84, 125]
[74, 84, 130]
[72, 80, 130]
[73, 84, 131]
[71, 82, 130]
[71, 88, 127]
[72, 80, 125]
[75, 83, 126]
[76, 92, 128]
[77, 94, 127]
[74, 92, 127]
[71, 88, 127]
[72, 84, 125]
[72, 84, 125]
[68, 79, 129]
[69, 73, 129]
[67, 73, 130]
[69, 73, 129]
[67, 73, 129]
[67, 69, 129]
[68, 78, 130]
[72, 82, 128]
[75, 84, 130]
[77, 83, 129]
[73, 86, 127]
[73, 86, 127]
[71, 86, 130]
[73, 85, 129]
[74, 90, 130]
[76, 90, 130]
[76, 93, 132]
[77, 89, 129]
[74, 87, 126]
[74, 84, 125]
[74, 86, 127]
[74, 92, 127]
[73, 90, 130]
[71, 86, 130]
[72, 81, 129]
[75, 84, 130]
[76, 92, 128]
[75, 85, 129]
[74, 82, 128]
[71, 72, 128]
[69, 69, 129]
[71, 67, 129]
[68, 77, 133]
[68, 77, 133]
[70, 77, 133]
[71, 86, 131]
[72, 84, 125]
[72, 80, 125]
[69, 85, 126]
[73, 85, 129]
[71, 90, 133]
[71, 85, 132]
[72, 78, 128]
[72, 80, 125]
[71, 85, 126]
[71, 85, 126]
[70, 88, 128]
[66, 86, 128]
[68, 88, 131]
[71, 86, 130]
[72, 96, 130]
[73, 96, 128]
[71, 94, 127]
[80, 67, 134]
[76, 63, 134]
[69, 55, 134]
[69, 55, 134]
[72, 59, 135]
[74, 59, 135]
[76, 54, 132]
[74, 59, 133]
[76, 64, 132]
[74, 65, 133]
[74, 65, 133]
[74, 68, 135]
[76, 62, 135]
[74, 67, 137]
[80, 66, 135]
[80, 75, 136]
[81, 78, 137]
[81, 72, 134]
[80, 68, 131]
[76, 68, 131]
[76, 68, 131]
[74, 65, 133]
[76, 67, 134]
[74, 65, 134]
[76, 67, 133]
[80, 68, 131]
[80, 69, 130]
[80, 66, 128]
[76, 69, 130]
[80, 65, 130]
[80, 65, 130]
[80, 69, 130]
[81, 75, 130]
[80, 75, 130]
[80, 69, 130]
[80, 68, 131]
[76, 65, 130]
[72, 70, 132]
[71, 70, 132]
[73, 75, 132]
[73, 76, 131]
[73, 76, 130]
[72, 67, 129]
[74, 70, 131]
[72, 70, 131]
[75, 79, 132]
[75, 83, 132]
[74, 80, 131]
[70, 77, 133]
[73, 75, 132]
[75, 80, 131]
[75, 84, 131]
[77, 79, 129]
[75, 84, 131]
[77, 82, 130]
[74, 80, 130]
[74, 84, 131]
[74, 81, 129]
[74, 85, 129]
[74, 82, 128]
[75, 83, 126]
[75, 86, 127]
[77, 85, 126]
[75, 87, 126]
[74, 82, 128]
[74, 84, 130]
[74, 85, 129]
[72, 83, 126]
[72, 78, 128]
[69, 73, 129]
[72, 77, 129]
[70, 78, 130]
[70, 78, 130]
[70, 78, 130]
[74, 83, 126]
[75, 84, 125]
[77, 79, 129]
[74, 86, 127]
[71, 86, 130]
[73, 93, 131]
[71, 91, 132]
[74, 90, 131]
[74, 87, 126]
[76, 92, 127]
[77, 91, 126]
[74, 92, 128]
[71, 86, 130]
[73, 85, 129]
[73, 90, 130]
[73, 83, 132]
[73, 83, 132]
[71, 81, 133]
[73, 83, 132]
[76, 89, 132]
[77, 82, 130]
[74, 84, 130]
[71, 72, 127]
[69, 70, 127]
[71, 69, 126]
[70, 79, 129]
[72, 82, 128]
[71, 84, 127]
[71, 88, 128]
[72, 83, 126]
[71, 86, 130]
[72, 83, 126]
[73, 87, 126]
[71, 93, 129]
[71, 88, 128]
[73, 87, 126]
[71, 84, 127]
[69, 84, 127]
[71, 84, 127]
[71, 88, 127]
[73, 87, 126]
[69, 86, 125]
[71, 85, 126]
[71, 88, 127]
[73, 93, 126]
[71, 94, 128]
[74, 68, 136]
[76, 58, 133]
[76, 55, 131]
[73, 50, 132]
[76, 54, 132]
[74, 59, 134]
[76, 49, 131]
[71, 56, 132]
[74, 59, 134]
[74, 64, 136]
[74, 64, 136]
[76, 66, 136]
[74, 67, 137]
[72, 63, 138]
[74, 66, 139]
[76, 62, 136]
[74, 68, 136]
[76, 63, 133]
[76, 67, 133]
[74, 65, 133]
[76, 63, 133]
[75, 74, 135]
[80, 64, 132]
[80, 67, 134]
[80, 63, 133]
[76, 67, 133]
[74, 65, 134]
[77, 72, 134]
[74, 70, 132]
[77, 74, 131]
[74, 67, 130]
[80, 68, 131]
[75, 75, 133]
[77, 77, 132]
[77, 81, 133]
[75, 75, 133]
[77, 77, 132]
[72, 70, 131]
[69, 71, 132]
[72, 66, 131]
[75, 75, 133]
[75, 79, 132]
[76, 69, 129]
[73, 76, 131]
[72, 80, 131]
[72, 80, 131]
[75, 79, 132]
[75, 83, 132]
[75, 80, 131]
[77, 75, 129]
[77, 76, 128]
[74, 81, 129]
[74, 84, 131]
[73, 76, 130]
[77, 76, 128]
[75, 77, 129]
[76, 67, 126]
[74, 72, 127]
[75, 82, 128]
[77, 82, 125]
[75, 85, 129]
[74, 81, 129]
[72, 81, 129]
[75, 78, 128]
[75, 85, 129]
[77, 85, 126]
[77, 100, 128]
[76, 93, 126]
[73, 87, 126]
[72, 84, 125]
[74, 85, 129]
[74, 95, 129]
[75, 100, 130]
[76, 90, 130]
[77, 90, 127]
[75, 87, 126]
[77, 86, 125]
[75, 83, 126]
[75, 82, 128]
[74, 92, 128]
[74, 92, 128]
[76, 92, 127]
[77, 91, 126]
[76, 92, 127]
[75, 87, 126]
[74, 90, 130]
[73, 90, 131]
[71, 86, 131]
[71, 84, 127]
[73, 88, 125]
[71, 89, 126]
[70, 81, 126]
[70, 79, 129]
[74, 82, 128]
[77, 86, 125]
[73, 79, 126]
[72, 78, 128]
[71, 69, 126]
[72, 82, 128]
[71, 83, 129]
[74, 83, 126]
[73, 87, 126]
[73, 92, 127]
[71, 94, 128]
[73, 92, 128]
[73, 86, 127]
[71, 83, 129]
[73, 86, 127]
[71, 94, 128]
[73, 87, 126]
[73, 87, 126]
[71, 84, 127]
[71, 88, 128]
[74, 83, 126]
[75, 87, 126]
[73, 80, 124]
[70, 82, 125]
[72, 84, 124]
[71, 88, 127]
[71, 94, 127]
[74, 63, 137]
[76, 58, 132]
[73, 51, 130]
[76, 55, 130]
[76, 55, 130]
[74, 59, 134]
[72, 58, 137]
[72, 58, 137]
[76, 62, 136]
[74, 59, 133]
[74, 64, 135]
[76, 62, 135]
[76, 65, 138]
[74, 63, 138]
[76, 65, 137]
[74, 63, 137]
[76, 62, 136]
[72, 58, 136]
[68, 50, 133]
[69, 56, 133]
[71, 65, 134]
[75, 73, 136]
[80, 72, 134]
[80, 67, 133]
[74, 69, 134]
[76, 64, 132]
[76, 64, 132]
[74, 70, 132]
[76, 68, 131]
[75, 76, 131]
[77, 74, 131]
[77, 74, 131]
[77, 78, 131]
[74, 79, 133]
[74, 82, 134]
[73, 76, 131]
[74, 71, 130]
[74, 71, 129]
[76, 66, 128]
[72, 61, 129]
[76, 65, 130]
[75, 75, 133]
[75, 75, 133]
[72, 75, 133]
[72, 79, 133]
[75, 82, 134]
[75, 84, 131]
[80, 82, 130]
[80, 79, 129]
[77, 82, 131]
[74, 70, 131]
[73, 75, 132]
[72, 67, 129]
[72, 72, 128]
[69, 70, 128]
[71, 72, 128]
[72, 68, 127]
[75, 77, 129]
[75, 80, 131]
[77, 79, 129]
[75, 84, 130]
[74, 82, 128]
[73, 79, 126]
[75, 79, 126]
[75, 85, 129]
[77, 90, 127]
[76, 100, 130]
[77, 90, 127]
[74, 85, 129]
[72, 82, 128]
[76, 92, 128]
[76, 96, 128]
[76, 101, 129]
[77, 94, 127]
[77, 100, 128]
[77, 94, 128]
[80, 90, 127]
[77, 87, 123]
[77, 82, 124]
[76, 92, 127]
[77, 94, 127]
[76, 95, 129]
[76, 96, 128]
[77, 100, 128]
[77, 94, 127]
[74, 92, 128]
[73, 86, 127]
[72, 80, 125]
[71, 88, 127]
[72, 85, 123]
[72, 81, 123]
[70, 79, 129]
[69, 73, 129]
[73, 77, 129]
[72, 73, 125]
[72, 74, 124]
[69, 74, 128]
[72, 77, 129]
[71, 86, 130]
[71, 85, 126]
[71, 85, 126]
[72, 82, 128]
[72, 83, 126]
[71, 93, 129]
[71, 94, 128]
[74, 92, 127]
[71, 85, 126]
[73, 87, 126]
[71, 88, 128]
[72, 82, 128]
[71, 85, 126]
[72, 84, 125]
[71, 88, 127]
[72, 84, 125]
[72, 84, 125]
[68, 81, 126]
[72, 80, 125]
[71, 85, 126]
[73, 96, 128]
[72, 97, 129]
[76, 63, 133]
[80, 66, 135]
[74, 64, 136]
[71, 55, 134]
[68, 49, 134]
[71, 55, 134]
[71, 56, 133]
[72, 59, 134]
[76, 49, 131]
[76, 54, 132]
[76, 54, 133]
[72, 59, 135]
[72, 59, 135]
[72, 59, 135]
[73, 50, 133]
[73, 55, 134]
[73, 49, 134]
[76, 54, 132]
[73, 50, 132]
[71, 55, 134]
[74, 59, 135]
[80, 71, 137]
[80, 71, 137]
[80, 66, 135]
[76, 63, 133]
[76, 67, 133]
[74, 69, 134]
[72, 65, 133]
[76, 67, 133]
[76, 65, 130]
[74, 66, 131]
[76, 68, 131]
[76, 65, 130]
[75, 75, 133]
[75, 75, 133]
[77, 74, 131]
[74, 66, 131]
[76, 68, 131]
[74, 70, 132]
[72, 66, 131]
[75, 74, 135]
[80, 76, 134]
[80, 81, 132]
[73, 76, 131]
[75, 79, 132]
[75, 84, 131]
[77, 80, 127]
[80, 83, 129]
[75, 82, 128]
[77, 85, 126]
[75, 82, 128]
[77, 76, 127]
[77, 76, 128]
[75, 77, 129]
[74, 68, 127]
[72, 72, 128]
[72, 72, 128]
[77, 82, 124]
[80, 82, 124]
[80, 86, 125]
[80, 80, 127]
[80, 83, 129]
[77, 76, 127]
[73, 78, 128]
[75, 85, 129]
[76, 92, 128]
[75, 87, 126]
[77, 84, 128]
[77, 80, 128]
[75, 84, 130]
[77, 85, 126]
[76, 92, 127]
[77, 82, 124]
[74, 85, 129]
[76, 90, 130]
[76, 95, 129]
[76, 92, 128]
[77, 86, 125]
[77, 83, 123]
[76, 92, 127]
[74, 92, 127]
[76, 96, 128]
[76, 106, 128]
[77, 102, 125]
[77, 95, 126]
[75, 87, 126]
[77, 86, 125]
[75, 83, 126]
[72, 83, 126]
[72, 84, 125]
[72, 78, 128]
[70, 78, 130]
[72, 78, 128]
[73, 78, 128]
[75, 82, 128]
[74, 82, 128]
[71, 86, 130]
[69, 82, 130]
[70, 86, 131]
[68, 79, 129]
[72, 80, 125]
[72, 79, 126]
[71, 83, 129]
[73, 84, 130]
[71, 83, 129]
[73, 86, 127]
[71, 88, 127]
[72, 83, 126]
[71, 84, 127]
[69, 85, 126]
[67, 82, 127]
[66, 76, 127]
[67, 80, 130]
[65, 82, 128]
[66, 84, 130]
[68, 80, 127]
[72, 84, 124]
[71, 95, 126]
[73, 96, 128]
[74, 95, 129]
[76, 64, 132]
[76, 66, 135]
[76, 63, 134]
[72, 59, 133]
[70, 50, 132]
[71, 56, 132]
[71, 56, 132]
[71, 56, 133]
[73, 50, 132]
[80, 58, 133]
[74, 59, 135]
[74, 59, 135]
[71, 55, 134]
[69, 55, 134]
[71, 55, 134]
[73, 50, 133]
[73, 51, 131]
[76, 55, 130]
[76, 49, 131]
[74, 59, 133]
[74, 65, 134]
[80, 72, 134]
[80, 72, 135]
[80, 67, 133]
[74, 72, 128]
[76, 66, 128]
[74, 70, 132]
[72, 65, 133]
[76, 68, 131]
[76, 64, 132]
[74, 69, 134]
[76, 65, 130]
[74, 70, 132]
[80, 73, 132]
[80, 77, 132]
[80, 74, 131]
[80, 69, 129]
[76, 70, 128]
[69, 71, 132]
[71, 66, 131]
[74, 79, 133]
[77, 79, 129]
[75, 84, 130]
[77, 75, 129]
[77, 78, 130]
[75, 80, 131]
[75, 83, 132]
[77, 78, 130]
[77, 81, 133]
[77, 77, 132]
[77, 81, 132]
[77, 78, 130]
[77, 82, 131]
[77, 80, 127]
[75, 77, 129]
[72, 71, 129]
[75, 80, 131]
[77, 78, 130]
[80, 94, 128]
[81, 93, 123]
[81, 87, 123]
[80, 86, 124]
[77, 82, 125]
[73, 77, 129]
[74, 80, 130]
[75, 84, 130]
[75, 83, 126]
[77, 86, 125]
[75, 87, 126]
[77, 82, 125]
[75, 86, 127]
[77, 90, 127]
[75, 85, 129]
[72, 82, 128]
[73, 87, 126]
[74, 96, 127]
[74, 93, 131]
[74, 83, 132]
[72, 80, 130]
[74, 90, 130]
[74, 93, 132]
[74, 93, 132]
[76, 104, 130]
[77, 100, 127]
[77, 92, 125]
[75, 88, 125]
[77, 82, 124]
[75, 88, 125]
[75, 84, 125]
[74, 87, 126]
[73, 85, 129]
[72, 82, 128]
[72, 83, 126]
[72, 79, 126]
[74, 83, 126]
[74, 83, 126]
[72, 83, 126]
[73, 87, 126]
[70, 88, 128]
[69, 83, 129]
[70, 79, 129]
[74, 83, 126]
[74, 84, 125]
[73, 88, 125]
[71, 88, 127]
[73, 88, 125]
[73, 87, 126]
[70, 81, 126]
[71, 86, 130]
[69, 83, 129]
[67, 80, 130]
[62, 76, 127]
[62, 72, 128]
[64, 82, 128]
[68, 87, 126]
[69, 86, 124]
[73, 89, 123]
[71, 86, 125]
[73, 96, 128]
[74, 96, 128]
[74, 67, 138]
[76, 62, 135]
[80, 64, 132]
[80, 73, 132]
[76, 65, 130]
[76, 67, 133]
[76, 63, 133]
[74, 68, 135]
[80, 76, 135]
[80, 76, 135]
[76, 63, 134]
[76, 66, 135]
[74, 59, 135]
[72, 59, 135]
[73, 55, 135]
[73, 55, 135]
[76, 54, 132]
[73, 57, 129]
[76, 51, 126]
[73, 58, 128]
[76, 68, 131]
[74, 65, 133]
[74, 65, 133]
[74, 68, 135]
[74, 65, 134]
[80, 68, 131]
[77, 73, 132]
[77, 73, 132]
[76, 65, 130]
[74, 61, 130]
[73, 56, 131]
[80, 65, 130]
[80, 65, 130]
[80, 78, 130]
[80, 82, 131]
[80, 74, 131]
[74, 67, 130]
[77, 74, 131]
[72, 75, 132]
[72, 75, 133]
[70, 76, 134]
[72, 75, 133]
[74, 66, 131]
[80, 69, 130]
[75, 76, 130]
[77, 76, 128]
[74, 68, 127]
[74, 71, 130]
[72, 67, 130]
[77, 74, 131]
[77, 78, 131]
[76, 89, 132]
[77, 83, 129]
[75, 81, 129]
[77, 82, 130]
[74, 80, 130]
[74, 84, 131]
[75, 81, 129]
[77, 89, 129]
[80, 100, 128]
[81, 100, 128]
[80, 100, 128]
[77, 86, 125]
[74, 83, 126]
[74, 83, 126]
[75, 83, 126]
[77, 82, 125]
[80, 86, 125]
[75, 87, 126]
[77, 91, 126]
[75, 88, 125]
[77, 86, 124]
[74, 85, 123]
[72, 84, 124]
[71, 93, 129]
[75, 100, 130]
[76, 96, 128]
[74, 101, 129]
[74, 96, 128]
[75, 101, 129]
[72, 95, 132]
[73, 95, 129]
[74, 100, 130]
[76, 92, 127]
[77, 86, 125]
[75, 87, 126]
[77, 94, 127]
[76, 96, 128]
[76, 102, 128]
[77, 96, 125]
[77, 94, 127]
[76, 92, 127]
[74, 83, 126]
[74, 86, 127]
[74, 84, 125]
[75, 87, 126]
[77, 90, 127]
[76, 92, 127]
[74, 84, 125]
[71, 88, 127]
[71, 88, 127]
[74, 84, 124]
[75, 85, 123]
[74, 88, 124]
[74, 84, 125]
[75, 87, 126]
[75, 84, 125]
[73, 87, 126]
[69, 83, 129]
[62, 82, 131]
[61, 81, 132]
[62, 81, 132]
[61, 82, 131]
[64, 80, 130]
[68, 88, 131]
[69, 84, 127]
[68, 81, 126]
[68, 81, 126]
[71, 88, 127]
[71, 94, 128]
[71, 67, 138]
[74, 64, 136]
[80, 66, 135]
[80, 72, 134]
[81, 72, 134]
[80, 72, 135]
[80, 66, 135]
[80, 71, 137]
[81, 77, 139]
[80, 71, 137]
[76, 66, 135]
[76, 58, 132]
[74, 69, 134]
[76, 64, 132]
[74, 65, 133]
[76, 66, 135]
[74, 64, 135]
[72, 59, 134]
[73, 51, 131]
[71, 57, 129]
[74, 60, 132]
[70, 60, 132]
[69, 66, 135]
[72, 59, 134]
[74, 64, 135]
[80, 72, 135]
[77, 76, 134]
[80, 73, 132]
[80, 68, 131]
[76, 68, 131]
[74, 66, 131]
[76, 59, 129]
[74, 60, 132]
[72, 65, 133]
[74, 70, 132]
[72, 66, 131]
[74, 70, 132]
[71, 67, 130]
[69, 68, 131]
[71, 70, 131]
[73, 75, 132]
[73, 75, 133]
[74, 70, 132]
[80, 74, 131]
[77, 78, 130]
[77, 80, 128]
[75, 76, 131]
[73, 75, 132]
[72, 67, 130]
[77, 73, 132]
[77, 78, 130]
[74, 84, 131]
[74, 80, 131]
[75, 77, 129]
[75, 78, 128]
[77, 76, 128]
[75, 80, 131]
[72, 80, 131]
[75, 84, 130]
[76, 92, 128]
[76, 100, 130]
[77, 94, 127]
[77, 91, 126]
[75, 85, 129]
[75, 84, 130]
[74, 81, 129]
[75, 86, 127]
[80, 82, 124]
[77, 82, 124]
[75, 86, 127]
[75, 86, 127]
[77, 80, 127]
[77, 84, 128]
[75, 83, 126]
[77, 100, 128]
[76, 96, 128]
[77, 100, 128]
[74, 96, 128]
[76, 96, 128]
[76, 99, 132]
[74, 95, 129]
[74, 101, 129]
[72, 102, 130]
[74, 92, 127]
[75, 87, 126]
[77, 95, 126]
[76, 97, 126]
[77, 100, 127]
[77, 100, 128]
[76, 96, 128]
[76, 92, 127]
[74, 92, 127]
[74, 83, 126]
[73, 85, 129]
[73, 85, 129]
[76, 92, 127]
[76, 92, 127]
[77, 90, 127]
[73, 86, 127]
[73, 86, 127]
[70, 88, 128]
[68, 81, 126]
[72, 80, 125]
[71, 85, 126]
[71, 88, 127]
[75, 87, 126]
[77, 82, 124]
[73, 87, 126]
[70, 86, 130]
[66, 84, 131]
[65, 84, 130]
[65, 84, 131]
[68, 86, 128]
[67, 90, 128]
[70, 81, 126]
[70, 79, 129]
[66, 75, 129]
[67, 82, 128]
[71, 88, 128]
[72, 97, 129]
[70, 59, 134]
[72, 65, 134]
[76, 67, 134]
[80, 66, 135]
[80, 66, 135]
[80, 62, 135]
[76, 65, 137]
[80, 62, 135]
[80, 66, 135]
[80, 63, 133]
[81, 67, 134]
[80, 63, 134]
[80, 63, 134]
[80, 72, 135]
[77, 72, 134]
[76, 67, 134]
[76, 66, 136]
[72, 59, 135]
[68, 60, 136]
[70, 59, 135]
[70, 59, 134]
[67, 66, 136]
[69, 68, 139]
[72, 58, 136]
[72, 68, 136]
[72, 66, 131]
[72, 69, 134]
[74, 66, 131]
[74, 66, 131]
[76, 68, 131]
[74, 71, 130]
[74, 67, 130]
[72, 60, 132]
[72, 60, 132]
[70, 60, 132]
[66, 62, 131]
[68, 52, 128]
[68, 63, 130]
[71, 67, 129]
[74, 67, 129]
[75, 75, 132]
[77, 74, 131]
[75, 76, 131]
[77, 75, 130]
[75, 83, 132]
[75, 80, 130]
[74, 83, 132]
[74, 80, 131]
[74, 71, 130]
[76, 70, 128]
[74, 71, 130]
[77, 75, 130]
[75, 76, 131]
[77, 75, 129]
[77, 75, 129]
[77, 76, 127]
[74, 72, 127]
[73, 79, 126]
[75, 84, 125]
[76, 92, 127]
[77, 91, 126]
[76, 90, 130]
[77, 97, 131]
[76, 92, 127]
[75, 82, 128]
[77, 83, 129]
[75, 85, 129]
[77, 82, 125]
[77, 86, 125]
[75, 84, 125]
[77, 86, 125]
[75, 83, 126]
[75, 76, 130]
[75, 82, 128]
[74, 85, 129]
[74, 82, 128]
[77, 90, 127]
[76, 92, 128]
[74, 90, 130]
[74, 90, 131]
[74, 93, 131]
[76, 96, 128]
[76, 101, 129]
[74, 85, 129]
[75, 85, 129]
[76, 92, 128]
[75, 86, 122]
[77, 87, 123]
[77, 84, 122]
[74, 88, 125]
[72, 84, 125]
[73, 85, 129]
[73, 84, 130]
[71, 82, 130]
[71, 84, 127]
[71, 88, 127]
[73, 92, 127]
[74, 92, 127]
[74, 92, 127]
[73, 86, 127]
[67, 82, 128]
[64, 76, 127]
[66, 76, 127]
[71, 85, 126]
[76, 96, 128]
[74, 96, 128]
[72, 97, 129]
[73, 87, 126]
[72, 84, 125]
[68, 82, 125]
[69, 86, 125]
[69, 86, 125]
[71, 94, 127]
[70, 90, 125]
[73, 87, 126]
[71, 85, 126]
[71, 88, 127]
[71, 85, 126]
[73, 96, 127]
[74, 96, 127]
[74, 59, 133]
[74, 64, 135]
[74, 64, 135]
[76, 66, 135]
[74, 64, 135]
[76, 57, 134]
[76, 57, 134]
[80, 57, 134]
[80, 58, 133]
[80, 63, 134]
[80, 66, 136]
[80, 62, 136]
[80, 61, 137]
[77, 71, 136]
[75, 73, 137]
[76, 66, 136]
[76, 62, 136]
[74, 58, 136]
[72, 58, 136]
[71, 63, 137]
[69, 67, 140]
[71, 63, 138]
[72, 66, 139]
[72, 64, 136]
[72, 68, 135]
[71, 65, 134]
[72, 68, 136]
[74, 64, 135]
[74, 64, 135]
[74, 68, 135]
[74, 65, 133]
[76, 68, 131]
[74, 66, 131]
[72, 61, 130]
[70, 60, 132]
[66, 62, 131]
[70, 61, 129]
[68, 62, 131]
[74, 66, 131]
[75, 76, 131]
[77, 75, 130]
[80, 75, 130]
[77, 75, 130]
[77, 75, 129]
[77, 82, 131]
[75, 79, 132]
[73, 82, 133]
[74, 79, 133]
[74, 70, 132]
[76, 69, 130]
[74, 71, 129]
[77, 80, 128]
[75, 76, 130]
[77, 75, 129]
[77, 76, 128]
[77, 75, 129]
[76, 67, 126]
[75, 78, 128]
[77, 76, 127]
[75, 85, 129]
[74, 90, 131]
[76, 90, 130]
[76, 95, 129]
[77, 91, 126]
[77, 82, 124]
[75, 87, 126]
[75, 84, 125]
[77, 86, 125]
[77, 82, 124]
[75, 87, 126]
[75, 86, 127]
[74, 83, 126]
[72, 80, 125]
[72, 80, 124]
[72, 82, 128]
[74, 82, 128]
[77, 91, 126]
[76, 94, 125]
[73, 88, 124]
[73, 87, 126]
[73, 92, 128]
[74, 96, 128]
[74, 92, 127]
[74, 87, 126]
[75, 87, 126]
[75, 84, 125]
[75, 84, 125]
[77, 86, 125]
[77, 83, 123]
[75, 88, 125]
[72, 84, 125]
[73, 85, 129]
[72, 82, 128]
[71, 86, 130]
[72, 82, 128]
[71, 86, 131]
[73, 90, 130]
[74, 92, 127]
[77, 91, 126]
[73, 87, 126]
[68, 80, 127]
[63, 73, 125]
[67, 76, 124]
[72, 85, 123]
[77, 102, 125]
[76, 97, 126]
[73, 92, 127]
[73, 87, 126]
[71, 85, 126]
[68, 81, 126]
[68, 86, 127]
[71, 86, 125]
[71, 94, 128]
[71, 88, 127]
[72, 82, 128]
[71, 86, 130]
[73, 85, 129]
[71, 84, 127]
[71, 93, 129]
[74, 96, 128]
[80, 67, 134]
[76, 63, 134]
[76, 58, 133]
[76, 58, 133]
[76, 54, 132]
[73, 55, 134]
[73, 50, 133]
[76, 53, 134]
[76, 48, 133]
[73, 55, 134]
[76, 48, 132]
[73, 55, 135]
[74, 58, 137]
[72, 58, 137]
[72, 63, 137]
[71, 64, 136]
[74, 59, 134]
[74, 59, 133]
[76, 63, 133]
[80, 72, 134]
[80, 72, 134]
[80, 73, 132]
[75, 75, 133]
[77, 72, 134]
[75, 74, 135]
[77, 72, 134]
[72, 65, 133]
[72, 69, 134]
[72, 69, 134]
[72, 65, 133]
[74, 69, 134]
[74, 66, 131]
[76, 65, 130]
[74, 70, 132]
[72, 66, 131]
[71, 70, 132]
[69, 68, 132]
[72, 70, 132]
[76, 68, 131]
[80, 74, 131]
[80, 78, 130]
[80, 75, 130]
[80, 79, 129]
[77, 80, 128]
[77, 82, 130]
[75, 76, 130]
[72, 71, 130]
[73, 76, 131]
[76, 65, 130]
[74, 70, 131]
[77, 75, 130]
[75, 81, 129]
[77, 80, 127]
[75, 83, 126]
[77, 82, 125]
[77, 78, 125]
[77, 76, 128]
[77, 76, 128]
[75, 84, 131]
[72, 80, 130]
[71, 81, 132]
[72, 76, 131]
[75, 83, 132]
[75, 76, 130]
[75, 85, 129]
[72, 83, 126]
[71, 83, 129]
[73, 78, 128]
[74, 83, 126]
[73, 79, 126]
[69, 74, 128]
[72, 77, 129]
[74, 81, 129]
[72, 81, 129]
[73, 85, 129]
[71, 83, 129]
[73, 85, 129]
[74, 85, 129]
[74, 85, 129]
[74, 85, 129]
[74, 90, 130]
[73, 92, 128]
[73, 90, 130]
[70, 80, 127]
[70, 80, 127]
[72, 84, 125]
[74, 84, 125]
[75, 88, 125]
[77, 86, 125]
[75, 84, 125]
[74, 83, 126]
[74, 86, 127]
[73, 86, 127]
[72, 83, 126]
[71, 84, 127]
[73, 92, 128]
[73, 92, 128]
[74, 92, 127]
[71, 85, 126]
[72, 84, 125]
[67, 70, 127]
[68, 78, 130]
[71, 84, 127]
[73, 92, 127]
[71, 94, 128]
[73, 92, 128]
[72, 82, 128]
[70, 88, 127]
[70, 88, 127]
[69, 85, 126]
[72, 79, 126]
[71, 94, 128]
[73, 87, 126]
[71, 88, 127]
[68, 87, 126]
[68, 91, 126]
[68, 87, 126]
[68, 81, 126]
[71, 88, 127]
[72, 84, 125]
[74, 64, 135]
[76, 67, 134]
[76, 57, 134]
[72, 59, 135]
[71, 55, 134]
[71, 55, 135]
[76, 48, 133]
[73, 56, 132]
[76, 49, 131]
[71, 55, 134]
[76, 54, 133]
[73, 50, 132]
[70, 50, 133]
[72, 59, 135]
[70, 58, 136]
[72, 59, 135]
[72, 67, 137]
[74, 64, 136]
[76, 66, 136]
[80, 71, 136]
[81, 72, 135]
[80, 67, 134]
[80, 63, 134]
[80, 66, 135]
[76, 63, 134]
[76, 67, 134]
[72, 65, 134]
[71, 69, 134]
[72, 70, 132]
[74, 66, 131]
[74, 67, 130]
[76, 68, 131]
[74, 66, 131]
[76, 68, 131]
[71, 66, 131]
[71, 70, 131]
[69, 68, 131]
[72, 70, 131]
[77, 74, 131]
[80, 75, 129]
[80, 75, 130]
[80, 77, 132]
[75, 79, 133]
[77, 81, 133]
[77, 81, 133]
[72, 75, 133]
[69, 68, 132]
[73, 75, 132]
[77, 78, 131]
[75, 80, 131]
[74, 80, 131]
[75, 83, 132]
[77, 82, 131]
[75, 80, 130]
[75, 84, 131]
[77, 75, 129]
[75, 80, 130]
[77, 80, 128]
[77, 80, 127]
[77, 84, 128]
[74, 86, 127]
[74, 83, 126]
[74, 82, 128]
[74, 85, 129]
[72, 81, 129]
[72, 77, 129]
[71, 69, 126]
[69, 75, 126]
[69, 71, 125]
[71, 74, 124]
[69, 77, 116]
[72, 80, 124]
[74, 82, 128]
[74, 83, 126]
[73, 87, 126]
[71, 85, 126]
[73, 86, 127]
[71, 83, 129]
[74, 84, 130]
[75, 84, 130]
[76, 90, 130]
[73, 84, 131]
[73, 84, 131]
[71, 82, 130]
[70, 79, 129]
[72, 78, 128]
[72, 81, 129]
[72, 81, 129]
[74, 86, 127]
[76, 92, 127]
[77, 91, 126]
[75, 87, 126]
[72, 84, 125]
[73, 86, 127]
[71, 88, 128]
[72, 82, 128]
[72, 81, 129]
[71, 86, 131]
[72, 84, 125]
[71, 88, 127]
[72, 80, 125]
[70, 81, 126]
[71, 85, 126]
[72, 84, 125]
[71, 84, 127]
[70, 86, 130]
[71, 82, 130]
[70, 86, 131]
[68, 90, 128]
[68, 86, 128]
[69, 84, 127]
[71, 88, 127]
[71, 85, 126]
[73, 88, 125]
[72, 84, 125]
[70, 88, 127]
[68, 84, 130]
[65, 80, 130]
[69, 85, 126]
[73, 88, 125]
[74, 68, 135]
[76, 63, 134]
[74, 64, 136]
[72, 67, 137]
[72, 67, 137]
[72, 59, 135]
[76, 54, 133]
[73, 55, 134]
[74, 59, 135]
[72, 58, 136]
[76, 53, 134]
[71, 55, 135]
[70, 49, 134]
[72, 58, 136]
[74, 64, 136]
[76, 62, 135]
[69, 68, 138]
[72, 63, 137]
[74, 67, 138]
[80, 67, 134]
[82, 64, 132]
[80, 67, 134]
[76, 66, 135]
[76, 57, 134]
[76, 57, 134]
[72, 64, 135]
[69, 66, 135]
[70, 59, 133]
[74, 65, 134]
[74, 66, 131]
[80, 70, 128]
[76, 66, 127]
[76, 65, 130]
[75, 75, 133]
[73, 75, 133]
[71, 70, 132]
[69, 70, 135]
[69, 67, 134]
[74, 65, 133]
[80, 68, 131]
[80, 66, 128]
[80, 75, 129]
[77, 79, 129]
[77, 79, 129]
[77, 78, 130]
[72, 76, 131]
[69, 69, 130]
[72, 71, 130]
[77, 75, 130]
[74, 80, 131]
[74, 80, 131]
[74, 83, 132]
[75, 76, 131]
[75, 78, 128]
[77, 76, 128]
[75, 77, 129]
[75, 81, 129]
[77, 79, 129]
[77, 80, 128]
[77, 82, 125]
[77, 80, 128]
[77, 80, 128]
[75, 84, 131]
[74, 80, 131]
[69, 72, 131]
[69, 72, 131]
[71, 71, 129]
[70, 78, 130]
[72, 77, 129]
[73, 77, 129]
[75, 84, 130]
[75, 81, 129]
[71, 73, 125]
[71, 73, 125]
[69, 70, 128]
[68, 78, 130]
[67, 80, 130]
[70, 81, 126]
[73, 87, 126]
[72, 83, 126]
[73, 85, 129]
[71, 82, 130]
[71, 86, 131]
[74, 81, 129]
[74, 85, 129]
[72, 78, 128]
[71, 82, 130]
[72, 81, 129]
[72, 81, 129]
[76, 90, 130]
[76, 95, 129]
[77, 91, 126]
[77, 86, 125]
[75, 87, 126]
[74, 84, 125]
[73, 80, 125]
[72, 79, 126]
[70, 78, 130]
[67, 70, 128]
[68, 78, 130]
[73, 86, 127]
[72, 83, 126]
[74, 86, 127]
[74, 87, 126]
[72, 84, 125]
[70, 81, 126]
[66, 77, 126]
[65, 82, 127]
[67, 82, 127]
[71, 85, 126]
[73, 87, 126]
[71, 86, 124]
[71, 89, 126]
[72, 84, 125]
[72, 84, 125]
[70, 88, 127]
[69, 83, 129]
[71, 91, 132]
[71, 88, 128]
[73, 87, 126]
[74, 68, 136]
[76, 63, 133]
[76, 64, 132]
[74, 70, 132]
[76, 67, 133]
[74, 65, 134]
[76, 57, 134]
[73, 55, 135]
[72, 59, 134]
[72, 59, 133]
[71, 56, 133]
[71, 56, 133]
[70, 51, 131]
[74, 60, 132]
[76, 67, 134]
[76, 63, 134]
[72, 64, 135]
[69, 66, 136]
[72, 64, 135]
[80, 67, 133]
[82, 65, 130]
[80, 67, 134]
[76, 66, 136]
[76, 62, 135]
[74, 64, 136]
[72, 59, 133]
[69, 67, 134]
[71, 65, 134]
[72, 69, 134]
[74, 65, 133]
[74, 69, 134]
[76, 65, 130]
[74, 67, 130]
[77, 74, 131]
[73, 75, 132]
[72, 75, 133]
[69, 68, 132]
[69, 70, 135]
[72, 69, 134]
[74, 70, 132]
[74, 70, 132]
[80, 65, 130]
[80, 78, 131]
[80, 78, 130]
[75, 81, 129]
[77, 80, 128]
[77, 80, 128]
[75, 81, 129]
[75, 77, 129]
[74, 81, 129]
[74, 82, 133]
[74, 79, 132]
[71, 70, 131]
[72, 70, 131]
[74, 67, 130]
[74, 71, 130]
[75, 76, 130]
[77, 76, 128]
[76, 70, 127]
[74, 72, 128]
[75, 77, 129]
[77, 80, 128]
[77, 83, 129]
[73, 78, 128]
[72, 73, 125]
[72, 79, 126]
[72, 82, 128]
[70, 80, 127]
[75, 83, 126]
[74, 84, 125]
[74, 87, 126]
[74, 84, 125]
[69, 75, 125]
[69, 72, 124]
[69, 72, 124]
[67, 75, 126]
[67, 80, 130]
[70, 81, 126]
[71, 88, 127]
[72, 82, 128]
[71, 82, 130]
[70, 86, 131]
[72, 84, 125]
[74, 87, 126]
[74, 87, 126]
[74, 84, 125]
[71, 85, 126]
[73, 86, 127]
[71, 88, 128]
[74, 84, 125]
[76, 90, 130]
[77, 88, 130]
[75, 84, 131]
[77, 84, 128]
[77, 78, 124]
[73, 79, 126]
[72, 78, 128]
[69, 73, 130]
[69, 69, 129]
[70, 78, 130]
[72, 81, 129]
[72, 83, 126]
[76, 93, 126]
[76, 94, 125]
[75, 89, 123]
[70, 82, 124]
[63, 72, 128]
[65, 80, 131]
[69, 83, 129]
[70, 79, 129]
[72, 83, 126]
[71, 85, 126]
[72, 84, 125]
[71, 88, 127]
[72, 84, 125]
[71, 88, 127]
[71, 85, 126]
[71, 94, 127]
[71, 88, 127]
[73, 87, 126]
[73, 50, 133]
[76, 54, 133]
[76, 49, 131]
[74, 60, 132]
[76, 64, 132]
[74, 64, 135]
[74, 58, 136]
[76, 57, 134]
[76, 58, 133]
[72, 59, 134]
[72, 59, 134]
[74, 59, 135]
[76, 66, 136]
[80, 63, 134]
[81, 71, 136]
[80, 71, 136]
[76, 66, 135]
[72, 59, 133]
[74, 60, 132]
[76, 63, 133]
[76, 66, 136]
[76, 57, 134]
[76, 66, 135]
[74, 64, 135]
[74, 68, 135]
[76, 63, 133]
[76, 67, 134]
[72, 59, 133]
[72, 65, 133]
[72, 66, 131]
[76, 68, 131]
[75, 75, 132]
[77, 81, 133]
[77, 78, 131]
[77, 78, 131]
[74, 82, 134]
[71, 83, 135]
[72, 75, 133]
[71, 70, 132]
[68, 62, 131]
[68, 52, 128]
[73, 57, 129]
[80, 66, 128]
[77, 75, 129]
[75, 84, 131]
[77, 75, 129]
[77, 79, 129]
[75, 80, 130]
[77, 78, 130]
[75, 83, 132]
[74, 82, 133]
[72, 79, 132]
[69, 81, 132]
[68, 77, 132]
[69, 72, 131]
[72, 76, 131]
[75, 80, 131]
[75, 84, 131]
[77, 79, 129]
[75, 84, 130]
[77, 82, 125]
[75, 87, 126]
[75, 79, 126]
[72, 73, 125]
[75, 79, 126]
[74, 83, 126]
[74, 87, 126]
[74, 84, 125]
[74, 86, 127]
[75, 83, 126]
[77, 80, 127]
[74, 84, 130]
[69, 69, 129]
[71, 72, 128]
[71, 72, 128]
[70, 78, 130]
[72, 78, 128]
[73, 79, 126]
[75, 85, 129]
[74, 82, 128]
[71, 86, 130]
[72, 78, 128]
[71, 84, 127]
[74, 84, 125]
[75, 87, 126]
[76, 96, 127]
[76, 97, 126]
[73, 87, 126]
[71, 86, 130]
[75, 87, 126]
[75, 84, 124]
[74, 87, 126]
[70, 81, 126]
[72, 80, 125]
[72, 82, 128]
[72, 81, 129]
[73, 84, 131]
[70, 78, 131]
[69, 70, 128]
[72, 79, 126]
[74, 84, 125]
[74, 86, 127]
[74, 83, 126]
[74, 87, 126]
[72, 84, 125]
[72, 80, 125]
[67, 72, 124]
[64, 77, 126]
[63, 73, 125]
[69, 75, 126]
[72, 84, 125]
[71, 85, 126]
[72, 84, 125]
[71, 88, 127]
[71, 88, 127]
[72, 80, 125]
[71, 85, 126]
[72, 85, 123]
[71, 85, 126]
[73, 87, 126]
[73, 50, 132]
[76, 54, 132]
[73, 55, 134]
[70, 49, 134]
[74, 58, 136]
[74, 59, 133]
[74, 59, 133]
[76, 55, 131]
[76, 49, 131]
[73, 55, 134]
[76, 62, 135]
[74, 64, 135]
[80, 63, 133]
[80, 67, 134]
[81, 71, 137]
[80, 71, 137]
[74, 68, 136]
[76, 58, 132]
[74, 65, 134]
[76, 63, 133]
[74, 65, 134]
[76, 67, 133]
[76, 64, 132]
[75, 75, 133]
[76, 67, 133]
[80, 73, 132]
[76, 65, 130]
[76, 68, 131]
[74, 66, 131]
[77, 74, 131]
[75, 79, 132]
[77, 78, 131]
[75, 82, 134]
[77, 78, 131]
[80, 81, 132]
[77, 81, 132]
[75, 83, 132]
[71, 70, 131]
[71, 66, 131]
[68, 62, 131]
[68, 52, 127]
[71, 58, 128]
[74, 67, 130]
[76, 66, 128]
[74, 68, 128]
[76, 69, 129]
[76, 69, 129]
[75, 80, 130]
[77, 83, 129]
[75, 82, 128]
[77, 80, 128]
[75, 84, 130]
[73, 84, 131]
[73, 84, 131]
[73, 84, 131]
[71, 82, 130]
[72, 81, 129]
[76, 90, 131]
[76, 90, 131]
[76, 90, 130]
[77, 80, 127]
[75, 85, 129]
[77, 76, 127]
[72, 72, 127]
[72, 69, 126]
[73, 78, 128]
[73, 77, 129]
[73, 77, 129]
[75, 78, 128]
[75, 83, 126]
[75, 83, 126]
[73, 80, 125]
[70, 80, 127]
[72, 78, 128]
[71, 83, 129]
[72, 80, 125]
[73, 80, 125]
[73, 78, 128]
[77, 76, 128]
[75, 77, 129]
[72, 72, 127]
[71, 72, 127]
[70, 79, 129]
[72, 82, 128]
[74, 96, 128]
[76, 96, 127]
[74, 84, 125]
[74, 86, 127]
[74, 86, 127]
[75, 83, 126]
[77, 82, 124]
[73, 87, 126]
[71, 74, 124]
[69, 74, 128]
[70, 79, 129]
[72, 78, 128]
[70, 78, 131]
[72, 72, 128]
[71, 70, 124]
[73, 80, 125]
[75, 84, 125]
[74, 92, 127]
[71, 85, 126]
[73, 85, 129]
[73, 85, 129]
[74, 83, 126]
[72, 79, 126]
[67, 75, 126]
[64, 75, 129]
[65, 73, 126]
[66, 75, 129]
[68, 80, 127]
[72, 84, 125]
[71, 88, 127]
[72, 84, 125]
[68, 81, 126]
[72, 84, 125]
[71, 86, 124]
[72, 85, 123]
[70, 94, 128]
[80, 67, 134]
[76, 63, 133]
[76, 57, 134]
[74, 59, 135]
[76, 57, 134]
[74, 59, 134]
[76, 58, 133]
[74, 59, 133]
[74, 59, 134]
[76, 58, 133]
[74, 59, 134]
[80, 64, 132]
[81, 67, 133]
[80, 63, 134]
[74, 67, 138]
[76, 62, 136]
[74, 67, 137]
[76, 63, 134]
[76, 66, 135]
[80, 63, 134]
[80, 63, 134]
[76, 66, 135]
[76, 63, 134]
[80, 72, 134]
[75, 81, 136]
[77, 77, 132]
[80, 76, 134]
[80, 68, 131]
[80, 65, 130]
[80, 69, 129]
[76, 69, 130]
[72, 66, 131]
[74, 70, 132]
[74, 66, 131]
[76, 65, 129]
[74, 70, 131]
[76, 66, 128]
[74, 71, 130]
[76, 69, 129]
[74, 68, 128]
[80, 75, 129]
[76, 70, 127]
[74, 68, 127]
[76, 60, 127]
[74, 71, 129]
[76, 67, 126]
[74, 67, 130]
[73, 75, 132]
[77, 83, 129]
[75, 82, 128]
[75, 81, 129]
[77, 88, 131]
[76, 92, 133]
[77, 88, 131]
[74, 80, 130]
[73, 83, 132]
[74, 80, 131]
[76, 90, 130]
[76, 92, 128]
[74, 87, 126]
[75, 82, 128]
[75, 85, 129]
[75, 83, 126]
[77, 78, 125]
[76, 72, 124]
[72, 70, 123]
[71, 74, 124]
[72, 80, 125]
[70, 81, 126]
[72, 79, 126]
[71, 88, 128]
[74, 84, 125]
[72, 84, 125]
[74, 85, 129]
[73, 90, 131]
[73, 84, 130]
[71, 86, 130]
[73, 79, 126]
[75, 80, 125]
[74, 84, 125]
[74, 86, 127]
[72, 79, 126]
[71, 84, 127]
[74, 83, 126]
[75, 84, 125]
[74, 87, 126]
[70, 81, 126]
[72, 79, 126]
[74, 74, 124]
[75, 80, 124]
[77, 78, 124]
[72, 74, 124]
[72, 70, 123]
[71, 74, 124]
[73, 79, 126]
[72, 79, 126]
[72, 80, 125]
[73, 80, 125]
[77, 83, 123]
[75, 88, 125]
[77, 92, 125]
[77, 92, 125]
[75, 88, 125]
[73, 87, 126]
[73, 87, 126]
[75, 88, 124]
[75, 82, 122]
[72, 75, 122]
[72, 80, 125]
[68, 80, 127]
[68, 80, 127]
[71, 84, 127]
[73, 86, 127]
[71, 94, 128]
[73, 87, 126]
[69, 85, 126]
[70, 88, 127]
[69, 85, 126]
[69, 86, 124]
[70, 89, 126]
[80, 62, 135]
[80, 66, 135]
[74, 68, 135]
[76, 63, 133]
[76, 58, 133]
[74, 59, 134]
[73, 56, 133]
[74, 59, 133]
[74, 59, 134]
[76, 57, 134]
[74, 64, 136]
[80, 57, 134]
[80, 62, 135]
[80, 62, 135]
[76, 57, 134]
[74, 64, 136]
[76, 65, 137]
[74, 63, 137]
[74, 66, 139]
[80, 61, 137]
[80, 66, 135]
[76, 63, 133]
[76, 65, 130]
[76, 68, 131]
[75, 79, 133]
[77, 77, 132]
[77, 76, 134]
[80, 73, 132]
[74, 70, 132]
[76, 68, 131]
[76, 65, 130]
[72, 61, 130]
[68, 62, 131]
[72, 66, 131]
[72, 66, 131]
[75, 75, 133]
[76, 68, 131]
[74, 70, 131]
[74, 67, 129]
[77, 75, 129]
[80, 78, 131]
[80, 74, 131]
[76, 69, 129]
[76, 66, 127]
[74, 69, 126]
[77, 78, 125]
[77, 76, 127]
[75, 78, 128]
[75, 77, 129]
[77, 75, 129]
[75, 80, 130]
[77, 80, 128]
[76, 89, 132]
[77, 88, 130]
[77, 80, 127]
[75, 85, 129]
[75, 85, 129]
[77, 84, 128]
[77, 88, 130]
[75, 85, 129]
[77, 80, 127]
[74, 85, 129]
[75, 81, 129]
[77, 76, 127]
[76, 68, 123]
[74, 73, 125]
[75, 80, 125]
[72, 84, 125]
[72, 84, 125]
[71, 83, 129]
[71, 86, 131]
[74, 81, 129]
[74, 87, 126]
[74, 92, 127]
[73, 92, 127]
[73, 87, 126]
[71, 88, 128]
[74, 83, 126]
[75, 86, 127]
[75, 84, 125]
[77, 86, 125]
[74, 85, 123]
[74, 85, 123]
[74, 84, 125]
[74, 86, 127]
[74, 83, 126]
[74, 83, 126]
[74, 84, 125]
[75, 80, 125]
[75, 80, 125]
[77, 78, 124]
[73, 78, 128]
[69, 70, 127]
[72, 79, 126]
[74, 86, 127]
[74, 84, 125]
[74, 84, 125]
[74, 84, 125]
[77, 91, 126]
[76, 93, 126]
[75, 87, 126]
[77, 86, 125]
[75, 86, 127]
[72, 84, 125]
[71, 88, 127]
[72, 84, 125]
[73, 79, 126]
[73, 79, 126]
[71, 85, 126]
[72, 81, 123]
[72, 85, 123]
[71, 85, 126]
[71, 88, 127]
[73, 92, 127]
[72, 84, 125]
[70, 88, 127]
[69, 85, 126]
[68, 90, 128]
[69, 85, 126]
[70, 88, 127]
[80, 63, 134]
[74, 68, 136]
[76, 63, 134]
[74, 68, 135]
[76, 58, 133]
[71, 55, 134]
[73, 49, 134]
[72, 58, 136]
[76, 66, 136]
[74, 64, 135]
[74, 64, 135]
[76, 58, 133]
[76, 58, 133]
[74, 64, 135]
[76, 67, 134]
[74, 65, 134]
[76, 62, 135]
[74, 67, 137]
[76, 66, 135]
[74, 65, 134]
[74, 59, 134]
[76, 58, 132]
[80, 63, 133]
[80, 64, 132]
[74, 66, 131]
[74, 70, 132]
[76, 68, 131]
[74, 70, 132]
[80, 65, 130]
[76, 68, 131]
[74, 67, 130]
[72, 61, 129]
[71, 66, 131]
[73, 75, 132]
[75, 82, 133]
[75, 79, 133]
[75, 75, 133]
[73, 75, 133]
[74, 82, 134]
[72, 75, 132]
[70, 77, 133]
[72, 70, 131]
[76, 65, 129]
[76, 70, 128]
[76, 70, 127]
[80, 80, 128]
[80, 80, 128]
[80, 83, 129]
[77, 83, 129]
[73, 76, 130]
[77, 78, 130]
[75, 82, 128]
[75, 85, 129]
[77, 90, 127]
[75, 84, 130]
[80, 82, 130]
[77, 83, 129]
[80, 79, 129]
[80, 82, 131]
[77, 78, 130]
[75, 83, 132]
[75, 76, 130]
[72, 68, 127]
[73, 77, 129]
[77, 82, 130]
[75, 80, 130]
[75, 84, 131]
[77, 88, 130]
[74, 90, 130]
[73, 86, 127]
[71, 84, 127]
[73, 86, 127]
[74, 85, 129]
[76, 95, 129]
[76, 100, 130]
[74, 92, 127]
[74, 87, 126]
[74, 82, 128]
[75, 85, 129]
[75, 82, 128]
[77, 84, 128]
[74, 83, 126]
[74, 87, 126]
[75, 84, 124]
[77, 86, 124]
[75, 84, 124]
[75, 84, 125]
[77, 86, 124]
[75, 84, 125]
[77, 86, 125]
[75, 87, 126]
[72, 83, 126]
[71, 83, 129]
[74, 85, 129]
[75, 84, 125]
[77, 84, 128]
[75, 82, 128]
[74, 86, 127]
[76, 96, 128]
[76, 96, 127]
[76, 93, 126]
[77, 78, 124]
[72, 84, 125]
[72, 83, 126]
[73, 86, 127]
[73, 92, 127]
[73, 87, 126]
[72, 84, 124]
[72, 84, 125]
[74, 87, 126]
[77, 82, 124]
[75, 84, 124]
[77, 86, 125]
[75, 84, 125]
[75, 87, 126]
[72, 84, 125]
[68, 86, 127]
[68, 86, 127]
[66, 87, 126]
[70, 88, 127]
[76, 63, 134]
[74, 68, 135]
[76, 67, 133]
[74, 61, 130]
[73, 56, 131]
[76, 55, 131]
[76, 49, 130]
[73, 56, 132]
[76, 58, 133]
[74, 65, 134]
[74, 65, 133]
[76, 67, 133]
[72, 59, 134]
[72, 59, 135]
[74, 67, 137]
[74, 64, 135]
[74, 65, 134]
[76, 67, 134]
[74, 67, 137]
[72, 64, 135]
[74, 68, 136]
[74, 66, 131]
[80, 69, 130]
[80, 65, 129]
[76, 68, 131]
[72, 70, 132]
[74, 66, 131]
[80, 68, 131]
[82, 65, 129]
[80, 69, 129]
[76, 69, 130]
[74, 66, 131]
[76, 68, 131]
[75, 79, 133]
[77, 78, 131]
[77, 83, 129]
[75, 76, 131]
[72, 75, 132]
[72, 79, 132]
[74, 82, 133]
[72, 79, 132]
[74, 71, 129]
[74, 67, 129]
[76, 69, 129]
[74, 71, 129]
[80, 80, 128]
[77, 79, 129]
[80, 81, 132]
[77, 78, 131]
[77, 82, 131]
[77, 82, 130]
[75, 80, 130]
[75, 83, 132]
[77, 81, 132]
[77, 78, 131]
[73, 75, 132]
[75, 75, 132]
[75, 81, 129]
[75, 86, 127]
[77, 82, 124]
[76, 73, 123]
[74, 72, 127]
[74, 72, 128]
[73, 78, 128]
[74, 85, 129]
[74, 83, 126]
[75, 86, 127]
[77, 94, 127]
[77, 100, 128]
[74, 92, 127]
[76, 92, 127]
[75, 87, 126]
[77, 90, 127]
[76, 92, 127]
[77, 100, 128]
[73, 92, 127]
[73, 87, 126]
[71, 86, 130]
[75, 82, 128]
[75, 86, 127]
[75, 84, 125]
[75, 87, 126]
[75, 84, 125]
[75, 85, 129]
[75, 84, 130]
[77, 82, 125]
[75, 84, 124]
[77, 86, 124]
[75, 84, 124]
[77, 86, 124]
[75, 87, 126]
[72, 84, 125]
[75, 84, 125]
[75, 87, 126]
[77, 85, 126]
[73, 79, 126]
[71, 82, 130]
[73, 84, 131]
[73, 84, 131]
[75, 84, 130]
[75, 82, 128]
[77, 86, 125]
[75, 84, 125]
[75, 87, 126]
[76, 98, 125]
[77, 97, 123]
[76, 94, 125]
[74, 92, 127]
[73, 90, 130]
[76, 92, 128]
[75, 83, 126]
[74, 87, 126]
[72, 84, 125]
[73, 79, 126]
[75, 79, 126]
[72, 79, 126]
[67, 80, 130]
[67, 80, 131]
[68, 89, 129]
[69, 85, 126]
[74, 64, 136]
[76, 66, 136]
[76, 63, 134]
[76, 58, 131]
[73, 56, 132]
[76, 58, 132]
[76, 58, 133]
[80, 63, 133]
[80, 64, 132]
[76, 64, 132]
[74, 65, 133]
[74, 64, 135]
[72, 67, 137]
[72, 64, 135]
[76, 66, 136]
[74, 64, 136]
[74, 67, 137]
[76, 62, 135]
[76, 66, 136]
[75, 73, 137]
[75, 77, 136]
[80, 77, 132]
[80, 78, 131]
[77, 74, 131]
[76, 65, 130]
[74, 70, 132]
[76, 65, 130]
[74, 70, 132]
[80, 66, 128]
[80, 69, 129]
[80, 75, 130]
[80, 74, 131]
[75, 75, 133]
[77, 73, 132]
[75, 79, 133]
[77, 77, 132]
[75, 81, 136]
[77, 77, 132]
[75, 80, 131]
[77, 83, 129]
[77, 80, 128]
[75, 76, 131]
[75, 75, 132]
[77, 74, 131]
[74, 71, 130]
[80, 75, 129]
[80, 79, 129]
[80, 80, 128]
[75, 86, 127]
[77, 82, 125]
[77, 82, 125]
[75, 87, 126]
[75, 85, 129]
[77, 78, 125]
[76, 71, 126]
[72, 71, 129]
[71, 67, 130]
[69, 72, 131]
[72, 80, 131]
[74, 81, 129]
[74, 85, 129]
[74, 81, 129]
[75, 84, 130]
[74, 82, 128]
[72, 77, 129]
[72, 76, 131]
[74, 83, 132]
[76, 89, 132]
[77, 82, 125]
[75, 86, 127]
[75, 83, 126]
[77, 86, 125]
[75, 87, 126]
[77, 86, 125]
[77, 82, 124]
[75, 87, 126]
[75, 85, 129]
[74, 84, 130]
[73, 84, 131]
[72, 81, 129]
[75, 86, 127]
[76, 96, 128]
[74, 88, 125]
[73, 87, 126]
[70, 79, 129]
[73, 77, 129]
[74, 82, 128]
[74, 83, 126]
[74, 83, 126]
[74, 85, 129]
[74, 86, 127]
[75, 84, 125]
[75, 84, 125]
[77, 86, 125]
[75, 87, 126]
[75, 87, 126]
[72, 83, 126]
[74, 87, 126]
[73, 87, 126]
[73, 80, 125]
[75, 86, 127]
[75, 83, 126]
[77, 82, 124]
[75, 88, 125]
[77, 91, 126]
[75, 84, 125]
[74, 84, 124]
[73, 93, 126]
[71, 94, 128]
[73, 92, 128]
[71, 83, 129]
[71, 88, 128]
[73, 86, 127]
[72, 80, 125]
[72, 80, 125]
[71, 85, 126]
[71, 86, 130]
[68, 84, 130]
[69, 84, 127]
[70, 80, 127]
[74, 64, 135]
[76, 66, 136]
[73, 55, 134]
[76, 58, 133]
[74, 59, 134]
[76, 58, 133]
[80, 58, 133]
[80, 58, 132]
[80, 67, 134]
[76, 63, 133]
[74, 68, 135]
[76, 63, 133]
[74, 68, 135]
[74, 64, 135]
[74, 67, 137]
[76, 63, 134]
[80, 63, 134]
[77, 72, 134]
[76, 67, 133]
[75, 73, 136]
[75, 81, 136]
[77, 77, 132]
[77, 77, 132]
[77, 73, 132]
[76, 65, 130]
[72, 69, 134]
[72, 68, 135]
[74, 65, 134]
[74, 65, 133]
[76, 69, 130]
[80, 69, 130]
[80, 73, 132]
[75, 74, 135]
[77, 72, 134]
[75, 75, 133]
[77, 77, 132]
[77, 81, 133]
[80, 77, 132]
[80, 78, 131]
[77, 81, 132]
[75, 79, 132]
[77, 78, 130]
[75, 84, 131]
[77, 75, 130]
[75, 76, 131]
[77, 74, 131]
[80, 78, 130]
[80, 79, 129]
[77, 82, 130]
[77, 79, 129]
[75, 82, 128]
[77, 84, 128]
[75, 84, 130]
[77, 75, 130]
[77, 74, 131]
[75, 76, 131]
[72, 77, 129]
[67, 74, 128]
[71, 72, 128]
[71, 82, 131]
[74, 84, 131]
[74, 82, 128]
[75, 82, 128]
[74, 85, 129]
[73, 86, 127]
[73, 79, 126]
[77, 82, 125]
[75, 86, 127]
[77, 82, 125]
[75, 85, 129]
[77, 84, 128]
[75, 84, 125]
[75, 87, 126]
[77, 86, 125]
[77, 82, 125]
[75, 87, 126]
[75, 84, 125]
[74, 86, 127]
[73, 85, 129]
[71, 82, 130]
[71, 82, 130]
[74, 90, 131]
[71, 86, 130]
[73, 85, 129]
[71, 83, 129]
[72, 78, 128]
[73, 78, 128]
[74, 83, 126]
[71, 88, 127]
[74, 84, 125]
[75, 82, 128]
[75, 85, 129]
[75, 82, 128]
[77, 84, 128]
[75, 85, 129]
[77, 90, 127]
[75, 86, 127]
[74, 86, 127]
[72, 82, 128]
[73, 85, 129]
[77, 80, 127]
[75, 85, 129]
[77, 85, 126]
[76, 92, 128]
[74, 90, 130]
[74, 82, 128]
[72, 83, 126]
[73, 92, 128]
[73, 85, 129]
[71, 88, 128]
[69, 84, 127]
[71, 88, 127]
[71, 88, 127]
[72, 83, 126]
[72, 82, 128]
[71, 83, 129]
[70, 86, 130]
[71, 85, 126]
[71, 89, 126]
[72, 84, 124]
[80, 63, 134]
[80, 63, 133]
[76, 67, 134]
[76, 63, 134]
[76, 66, 136]
[72, 64, 136]
[76, 58, 133]
[74, 59, 134]
[76, 63, 133]
[74, 65, 134]
[75, 74, 135]
[80, 72, 134]
[76, 66, 136]
[76, 62, 136]
[74, 67, 138]
[76, 63, 133]
[80, 63, 133]
[76, 67, 134]
[76, 63, 134]
[80, 72, 135]
[80, 76, 134]
[77, 77, 132]
[80, 79, 135]
[77, 72, 134]
[76, 67, 133]
[74, 66, 131]
[74, 70, 132]
[72, 66, 131]
[68, 63, 130]
[71, 66, 131]
[76, 69, 130]
[74, 71, 130]
[76, 66, 128]
[80, 75, 130]
[77, 78, 130]
[77, 78, 130]
[77, 78, 130]
[80, 82, 130]
[80, 82, 131]
[80, 78, 130]
[80, 82, 131]
[80, 80, 128]
[77, 76, 127]
[75, 78, 128]
[77, 76, 127]
[76, 72, 124]
[76, 67, 125]
[75, 76, 131]
[75, 82, 133]
[77, 75, 129]
[75, 77, 129]
[77, 76, 128]
[77, 79, 129]
[73, 76, 130]
[74, 84, 131]
[74, 80, 130]
[73, 84, 131]
[74, 80, 131]
[74, 80, 131]
[74, 84, 130]
[75, 87, 126]
[77, 86, 125]
[75, 78, 128]
[72, 76, 131]
[75, 80, 130]
[75, 81, 129]
[75, 82, 128]
[77, 83, 129]
[75, 82, 128]
[77, 85, 126]
[75, 83, 126]
[77, 91, 126]
[75, 87, 126]
[77, 91, 126]
[76, 92, 128]
[74, 90, 131]
[71, 91, 132]
[74, 92, 128]
[72, 84, 125]
[73, 86, 127]
[73, 85, 129]
[71, 83, 129]
[73, 85, 129]
[74, 83, 126]
[74, 84, 125]
[75, 88, 125]
[77, 86, 125]
[74, 82, 128]
[77, 84, 128]
[76, 90, 130]
[74, 90, 130]
[74, 86, 127]
[74, 86, 127]
[74, 84, 125]
[74, 84, 125]
[74, 87, 126]
[76, 96, 128]
[76, 96, 128]
[76, 96, 127]
[73, 88, 124]
[71, 86, 124]
[73, 88, 125]
[72, 84, 125]
[71, 88, 127]
[72, 84, 125]
[71, 88, 127]
[71, 88, 127]
[72, 84, 125]
[72, 84, 125]
[70, 81, 126]
[70, 81, 126]
[72, 79, 126]
[69, 72, 124]
[71, 72, 127]
[72, 79, 126]
[71, 85, 126]
[71, 89, 126]
[74, 84, 124]
[77, 83, 123]
[74, 88, 124]
[80, 63, 134]
[80, 63, 134]
[80, 62, 135]
[76, 67, 134]
[76, 66, 135]
[72, 58, 136]
[66, 51, 135]
[71, 56, 133]
[74, 59, 135]
[72, 63, 137]
[76, 65, 137]
[75, 73, 136]
[74, 64, 135]
[76, 58, 133]
[76, 63, 133]
[74, 65, 134]
[76, 64, 132]
[74, 69, 134]
[80, 64, 132]
[80, 67, 134]
[80, 76, 135]
[80, 76, 134]
[80, 81, 133]
[77, 74, 131]
[74, 67, 129]
[72, 71, 130]
[71, 68, 128]
[71, 71, 130]
[69, 69, 130]
[71, 71, 130]
[72, 67, 129]
[75, 76, 130]
[75, 81, 129]
[77, 79, 129]
[75, 75, 132]
[76, 69, 130]
[77, 78, 131]
[75, 79, 132]
[77, 78, 131]
[77, 81, 132]
[75, 82, 133]
[77, 77, 132]
[75, 75, 133]
[77, 74, 131]
[75, 80, 130]
[80, 76, 128]
[77, 75, 129]
[75, 77, 129]
[75, 84, 130]
[80, 79, 129]
[80, 78, 130]
[77, 75, 129]
[76, 70, 127]
[75, 78, 128]
[77, 84, 128]
[75, 82, 128]
[77, 84, 128]
[75, 82, 128]
[77, 82, 125]
[75, 87, 126]
[77, 86, 125]
[73, 79, 126]
[71, 70, 124]
[71, 74, 124]
[72, 80, 125]
[75, 84, 125]
[75, 84, 125]
[80, 86, 125]
[80, 90, 127]
[80, 91, 126]
[75, 87, 126]
[77, 93, 124]
[75, 88, 124]
[77, 92, 125]
[77, 91, 126]
[74, 92, 127]
[74, 92, 128]
[76, 90, 130]
[76, 93, 131]
[74, 92, 128]
[71, 83, 129]
[74, 84, 130]
[75, 84, 130]
[75, 81, 129]
[76, 92, 128]
[77, 92, 125]
[77, 86, 124]
[80, 82, 124]
[77, 82, 124]
[76, 92, 127]
[74, 87, 126]
[73, 85, 129]
[70, 78, 130]
[71, 72, 128]
[71, 82, 131]
[72, 83, 126]
[74, 93, 126]
[76, 93, 126]
[75, 87, 126]
[74, 86, 127]
[73, 86, 127]
[71, 85, 126]
[73, 87, 126]
[71, 85, 126]
[71, 85, 126]
[73, 87, 126]
[74, 87, 126]
[72, 80, 125]
[70, 81, 126]
[72, 79, 126]
[70, 80, 127]
[72, 78, 128]
[73, 79, 126]
[73, 80, 125]
[73, 87, 126]
[72, 84, 125]
[73, 87, 126]
[72, 84, 125]
[71, 88, 127]
[72, 84, 125]
[73, 56, 132]
[76, 63, 133]
[76, 67, 134]
[80, 63, 133]
[80, 67, 134]
[76, 63, 134]
[76, 66, 135]
[74, 65, 134]
[74, 65, 134]
[76, 58, 132]
[74, 65, 134]
[74, 65, 133]
[74, 68, 135]
[76, 63, 134]
[72, 68, 135]
[72, 64, 135]
[74, 64, 135]
[74, 68, 135]
[80, 67, 133]
[76, 64, 132]
[74, 65, 133]
[76, 68, 131]
[74, 66, 131]
[76, 68, 131]
[72, 66, 131]
[73, 75, 133]
[75, 82, 134]
[76, 88, 133]
[75, 83, 132]
[80, 81, 132]
[80, 75, 130]
[77, 74, 131]
[77, 73, 132]
[75, 75, 133]
[74, 67, 130]
[76, 69, 129]
[74, 67, 129]
[76, 70, 127]
[75, 84, 130]
[77, 80, 127]
[75, 81, 129]
[77, 83, 129]
[75, 81, 129]
[77, 75, 129]
[80, 84, 128]
[80, 82, 125]
[80, 82, 124]
[80, 84, 128]
[80, 80, 128]
[80, 83, 129]
[80, 83, 129]
[80, 80, 128]
[75, 85, 129]
[77, 82, 125]
[77, 83, 129]
[74, 80, 130]
[77, 82, 130]
[75, 81, 129]
[77, 85, 126]
[75, 83, 126]
[72, 82, 128]
[71, 72, 128]
[69, 73, 129]
[71, 69, 126]
[75, 82, 128]
[75, 83, 126]
[75, 86, 127]
[77, 82, 124]
[75, 87, 126]
[77, 92, 125]
[72, 84, 125]
[73, 87, 126]
[73, 87, 126]
[75, 84, 125]
[75, 85, 129]
[77, 88, 130]
[77, 83, 129]
[75, 84, 130]
[72, 82, 128]
[73, 85, 129]
[71, 86, 130]
[74, 83, 126]
[77, 85, 126]
[75, 84, 125]
[75, 84, 125]
[75, 80, 125]
[74, 70, 123]
[80, 78, 124]
[75, 84, 125]
[77, 82, 124]
[75, 87, 126]
[77, 91, 126]
[74, 92, 127]
[72, 80, 125]
[71, 83, 129]
[74, 80, 130]
[75, 84, 131]
[75, 82, 128]
[74, 85, 129]
[72, 83, 126]
[71, 88, 127]
[72, 80, 124]
[72, 80, 125]
[70, 81, 126]
[72, 84, 125]
[74, 86, 127]
[72, 83, 126]
[74, 87, 126]
[74, 84, 125]
[74, 88, 125]
[71, 88, 127]
[73, 92, 128]
[76, 92, 127]
[74, 94, 125]
[73, 92, 127]
[74, 92, 127]
[72, 84, 125]
[73, 85, 129]
[72, 82, 128]
[70, 79, 129]
[73, 51, 131]
[76, 58, 131]
[74, 69, 134]
[80, 63, 133]
[76, 67, 134]
[76, 64, 132]
[76, 65, 130]
[80, 69, 129]
[80, 69, 130]
[76, 59, 129]
[76, 55, 130]
[74, 65, 134]
[74, 68, 136]
[76, 63, 134]
[76, 66, 135]
[72, 65, 134]
[76, 67, 133]
[74, 66, 131]
[80, 66, 135]
[80, 63, 134]
[74, 65, 134]
[76, 68, 131]
[74, 70, 132]
[76, 65, 130]
[74, 70, 132]
[75, 79, 133]
[75, 79, 133]
[77, 86, 133]
[75, 79, 132]
[77, 82, 131]
[74, 70, 131]
[77, 74, 131]
[77, 74, 131]
[74, 70, 132]
[74, 70, 132]
[76, 68, 131]
[74, 66, 131]
[76, 68, 131]
[75, 79, 133]
[77, 78, 130]
[80, 80, 128]
[80, 83, 129]
[75, 84, 130]
[77, 76, 128]
[80, 80, 127]
[80, 82, 125]
[80, 83, 129]
[80, 79, 129]
[80, 83, 129]
[80, 80, 127]
[82, 80, 127]
[80, 83, 129]
[80, 78, 130]
[77, 82, 131]
[75, 80, 131]
[74, 84, 130]
[74, 84, 130]
[74, 83, 126]
[75, 86, 127]
[74, 82, 128]
[73, 77, 129]
[71, 72, 128]
[71, 68, 127]
[72, 72, 127]
[77, 82, 125]
[75, 82, 128]
[75, 82, 128]
[77, 80, 128]
[77, 82, 125]
[76, 92, 127]
[73, 86, 127]
[72, 83, 126]
[72, 82, 128]
[75, 84, 130]
[75, 84, 130]
[77, 89, 129]
[77, 84, 128]
[75, 85, 129]
[73, 85, 129]
[72, 78, 128]
[71, 86, 130]
[74, 80, 130]
[77, 79, 129]
[75, 81, 129]
[74, 83, 126]
[73, 79, 126]
[74, 73, 125]
[76, 73, 123]
[77, 78, 124]
[77, 85, 126]
[76, 92, 128]
[77, 90, 127]
[76, 92, 127]
[74, 82, 128]
[73, 84, 131]
[72, 77, 129]
[74, 86, 127]
[74, 84, 125]
[72, 84, 125]
[73, 87, 126]
[73, 84, 130]
[71, 82, 130]
[70, 78, 130]
[73, 78, 128]
[74, 86, 127]
[72, 84, 125]
[73, 87, 126]
[74, 92, 128]
[74, 90, 130]
[74, 90, 130]
[73, 90, 131]
[73, 90, 131]
[76, 96, 128]
[74, 93, 126]
[71, 85, 126]
[73, 84, 130]
[74, 90, 131]
[74, 84, 130]
[72, 82, 128]
[73, 78, 128]
[80, 67, 133]
[80, 64, 132]
[76, 67, 133]
[76, 64, 132]
[74, 65, 133]
[76, 64, 132]
[76, 67, 134]
[80, 76, 134]
[80, 73, 132]
[76, 68, 131]
[74, 65, 133]
[80, 63, 133]
[76, 67, 134]
[76, 58, 132]
[74, 60, 132]
[74, 65, 133]
[76, 63, 133]
[74, 68, 135]
[76, 66, 135]
[80, 63, 134]
[80, 76, 135]
[77, 73, 132]
[74, 70, 132]
[72, 66, 131]
[74, 67, 130]
[75, 75, 133]
[75, 75, 133]
[77, 73, 132]
[75, 79, 133]
[77, 78, 131]
[77, 74, 131]
[73, 75, 133]
[73, 74, 135]
[73, 73, 136]
[74, 65, 134]
[74, 70, 132]
[76, 65, 130]
[72, 61, 130]
[72, 70, 132]
[74, 66, 131]
[76, 65, 130]
[74, 71, 130]
[76, 69, 129]
[73, 75, 132]
[77, 74, 131]
[75, 79, 133]
[75, 82, 134]
[74, 80, 131]
[76, 72, 124]
[72, 73, 125]
[75, 82, 128]
[77, 84, 128]
[77, 80, 127]
[75, 85, 129]
[71, 86, 130]
[72, 84, 125]
[71, 84, 127]
[74, 82, 128]
[74, 82, 128]
[76, 92, 127]
[77, 86, 125]
[73, 80, 125]
[73, 86, 127]
[74, 83, 126]
[77, 80, 127]
[75, 85, 129]
[77, 76, 127]
[75, 77, 129]
[75, 84, 130]
[77, 80, 128]
[74, 85, 129]
[74, 81, 129]
[74, 85, 129]
[74, 84, 125]
[77, 82, 124]
[76, 92, 127]
[77, 90, 127]
[75, 85, 129]
[71, 72, 127]
[71, 73, 125]
[70, 81, 126]
[72, 84, 125]
[71, 83, 129]
[74, 82, 128]
[74, 82, 128]
[73, 87, 126]
[74, 84, 125]
[75, 87, 126]
[75, 84, 125]
[80, 91, 126]
[76, 92, 127]
[77, 89, 129]
[77, 83, 129]
[73, 77, 129]
[71, 83, 129]
[72, 84, 125]
[71, 88, 127]
[72, 84, 125]
[70, 79, 129]
[72, 81, 129]
[71, 83, 129]
[72, 77, 129]
[74, 81, 129]
[75, 78, 128]
[75, 83, 126]
[72, 83, 126]
[71, 84, 127]
[74, 87, 126]
[73, 87, 126]
[72, 84, 125]
[74, 84, 125]
[74, 87, 126]
[71, 83, 129]
[73, 86, 127]
[72, 83, 126]
[75, 86, 127]
[76, 96, 128]
[77, 95, 126]
[76, 92, 127]
[77, 86, 125]
[80, 65, 130]
[80, 65, 130]
[74, 60, 132]
[76, 58, 131]
[74, 69, 134]
[74, 65, 133]
[74, 65, 133]
[74, 69, 134]
[80, 72, 134]
[76, 67, 133]
[74, 65, 133]
[80, 67, 134]
[80, 67, 134]
[76, 65, 130]
[76, 58, 131]
[74, 65, 134]
[76, 63, 133]
[74, 69, 134]
[74, 70, 132]
[77, 78, 131]
[75, 79, 133]
[77, 81, 133]
[77, 77, 132]
[75, 75, 132]
[75, 76, 131]
[75, 76, 131]
[75, 75, 133]
[75, 75, 133]
[77, 73, 132]
[75, 75, 133]
[75, 75, 133]
[71, 70, 132]
[69, 68, 132]
[71, 70, 132]
[69, 71, 133]
[72, 66, 131]
[72, 61, 130]
[72, 61, 130]
[72, 61, 130]
[72, 67, 129]
[76, 67, 126]
[74, 72, 127]
[74, 71, 130]
[73, 75, 132]
[75, 82, 133]
[75, 80, 130]
[77, 82, 125]
[75, 86, 127]
[77, 84, 128]
[73, 78, 128]
[75, 81, 129]
[75, 80, 130]
[77, 79, 129]
[75, 85, 129]
[74, 82, 128]
[70, 78, 130]
[70, 77, 132]
[74, 81, 129]
[77, 82, 125]
[75, 85, 129]
[74, 81, 129]
[72, 77, 129]
[72, 81, 129]
[71, 82, 130]
[75, 81, 129]
[75, 84, 130]
[77, 82, 125]
[75, 87, 126]
[75, 84, 125]
[77, 86, 125]
[77, 82, 124]
[74, 85, 129]
[77, 80, 128]
[75, 83, 126]
[75, 84, 125]
[77, 94, 127]
[77, 91, 126]
[75, 87, 126]
[72, 74, 124]
[71, 69, 126]
[69, 70, 127]
[71, 73, 125]
[70, 80, 127]
[72, 78, 128]
[71, 82, 130]
[74, 90, 131]
[76, 99, 132]
[74, 92, 127]
[75, 84, 125]
[75, 84, 125]
[77, 82, 125]
[77, 86, 125]
[77, 86, 125]
[72, 82, 128]
[71, 82, 130]
[73, 84, 131]
[74, 85, 129]
[74, 83, 126]
[74, 83, 126]
[74, 84, 125]
[73, 87, 126]
[74, 83, 126]
[77, 78, 124]
[75, 80, 125]
[75, 80, 125]
[73, 80, 125]
[72, 82, 128]
[72, 78, 128]
[73, 78, 128]
[72, 80, 125]
[71, 85, 126]
[74, 87, 126]
[71, 88, 127]
[74, 84, 125]
[75, 88, 125]
[77, 84, 122]
[76, 95, 124]
[80, 96, 125]
[80, 100, 128]
[80, 94, 127]
[73, 51, 131]
[80, 58, 133]
[76, 63, 133]
[76, 64, 132]
[77, 73, 132]
[74, 70, 132]
[74, 66, 131]
[76, 68, 131]
[76, 64, 132]
[74, 69, 134]
[76, 64, 132]
[74, 68, 135]
[74, 68, 135]
[76, 64, 132]
[76, 63, 133]
[74, 64, 135]
[72, 64, 135]
[72, 68, 135]
[72, 69, 134]
[75, 79, 133]
[77, 81, 133]
[75, 75, 133]
[72, 70, 132]
[72, 70, 131]
[74, 66, 131]
[74, 71, 130]
[76, 65, 129]
[74, 70, 132]
[76, 68, 131]
[74, 66, 131]
[74, 61, 130]
[72, 61, 129]
[76, 69, 130]
[74, 67, 130]
[73, 75, 133]
[75, 75, 133]
[77, 73, 132]
[74, 79, 132]
[74, 82, 128]
[75, 84, 125]
[77, 86, 125]
[75, 84, 125]
[74, 84, 130]
[74, 80, 130]
[75, 84, 131]
[77, 83, 129]
[77, 84, 128]
[75, 85, 129]
[75, 81, 129]
[77, 83, 129]
[77, 83, 129]
[74, 72, 127]
[71, 69, 126]
[72, 78, 128]
[72, 78, 128]
[70, 78, 130]
[71, 71, 129]
[70, 78, 131]
[73, 76, 130]
[75, 81, 129]
[75, 83, 126]
[72, 79, 126]
[70, 78, 130]
[72, 77, 129]
[72, 82, 128]
[74, 83, 126]
[73, 87, 126]
[73, 87, 126]
[75, 82, 128]
[75, 85, 129]
[77, 84, 128]
[80, 80, 127]
[76, 71, 126]
[77, 78, 125]
[75, 84, 125]
[77, 91, 126]
[77, 91, 126]
[77, 86, 125]
[74, 74, 124]
[72, 72, 128]
[71, 68, 127]
[73, 78, 128]
[77, 78, 125]
[73, 80, 125]
[74, 87, 126]
[74, 84, 125]
[76, 92, 127]
[77, 86, 125]
[77, 79, 123]
[73, 82, 121]
[75, 86, 122]
[77, 86, 125]
[77, 79, 129]
[74, 84, 131]
[74, 83, 126]
[74, 88, 125]
[75, 85, 123]
[74, 87, 126]
[74, 86, 127]
[72, 83, 126]
[73, 87, 126]
[72, 84, 125]
[71, 88, 127]
[72, 84, 125]
[74, 84, 125]
[72, 78, 128]
[69, 74, 128]
[69, 74, 128]
[74, 72, 127]
[74, 83, 126]
[74, 83, 126]
[74, 87, 126]
[75, 84, 125]
[72, 74, 124]
[74, 74, 124]
[75, 84, 125]
[75, 87, 126]
[77, 96, 125]
[76, 102, 127]
[77, 93, 124]
[76, 49, 131]
[80, 58, 133]
[80, 58, 132]
[80, 73, 132]
[77, 73, 132]
[80, 73, 132]
[80, 65, 130]
[76, 68, 131]
[74, 65, 133]
[76, 67, 134]
[76, 67, 134]
[74, 65, 133]
[74, 70, 132]
[76, 65, 130]
[74, 70, 132]
[76, 64, 132]
[71, 68, 136]
[71, 64, 135]
[69, 69, 137]
[73, 75, 133]
[77, 79, 135]
[75, 73, 136]
[69, 66, 135]
[71, 69, 134]
[74, 70, 132]
[74, 66, 131]
[74, 66, 131]
[76, 69, 130]
[76, 68, 131]
[74, 66, 131]
[76, 58, 131]
[74, 61, 130]
[74, 66, 131]
[77, 75, 130]
[77, 75, 129]
[75, 76, 130]
[77, 82, 130]
[74, 81, 129]
[77, 80, 128]
[75, 84, 130]
[75, 84, 130]
[75, 81, 129]
[73, 84, 131]
[74, 80, 131]
[75, 83, 132]
[75, 81, 129]
[75, 85, 129]
[77, 82, 125]
[75, 82, 128]
[77, 80, 127]
[75, 82, 128]
[72, 72, 128]
[71, 71, 130]
[67, 69, 130]
[68, 77, 132]
[71, 82, 131]
[71, 82, 130]
[72, 78, 128]
[75, 78, 128]
[75, 82, 128]
[77, 83, 129]
[74, 80, 130]
[73, 84, 130]
[74, 83, 126]
[73, 87, 126]
[74, 84, 125]
[71, 94, 128]
[73, 92, 127]
[75, 86, 127]
[75, 82, 128]
[80, 84, 128]
[80, 82, 124]
[76, 73, 123]
[76, 73, 123]
[77, 82, 124]
[75, 83, 126]
[77, 80, 127]
[75, 86, 127]
[75, 79, 126]
[72, 73, 125]
[72, 69, 126]
[75, 77, 129]
[75, 85, 129]
[77, 80, 127]
[75, 82, 128]
[75, 84, 130]
[75, 81, 129]
[75, 84, 130]
[77, 82, 125]
[75, 83, 126]
[75, 83, 126]
[77, 91, 126]
[75, 84, 125]
[75, 88, 125]
[72, 84, 125]
[75, 87, 126]
[75, 84, 125]
[74, 87, 126]
[74, 83, 126]
[74, 86, 127]
[73, 87, 126]
[72, 83, 126]
[71, 88, 128]
[73, 80, 125]
[70, 81, 126]
[72, 80, 125]
[71, 70, 123]
[69, 75, 125]
[72, 80, 125]
[74, 83, 126]
[74, 83, 126]
[74, 87, 126]
[74, 84, 125]
[72, 80, 125]
[72, 80, 125]
[75, 84, 125]
[75, 85, 123]
[77, 93, 124]
[77, 93, 123]
[74, 90, 122]
[74, 60, 132]
[76, 65, 130]
[74, 70, 131]
[76, 65, 130]
[74, 70, 132]
[80, 59, 129]
[82, 59, 129]
[80, 58, 131]
[83, 54, 132]
[80, 58, 133]
[82, 63, 134]
[80, 72, 134]
[80, 77, 132]
[80, 73, 132]
[80, 64, 132]
[72, 69, 134]
[69, 67, 134]
[70, 59, 133]
[72, 65, 133]
[74, 66, 131]
[77, 73, 132]
[75, 75, 133]
[74, 70, 131]
[72, 66, 131]
[72, 66, 131]
[74, 70, 132]
[74, 66, 131]
[76, 68, 131]
[74, 66, 131]
[76, 59, 129]
[74, 68, 128]
[77, 78, 124]
[80, 82, 124]
[80, 82, 124]
[75, 85, 129]
[77, 80, 128]
[77, 79, 129]
[75, 83, 132]
[75, 80, 131]
[77, 83, 129]
[80, 80, 128]
[77, 84, 128]
[77, 86, 125]
[75, 80, 125]
[75, 87, 126]
[75, 84, 125]
[77, 82, 124]
[80, 85, 126]
[77, 84, 128]
[75, 77, 129]
[72, 71, 130]
[72, 71, 130]
[71, 67, 130]
[69, 71, 132]
[71, 81, 133]
[75, 80, 130]
[75, 85, 129]
[77, 85, 126]
[77, 83, 129]
[75, 76, 130]
[77, 75, 129]
[75, 82, 128]
[77, 83, 129]
[75, 81, 129]
[77, 82, 125]
[75, 87, 126]
[75, 87, 126]
[77, 82, 124]
[77, 86, 125]
[75, 84, 125]
[77, 86, 125]
[75, 84, 125]
[77, 78, 124]
[75, 80, 125]
[77, 86, 124]
[75, 84, 124]
[74, 87, 126]
[73, 79, 126]
[71, 70, 124]
[69, 75, 125]
[71, 70, 123]
[73, 80, 125]
[75, 84, 125]
[75, 84, 125]
[77, 82, 124]
[75, 86, 127]
[74, 85, 129]
[73, 79, 126]
[75, 84, 125]
[75, 84, 125]
[77, 82, 124]
[75, 88, 125]
[75, 84, 125]
[73, 86, 127]
[73, 85, 129]
[70, 79, 129]
[74, 81, 129]
[72, 81, 129]
[74, 86, 127]
[74, 84, 125]
[71, 85, 126]
[72, 79, 126]
[70, 80, 127]
[72, 80, 125]
[72, 80, 125]
[73, 80, 125]
[71, 74, 124]
[71, 73, 125]
[69, 75, 126]
[74, 84, 125]
[74, 87, 126]
[74, 86, 127]
[71, 88, 128]
[72, 83, 126]
[74, 83, 126]
[75, 88, 125]
[77, 87, 123]
[75, 84, 124]
[72, 84, 125]
[73, 86, 127]
[74, 60, 132]
[72, 59, 134]
[72, 64, 135]
[72, 65, 134]
[72, 65, 133]
[73, 56, 131]
[76, 49, 130]
[80, 56, 128]
[80, 51, 126]
[80, 60, 128]
[80, 68, 131]
[80, 78, 131]
[81, 81, 132]
[80, 73, 132]
[76, 64, 132]
[72, 69, 134]
[74, 69, 134]
[74, 66, 131]
[76, 68, 131]
[80, 65, 129]
[80, 65, 129]
[76, 69, 130]
[76, 69, 130]
[74, 67, 129]
[74, 67, 130]
[72, 71, 130]
[74, 67, 130]
[74, 70, 132]
[76, 68, 131]
[74, 67, 130]
[77, 76, 128]
[80, 80, 127]
[80, 85, 126]
[80, 78, 124]
[80, 82, 124]
[80, 82, 125]
[77, 80, 128]
[80, 83, 129]
[77, 83, 129]
[80, 80, 128]
[80, 80, 128]
[80, 89, 129]
[76, 90, 131]
[77, 82, 130]
[74, 82, 133]
[75, 79, 133]
[75, 82, 134]
[77, 78, 130]
[75, 85, 129]
[74, 86, 127]
[75, 82, 128]
[75, 78, 128]
[74, 81, 129]
[72, 81, 129]
[75, 80, 131]
[76, 88, 134]
[80, 90, 133]
[80, 88, 131]
[77, 88, 131]
[77, 82, 130]
[75, 84, 131]
[72, 81, 129]
[70, 79, 129]
[73, 79, 126]
[75, 83, 126]
[77, 78, 124]
[75, 80, 125]
[77, 76, 127]
[75, 81, 129]
[77, 82, 125]
[77, 85, 126]
[73, 80, 125]
[75, 80, 125]
[75, 80, 124]
[75, 80, 125]
[74, 83, 126]
[74, 84, 130]
[72, 77, 129]
[71, 73, 125]
[69, 72, 124]
[69, 72, 124]
[69, 75, 125]
[71, 70, 123]
[72, 74, 124]
[77, 78, 124]
[74, 84, 125]
[74, 82, 128]
[74, 81, 129]
[74, 84, 130]
[72, 83, 126]
[74, 83, 126]
[75, 83, 126]
[74, 85, 129]
[74, 82, 128]
[71, 85, 126]
[72, 84, 124]
[71, 74, 124]
[75, 78, 128]
[77, 80, 128]
[74, 82, 128]
[73, 78, 128]
[72, 78, 128]
[69, 71, 125]
[73, 80, 125]
[74, 84, 125]
[72, 82, 128]
[72, 82, 128]
[69, 74, 128]
[71, 69, 126]
[71, 82, 130]
[71, 88, 128]
[73, 87, 126]
[73, 87, 126]
[75, 85, 129]
[77, 84, 128]
[76, 92, 127]
[77, 87, 123]
[74, 88, 124]
[72, 84, 125]
[72, 84, 125]
[76, 58, 133]
[74, 60, 132]
[76, 65, 130]
[74, 69, 134]
[72, 65, 133]
[72, 69, 134]
[74, 65, 134]
[76, 67, 134]
[74, 65, 133]
[76, 65, 130]
[74, 66, 131]
[77, 73, 132]
[75, 79, 132]
[77, 78, 131]
[75, 75, 132]
[77, 74, 131]
[76, 65, 130]
[80, 68, 131]
[80, 75, 130]
[80, 69, 130]
[76, 65, 130]
[76, 68, 131]
[76, 67, 133]
[74, 60, 132]
[74, 60, 132]
[72, 66, 131]
[72, 70, 132]
[72, 61, 129]
[69, 68, 131]
[71, 70, 131]
[69, 72, 131]
[74, 81, 129]
[75, 84, 125]
[75, 80, 125]
[75, 84, 125]
[77, 82, 124]
[80, 86, 125]
[80, 86, 125]
[80, 85, 126]
[80, 82, 125]
[81, 84, 128]
[80, 92, 130]
[81, 94, 128]
[80, 100, 127]
[77, 91, 126]
[77, 86, 125]
[73, 80, 125]
[74, 84, 125]
[76, 96, 128]
[75, 87, 126]
[75, 85, 129]
[75, 82, 128]
[77, 82, 124]
[75, 83, 126]
[75, 85, 129]
[80, 88, 130]
[77, 83, 129]
[77, 89, 129]
[77, 91, 126]
[80, 100, 127]
[76, 101, 129]
[77, 85, 126]
[77, 80, 128]
[75, 77, 129]
[76, 70, 127]
[72, 73, 125]
[74, 70, 124]
[74, 73, 125]
[72, 74, 124]
[73, 79, 126]
[73, 78, 128]
[73, 80, 125]
[74, 74, 124]
[72, 74, 124]
[72, 74, 124]
[72, 70, 123]
[72, 80, 125]
[72, 79, 126]
[67, 70, 127]
[66, 75, 130]
[67, 80, 131]
[71, 82, 130]
[72, 81, 129]
[73, 77, 129]
[74, 68, 127]
[75, 79, 126]
[75, 83, 126]
[72, 82, 128]
[73, 84, 130]
[71, 82, 131]
[72, 79, 126]
[75, 80, 125]
[77, 82, 124]
[75, 84, 125]
[75, 84, 125]
[73, 87, 126]
[73, 87, 126]
[75, 83, 126]
[75, 78, 128]
[73, 78, 128]
[72, 78, 128]
[72, 72, 128]
[74, 69, 126]
[75, 79, 126]
[75, 83, 126]
[73, 87, 126]
[72, 84, 125]
[70, 81, 126]
[71, 70, 124]
[69, 75, 126]
[72, 84, 125]
[74, 84, 124]
[76, 92, 127]
[80, 91, 126]
[81, 86, 124]
[80, 86, 124]
[80, 87, 123]
[75, 82, 122]
[73, 82, 122]
[74, 86, 122]
[74, 65, 133]
[76, 63, 133]
[76, 63, 133]
[74, 69, 134]
[76, 64, 132]
[74, 69, 134]
[74, 65, 133]
[76, 68, 131]
[74, 70, 132]
[76, 65, 129]
[76, 65, 129]
[74, 66, 131]
[76, 64, 132]
[74, 69, 134]
[76, 65, 130]
[74, 70, 132]
[76, 65, 129]
[80, 69, 129]
[76, 65, 129]
[80, 69, 130]
[76, 65, 129]
[74, 70, 131]
[76, 68, 131]
[74, 66, 131]
[76, 68, 131]
[74, 67, 130]
[74, 71, 130]
[72, 62, 127]
[70, 61, 129]
[67, 68, 131]
[69, 71, 132]
[70, 78, 131]
[75, 78, 128]
[75, 82, 128]
[75, 80, 130]
[80, 83, 129]
[80, 84, 128]
[80, 86, 125]
[82, 82, 125]
[80, 82, 125]
[81, 85, 126]
[80, 94, 127]
[80, 94, 127]
[81, 101, 126]
[80, 86, 125]
[77, 86, 125]
[77, 80, 127]
[74, 82, 128]
[75, 82, 128]
[74, 86, 127]
[75, 83, 126]
[75, 83, 126]
[75, 85, 129]
[77, 82, 124]
[77, 92, 125]
[76, 93, 126]
[75, 87, 126]
[77, 91, 126]
[77, 94, 127]
[80, 100, 128]
[80, 100, 128]
[80, 91, 126]
[80, 82, 124]
[75, 79, 126]
[76, 67, 125]
[74, 72, 127]
[76, 67, 125]
[72, 72, 128]
[72, 70, 124]
[72, 74, 124]
[71, 75, 122]
[73, 80, 125]
[72, 72, 127]
[72, 68, 127]
[74, 72, 127]
[72, 69, 126]
[75, 78, 128]
[72, 79, 126]
[65, 72, 128]
[66, 75, 130]
[69, 82, 131]
[71, 82, 130]
[73, 86, 127]
[75, 80, 125]
[76, 73, 123]
[75, 80, 125]
[75, 84, 125]
[72, 83, 126]
[73, 87, 126]
[71, 83, 129]
[75, 86, 127]
[75, 80, 125]
[77, 86, 125]
[75, 84, 125]
[77, 82, 124]
[74, 88, 125]
[72, 84, 125]
[73, 78, 128]
[73, 77, 129]
[74, 81, 129]
[75, 78, 128]
[74, 72, 127]
[74, 70, 123]
[75, 84, 125]
[75, 84, 125]
[73, 85, 129]
[71, 83, 129]
[72, 79, 126]
[72, 80, 124]
[72, 80, 124]
[74, 88, 125]
[75, 85, 123]
[76, 94, 125]
[77, 93, 124]
[80, 86, 118]
[80, 88, 122]
[77, 82, 124]
[75, 80, 125]
[74, 74, 124]
[74, 84, 125]
[76, 58, 132]
[74, 60, 132]
[74, 60, 132]
[76, 58, 132]
[74, 69, 134]
[76, 64, 132]
[74, 65, 133]
[80, 67, 133]
[82, 63, 133]
[80, 63, 134]
[76, 58, 132]
[76, 65, 130]
[71, 70, 132]
[70, 60, 132]
[67, 58, 132]
[69, 57, 129]
[72, 61, 130]
[72, 67, 130]
[76, 65, 129]
[74, 70, 131]
[76, 65, 129]
[74, 71, 129]
[76, 70, 128]
[80, 76, 128]
[80, 80, 128]
[77, 80, 128]
[77, 83, 129]
[73, 76, 131]
[72, 70, 131]
[72, 66, 131]
[72, 67, 130]
[74, 71, 130]
[77, 79, 129]
[80, 84, 128]
[80, 85, 126]
[77, 85, 126]
[75, 87, 126]
[77, 80, 127]
[77, 84, 128]
[75, 84, 125]
[77, 86, 125]
[80, 82, 124]
[80, 83, 123]
[76, 73, 123]
[80, 69, 122]
[80, 78, 124]
[80, 86, 125]
[77, 80, 127]
[75, 76, 130]
[72, 78, 128]
[72, 77, 129]
[75, 81, 129]
[75, 82, 128]
[77, 85, 126]
[75, 84, 125]
[71, 88, 127]
[74, 92, 128]
[80, 90, 127]
[80, 91, 126]
[80, 86, 124]
[82, 82, 124]
[80, 85, 126]
[80, 82, 125]
[77, 86, 125]
[77, 82, 124]
[72, 73, 125]
[76, 68, 123]
[75, 80, 124]
[76, 70, 121]
[74, 74, 124]
[77, 82, 124]
[75, 84, 124]
[75, 88, 125]
[77, 83, 123]
[77, 84, 122]
[75, 81, 123]
[75, 80, 125]
[71, 73, 125]
[71, 69, 126]
[69, 74, 128]
[71, 86, 130]
[74, 83, 126]
[74, 87, 126]
[74, 84, 125]
[72, 74, 124]
[75, 80, 125]
[75, 80, 124]
[73, 80, 125]
[75, 84, 125]
[75, 83, 126]
[75, 83, 126]
[77, 85, 126]
[77, 82, 125]
[75, 87, 126]
[77, 92, 125]
[74, 89, 123]
[74, 84, 124]
[71, 74, 124]
[73, 80, 125]
[75, 84, 124]
[75, 89, 123]
[77, 84, 122]
[74, 74, 124]
[72, 74, 124]
[70, 79, 129]
[72, 82, 128]
[73, 87, 126]
[75, 85, 123]
[75, 86, 122]
[77, 88, 122]
[75, 88, 124]
[72, 80, 125]
[73, 80, 125]
[73, 79, 126]
[74, 70, 124]
[72, 74, 124]
[72, 74, 124]
[73, 80, 125]
[74, 87, 126]
[74, 84, 125]
[76, 50, 127]
[73, 57, 129]
[73, 57, 129]
[76, 60, 128]
[74, 67, 130]
[76, 65, 130]
[76, 67, 133]
[80, 59, 129]
[82, 65, 129]
[80, 59, 129]
[80, 66, 128]
[76, 66, 127]
[74, 71, 130]
[70, 61, 129]
[69, 56, 131]
[66, 52, 132]
[69, 56, 131]
[72, 66, 131]
[76, 65, 130]
[74, 70, 131]
[76, 69, 129]
[74, 62, 127]
[76, 70, 128]
[80, 80, 127]
[77, 76, 128]
[77, 79, 129]
[77, 79, 129]
[75, 85, 129]
[75, 84, 125]
[77, 84, 122]
[77, 87, 123]
[80, 84, 122]
[80, 83, 123]
[80, 91, 126]
[80, 85, 126]
[77, 78, 125]
[76, 68, 123]
[75, 79, 126]
[77, 86, 125]
[74, 84, 125]
[77, 86, 125]
[75, 83, 126]
[76, 71, 126]
[72, 72, 127]
[74, 72, 127]
[74, 70, 124]
[74, 73, 125]
[77, 79, 123]
[77, 79, 123]
[75, 80, 125]
[73, 79, 126]
[75, 77, 129]
[77, 80, 128]
[74, 85, 129]
[73, 90, 130]
[74, 90, 130]
[77, 92, 130]
[80, 94, 127]
[81, 91, 126]
[80, 82, 124]
[81, 86, 125]
[77, 84, 122]
[75, 87, 126]
[77, 82, 125]
[76, 72, 124]
[74, 74, 124]
[76, 68, 123]
[75, 79, 126]
[77, 76, 127]
[74, 83, 126]
[75, 84, 125]
[75, 87, 126]
[75, 84, 125]
[77, 86, 124]
[75, 88, 124]
[77, 84, 122]
[75, 80, 125]
[75, 79, 126]
[72, 73, 125]
[74, 84, 125]
[77, 91, 126]
[76, 93, 126]
[74, 84, 125]
[74, 87, 126]
[75, 83, 126]
[75, 84, 125]
[75, 87, 126]
[77, 83, 123]
[75, 84, 125]
[77, 87, 123]
[75, 86, 122]
[77, 93, 124]
[77, 84, 122]
[75, 87, 126]
[75, 85, 129]
[77, 89, 129]
[75, 85, 129]
[74, 86, 127]
[77, 82, 124]
[75, 79, 126]
[77, 82, 125]
[75, 84, 125]
[77, 82, 124]
[72, 74, 124]
[71, 74, 124]
[72, 78, 128]
[74, 82, 128]
[76, 92, 127]
[76, 93, 126]
[77, 93, 123]
[74, 94, 125]
[73, 88, 125]
[70, 81, 126]
[71, 73, 125]
[69, 75, 126]
[71, 70, 124]
[69, 75, 125]
[74, 84, 125]
[77, 83, 123]
[75, 89, 123]
[70, 52, 128]
[71, 57, 129]
[76, 56, 128]
[74, 65, 133]
[76, 64, 132]
[80, 69, 129]
[80, 66, 127]
[80, 60, 127]
[80, 65, 130]
[80, 65, 130]
[80, 65, 130]
[80, 65, 130]
[76, 68, 131]
[76, 59, 129]
[69, 56, 131]
[69, 56, 132]
[74, 65, 134]
[74, 66, 131]
[76, 66, 128]
[74, 71, 129]
[74, 71, 130]
[76, 66, 128]
[74, 67, 129]
[77, 75, 129]
[80, 75, 129]
[80, 75, 129]
[80, 82, 130]
[77, 76, 127]
[77, 86, 125]
[75, 84, 125]
[77, 80, 127]
[75, 84, 130]
[75, 85, 129]
[77, 82, 124]
[76, 73, 123]
[74, 74, 124]
[72, 73, 125]
[71, 69, 126]
[72, 79, 126]
[72, 84, 125]
[71, 88, 128]
[72, 82, 128]
[71, 83, 129]
[71, 73, 125]
[69, 74, 128]
[71, 69, 126]
[71, 69, 126]
[75, 80, 125]
[77, 88, 122]
[80, 84, 122]
[75, 80, 125]
[76, 72, 124]
[74, 83, 126]
[75, 83, 126]
[77, 86, 125]
[75, 87, 126]
[76, 92, 127]
[80, 91, 126]
[76, 92, 127]
[77, 82, 124]
[75, 80, 125]
[77, 82, 124]
[74, 74, 124]
[72, 74, 124]
[76, 73, 123]
[74, 70, 123]
[74, 74, 124]
[73, 80, 125]
[75, 87, 126]
[75, 84, 125]
[74, 84, 125]
[75, 87, 126]
[77, 86, 125]
[80, 82, 125]
[80, 82, 125]
[77, 86, 125]
[77, 86, 125]
[75, 83, 126]
[77, 80, 127]
[75, 85, 129]
[76, 92, 128]
[80, 91, 126]
[77, 86, 125]
[77, 82, 124]
[77, 78, 125]
[75, 79, 126]
[75, 84, 125]
[75, 88, 124]
[74, 95, 124]
[74, 93, 126]
[74, 87, 126]
[75, 84, 125]
[77, 84, 122]
[76, 95, 124]
[77, 87, 123]
[75, 85, 123]
[74, 88, 125]
[74, 85, 123]
[77, 84, 121]
[75, 88, 124]
[75, 81, 123]
[73, 80, 124]
[70, 81, 126]
[71, 74, 124]
[72, 84, 125]
[74, 84, 125]
[74, 84, 124]
[74, 90, 122]
[77, 86, 118]
[75, 89, 123]
[77, 97, 124]
[76, 98, 125]
[77, 87, 123]
[73, 87, 126]
[74, 87, 126]
[74, 84, 125]
[73, 88, 125]
[74, 85, 123]
[77, 88, 122]
[75, 89, 123]
[71, 56, 133]
[73, 56, 132]
[73, 51, 131]
[76, 63, 133]
[80, 63, 133]
[80, 68, 131]
[82, 65, 130]
[80, 69, 130]
[74, 67, 130]
[80, 59, 129]
[80, 59, 129]
[80, 65, 129]
[76, 69, 130]
[76, 65, 129]
[71, 58, 128]
[72, 61, 129]
[74, 67, 130]
[76, 65, 129]
[76, 65, 129]
[74, 71, 130]
[76, 67, 126]
[74, 72, 128]
[74, 72, 127]
[76, 68, 123]
[80, 68, 123]
[80, 78, 124]
[80, 78, 125]
[77, 78, 124]
[73, 80, 125]
[73, 78, 128]
[73, 77, 129]
[73, 77, 129]
[75, 78, 128]
[77, 76, 128]
[76, 70, 127]
[74, 72, 127]
[74, 74, 124]
[72, 70, 124]
[70, 78, 131]
[72, 77, 129]
[73, 84, 130]
[74, 83, 126]
[75, 87, 126]
[73, 80, 125]
[72, 74, 124]
[72, 74, 124]
[72, 70, 123]
[74, 74, 124]
[77, 82, 124]
[80, 82, 124]
[77, 78, 124]
[74, 73, 125]
[73, 78, 128]
[74, 82, 128]
[75, 84, 125]
[77, 86, 125]
[77, 86, 125]
[76, 92, 128]
[77, 82, 125]
[75, 87, 126]
[77, 86, 125]
[75, 79, 126]
[74, 73, 125]
[72, 74, 124]
[74, 74, 124]
[74, 70, 123]
[74, 73, 125]
[73, 78, 128]
[77, 85, 126]
[75, 83, 126]
[75, 83, 126]
[75, 87, 126]
[77, 82, 124]
[80, 86, 124]
[81, 86, 124]
[80, 83, 123]
[77, 86, 125]
[75, 84, 125]
[75, 84, 125]
[77, 86, 125]
[80, 91, 126]
[80, 93, 124]
[80, 84, 122]
[77, 86, 125]
[76, 71, 126]
[72, 80, 125]
[71, 85, 126]
[72, 84, 125]
[74, 84, 125]
[74, 88, 124]
[74, 87, 126]
[74, 84, 125]
[75, 84, 125]
[75, 87, 126]
[74, 84, 125]
[72, 74, 124]
[70, 82, 124]
[72, 86, 122]
[75, 86, 122]
[77, 89, 121]
[75, 86, 122]
[77, 88, 122]
[75, 89, 123]
[74, 86, 122]
[74, 88, 124]
[74, 86, 122]
[71, 90, 124]
[72, 84, 124]
[72, 84, 124]
[73, 80, 125]
[75, 83, 126]
[76, 92, 127]
[77, 91, 126]
[74, 87, 126]
[74, 88, 124]
[72, 85, 123]
[74, 88, 124]
[74, 84, 124]
[77, 83, 123]
[75, 88, 125]
H	tG3.05819G73.7935
MS	tG10.3224G76.8196
V	tG3.41241G129.198
