[64, 135, 96]
[63, 127, 92]
[63, 123, 91]
[66, 130, 94]
[68, 130, 94]
[65, 137, 95]
[64, 132, 95]
[63, 135, 98]
[62, 131, 97]
[63, 123, 95]
[64, 128, 98]
[65, 132, 95]
[67, 122, 94]
[65, 120, 91]
[66, 122, 90]
[64, 115, 91]
[65, 116, 90]
[65, 122, 90]
[64, 116, 90]
[70, 126, 89]
[73, 139, 88]
[76, 135, 87]
[74, 139, 88]
[74, 143, 91]
[68, 145, 93]
[65, 141, 92]
[67, 142, 90]
[64, 142, 88]
[64, 140, 93]
[61, 134, 95]
[63, 144, 92]
[62, 143, 89]
[67, 145, 88]
[66, 141, 87]
[64, 144, 87]
[64, 146, 89]
[64, 142, 88]
[67, 142, 90]
[68, 139, 92]
[68, 136, 90]
[68, 145, 88]
[65, 130, 88]
[63, 132, 89]
[66, 135, 91]
[67, 142, 90]
[67, 133, 86]
[65, 129, 89]
[67, 127, 90]
[70, 135, 89]
[71, 136, 88]
[70, 140, 89]
[68, 149, 91]
[68, 147, 92]
[67, 147, 92]
[66, 138, 89]
[68, 141, 87]
[66, 126, 87]
[66, 136, 90]
[67, 139, 92]
[71, 144, 92]
[68, 149, 91]
[70, 140, 89]
[70, 140, 89]
[68, 140, 91]
[69, 154, 91]
[68, 154, 91]
[69, 154, 91]
[70, 163, 94]
[71, 147, 90]
[71, 139, 86]
[71, 143, 84]
[72, 147, 85]
[72, 145, 86]
[68, 152, 89]
[68, 152, 89]
[71, 147, 90]
[72, 146, 91]
[68, 147, 92]
[68, 136, 90]
[67, 139, 92]
[70, 133, 90]
[71, 146, 91]
[68, 147, 92]
[68, 149, 94]
[67, 142, 95]
[68, 144, 94]
[67, 147, 92]
[66, 146, 94]
[68, 145, 93]
[66, 148, 93]
[66, 154, 93]
[65, 153, 95]
[68, 165, 94]
[68, 154, 91]
[67, 140, 91]
[67, 139, 92]
[68, 140, 91]
[66, 138, 89]
[65, 143, 91]
[66, 138, 89]
[67, 142, 90]
[65, 139, 90]
[62, 143, 89]
[64, 142, 88]
[62, 143, 89]
[64, 148, 88]
[60, 136, 88]
[61, 138, 87]
[62, 145, 88]
[64, 146, 89]
[65, 143, 91]
[66, 136, 90]
[66, 138, 89]
[67, 145, 88]
[64, 139, 90]
[64, 148, 88]
[62, 143, 89]
[63, 147, 90]
[62, 143, 89]
[65, 143, 91]
[67, 136, 94]
[63, 123, 95]
[64, 125, 94]
[66, 133, 92]
[68, 133, 92]
[66, 146, 94]
[64, 130, 96]
[63, 135, 98]
[64, 134, 93]
[63, 130, 90]
[62, 133, 96]
[64, 128, 98]
[65, 134, 97]
[65, 123, 93]
[65, 114, 92]
[65, 118, 93]
[65, 112, 93]
[65, 122, 90]
[66, 126, 87]
[65, 129, 89]
[72, 137, 91]
[74, 135, 87]
[73, 142, 86]
[73, 153, 90]
[70, 165, 93]
[68, 149, 91]
[68, 142, 90]
[65, 141, 92]
[64, 140, 93]
[62, 140, 91]
[65, 148, 88]
[65, 145, 86]
[68, 148, 86]
[66, 138, 89]
[67, 142, 90]
[65, 142, 88]
[65, 148, 88]
[66, 138, 89]
[68, 142, 90]
[65, 133, 86]
[67, 130, 88]
[64, 127, 92]
[65, 134, 93]
[65, 127, 90]
[68, 136, 90]
[70, 129, 87]
[70, 129, 87]
[70, 129, 87]
[66, 138, 89]
[68, 138, 89]
[66, 135, 91]
[68, 139, 92]
[67, 149, 91]
[66, 150, 92]
[67, 142, 90]
[68, 138, 89]
[66, 126, 87]
[66, 136, 90]
[66, 132, 93]
[70, 139, 90]
[70, 144, 87]
[68, 135, 91]
[70, 135, 89]
[70, 140, 89]
[68, 154, 91]
[69, 152, 92]
[73, 164, 92]
[72, 171, 91]
[71, 152, 87]
[70, 144, 87]
[66, 141, 87]
[68, 142, 90]
[67, 147, 92]
[68, 145, 93]
[67, 149, 91]
[71, 147, 90]
[71, 151, 88]
[68, 142, 90]
[68, 142, 90]
[66, 142, 86]
[67, 140, 91]
[68, 136, 90]
[67, 149, 91]
[67, 152, 89]
[67, 142, 90]
[71, 147, 90]
[68, 152, 89]
[66, 150, 92]
[66, 145, 95]
[67, 150, 95]
[65, 155, 94]
[66, 150, 95]
[69, 161, 95]
[68, 152, 92]
[68, 147, 92]
[67, 139, 92]
[68, 142, 90]
[66, 138, 89]
[68, 141, 87]
[67, 142, 90]
[68, 135, 91]
[65, 136, 92]
[62, 145, 88]
[64, 144, 87]
[62, 143, 89]
[64, 143, 91]
[64, 143, 91]
[62, 145, 88]
[62, 140, 91]
[64, 143, 91]
[65, 142, 88]
[65, 148, 88]
[64, 146, 89]
[65, 142, 88]
[64, 142, 88]
[64, 148, 88]
[59, 155, 89]
[62, 152, 87]
[63, 152, 87]
[65, 147, 85]
[68, 130, 98]
[66, 126, 97]
[67, 133, 96]
[65, 133, 94]
[65, 131, 99]
[64, 126, 99]
[62, 129, 99]
[64, 128, 98]
[67, 133, 96]
[65, 125, 92]
[68, 130, 94]
[66, 126, 97]
[68, 142, 99]
[71, 135, 98]
[70, 125, 96]
[67, 120, 96]
[64, 110, 95]
[63, 121, 93]
[65, 116, 90]
[65, 122, 90]
[65, 126, 91]
[67, 125, 92]
[68, 132, 93]
[67, 139, 92]
[66, 135, 91]
[68, 139, 92]
[65, 130, 88]
[65, 139, 90]
[66, 138, 89]
[70, 144, 87]
[68, 148, 86]
[68, 141, 87]
[63, 144, 92]
[64, 137, 91]
[67, 142, 90]
[64, 132, 89]
[63, 132, 89]
[61, 132, 91]
[62, 126, 89]
[64, 132, 89]
[65, 130, 88]
[68, 141, 87]
[68, 145, 88]
[66, 138, 89]
[68, 138, 89]
[67, 133, 86]
[67, 129, 89]
[66, 133, 92]
[64, 138, 94]
[64, 134, 93]
[62, 136, 94]
[64, 134, 93]
[67, 154, 93]
[68, 154, 91]
[68, 152, 92]
[70, 139, 90]
[68, 138, 89]
[68, 140, 91]
[66, 135, 91]
[68, 140, 91]
[68, 137, 93]
[66, 132, 93]
[66, 132, 93]
[65, 123, 89]
[66, 141, 87]
[70, 136, 88]
[69, 154, 91]
[69, 154, 91]
[70, 165, 93]
[71, 152, 87]
[67, 155, 87]
[67, 149, 91]
[68, 147, 92]
[71, 146, 91]
[66, 136, 90]
[68, 142, 90]
[64, 140, 93]
[64, 135, 96]
[63, 135, 98]
[63, 126, 93]
[65, 141, 92]
[65, 141, 92]
[68, 159, 88]
[68, 155, 87]
[68, 152, 89]
[67, 142, 90]
[66, 146, 94]
[66, 152, 94]
[66, 161, 98]
[67, 150, 95]
[65, 153, 95]
[65, 146, 94]
[62, 134, 95]
[64, 137, 95]
[62, 139, 92]
[65, 150, 92]
[68, 158, 89]
[67, 154, 88]
[67, 147, 92]
[68, 147, 92]
[67, 140, 91]
[64, 137, 91]
[62, 145, 88]
[62, 137, 93]
[64, 134, 93]
[65, 146, 89]
[65, 155, 89]
[63, 147, 90]
[61, 140, 91]
[63, 151, 93]
[64, 149, 94]
[64, 151, 93]
[64, 139, 90]
[63, 147, 90]
[64, 142, 88]
[63, 144, 92]
[63, 151, 93]
[62, 140, 91]
[62, 140, 91]
[65, 146, 89]
[68, 126, 101]
[66, 122, 100]
[67, 125, 102]
[68, 121, 101]
[64, 123, 102]
[63, 115, 102]
[64, 120, 98]
[65, 130, 96]
[66, 133, 92]
[70, 132, 91]
[69, 114, 94]
[70, 124, 97]
[73, 145, 95]
[74, 140, 93]
[70, 134, 93]
[67, 123, 93]
[64, 123, 95]
[64, 123, 95]
[64, 116, 90]
[63, 122, 92]
[64, 112, 93]
[63, 125, 94]
[64, 133, 94]
[66, 132, 93]
[68, 142, 90]
[64, 136, 86]
[63, 132, 89]
[65, 137, 91]
[67, 139, 92]
[67, 139, 92]
[67, 140, 91]
[64, 132, 89]
[59, 135, 87]
[60, 133, 90]
[63, 132, 89]
[65, 148, 88]
[63, 149, 89]
[63, 136, 86]
[63, 127, 88]
[66, 138, 89]
[67, 142, 90]
[70, 135, 89]
[68, 140, 91]
[68, 149, 91]
[68, 145, 88]
[68, 141, 87]
[68, 138, 89]
[66, 136, 90]
[65, 138, 94]
[64, 137, 91]
[64, 143, 91]
[62, 143, 89]
[66, 141, 87]
[67, 145, 93]
[68, 139, 92]
[71, 146, 91]
[70, 139, 90]
[71, 144, 92]
[72, 148, 93]
[68, 142, 95]
[68, 134, 95]
[64, 137, 95]
[63, 129, 91]
[63, 132, 89]
[67, 142, 90]
[68, 138, 89]
[68, 142, 86]
[67, 145, 88]
[68, 145, 88]
[67, 142, 90]
[66, 138, 89]
[68, 147, 92]
[74, 144, 90]
[72, 146, 91]
[68, 147, 92]
[66, 154, 93]
[65, 150, 92]
[62, 144, 92]
[64, 145, 97]
[66, 145, 95]
[68, 147, 92]
[68, 158, 89]
[69, 158, 89]
[67, 147, 92]
[68, 144, 94]
[65, 140, 93]
[65, 139, 90]
[65, 140, 93]
[64, 134, 93]
[65, 138, 94]
[62, 134, 95]
[64, 137, 95]
[62, 136, 94]
[63, 141, 94]
[64, 140, 93]
[67, 147, 92]
[67, 142, 90]
[68, 152, 89]
[68, 154, 88]
[69, 158, 89]
[68, 142, 90]
[65, 143, 91]
[61, 135, 85]
[64, 151, 83]
[66, 138, 89]
[65, 148, 88]
[63, 147, 90]
[64, 143, 91]
[65, 150, 92]
[65, 156, 93]
[64, 160, 91]
[65, 170, 93]
[63, 144, 92]
[63, 144, 92]
[64, 144, 87]
[63, 152, 87]
[63, 152, 87]
[64, 145, 86]
[64, 148, 88]
[64, 154, 91]
[68, 126, 101]
[66, 124, 99]
[68, 125, 98]
[70, 129, 97]
[67, 129, 99]
[67, 116, 99]
[66, 122, 100]
[68, 124, 99]
[71, 135, 98]
[70, 126, 99]
[73, 126, 97]
[71, 127, 94]
[71, 125, 96]
[73, 126, 97]
[72, 132, 95]
[68, 129, 95]
[65, 128, 98]
[64, 128, 98]
[64, 134, 97]
[64, 132, 95]
[65, 133, 94]
[65, 135, 96]
[67, 134, 95]
[68, 142, 95]
[68, 144, 94]
[65, 138, 94]
[62, 136, 94]
[64, 140, 93]
[64, 134, 93]
[62, 140, 95]
[59, 143, 96]
[59, 144, 94]
[57, 141, 92]
[61, 132, 91]
[62, 140, 91]
[64, 139, 90]
[61, 133, 90]
[64, 135, 87]
[66, 138, 89]
[68, 141, 87]
[70, 139, 86]
[68, 149, 91]
[72, 153, 90]
[72, 153, 90]
[68, 142, 90]
[65, 137, 95]
[67, 136, 94]
[65, 136, 92]
[64, 140, 93]
[64, 137, 91]
[64, 138, 94]
[66, 132, 93]
[68, 136, 94]
[71, 146, 91]
[73, 162, 93]
[74, 152, 89]
[74, 163, 91]
[74, 177, 92]
[71, 180, 95]
[70, 161, 95]
[67, 147, 97]
[64, 134, 97]
[65, 134, 93]
[67, 142, 90]
[74, 157, 86]
[72, 156, 88]
[66, 155, 89]
[63, 135, 87]
[59, 125, 90]
[62, 122, 92]
[64, 140, 93]
[66, 138, 89]
[72, 156, 88]
[72, 153, 90]
[68, 154, 91]
[65, 146, 94]
[64, 146, 96]
[66, 145, 95]
[66, 145, 95]
[67, 137, 93]
[68, 149, 91]
[69, 154, 91]
[68, 151, 93]
[70, 161, 95]
[70, 161, 95]
[66, 146, 94]
[65, 139, 90]
[64, 143, 91]
[62, 144, 92]
[58, 144, 92]
[59, 129, 91]
[61, 133, 90]
[64, 130, 90]
[65, 138, 94]
[68, 154, 91]
[72, 153, 90]
[69, 154, 91]
[68, 159, 88]
[68, 152, 89]
[66, 150, 92]
[64, 140, 93]
[64, 140, 93]
[62, 139, 92]
[63, 130, 90]
[64, 141, 92]
[61, 139, 92]
[59, 147, 92]
[62, 144, 92]
[65, 150, 92]
[67, 154, 88]
[66, 150, 92]
[63, 144, 92]
[63, 143, 93]
[65, 143, 91]
[65, 143, 91]
[65, 142, 88]
[67, 147, 87]
[65, 142, 88]
[64, 154, 91]
[66, 159, 90]
[68, 122, 100]
[68, 126, 101]
[68, 125, 98]
[70, 126, 99]
[68, 125, 98]
[67, 118, 97]
[68, 126, 101]
[67, 126, 101]
[71, 131, 101]
[72, 126, 99]
[72, 128, 98]
[71, 124, 97]
[71, 124, 97]
[73, 125, 98]
[70, 126, 99]
[68, 125, 98]
[65, 128, 98]
[64, 130, 96]
[65, 135, 96]
[65, 133, 94]
[68, 133, 92]
[68, 137, 93]
[71, 144, 92]
[68, 147, 92]
[68, 147, 92]
[67, 140, 91]
[64, 137, 95]
[64, 133, 94]
[62, 137, 93]
[62, 143, 93]
[59, 145, 95]
[59, 141, 96]
[64, 137, 91]
[62, 139, 92]
[62, 139, 92]
[63, 127, 92]
[61, 129, 93]
[65, 126, 91]
[68, 139, 92]
[70, 135, 89]
[70, 135, 89]
[70, 140, 89]
[74, 152, 89]
[73, 153, 90]
[70, 140, 89]
[65, 140, 93]
[65, 136, 92]
[65, 138, 94]
[64, 134, 93]
[64, 141, 92]
[64, 140, 93]
[66, 136, 90]
[73, 153, 90]
[73, 158, 87]
[74, 157, 86]
[73, 169, 89]
[74, 177, 92]
[71, 174, 95]
[70, 178, 93]
[67, 165, 94]
[64, 146, 96]
[65, 137, 95]
[67, 137, 93]
[66, 136, 90]
[68, 149, 91]
[68, 152, 89]
[67, 145, 88]
[64, 129, 91]
[61, 127, 90]
[63, 132, 89]
[67, 142, 90]
[66, 141, 87]
[68, 148, 86]
[69, 163, 86]
[66, 150, 92]
[64, 143, 91]
[64, 146, 89]
[64, 151, 93]
[64, 143, 91]
[65, 143, 91]
[67, 149, 91]
[72, 156, 88]
[72, 165, 94]
[72, 164, 95]
[70, 156, 98]
[65, 137, 95]
[63, 140, 95]
[64, 137, 91]
[63, 147, 90]
[58, 140, 95]
[61, 127, 90]
[62, 125, 90]
[65, 134, 93]
[65, 137, 91]
[67, 154, 93]
[67, 152, 94]
[67, 150, 95]
[66, 146, 94]
[65, 139, 90]
[65, 141, 92]
[64, 141, 92]
[62, 137, 93]
[62, 140, 91]
[64, 149, 87]
[64, 153, 85]
[62, 148, 86]
[62, 143, 93]
[62, 136, 94]
[66, 148, 93]
[67, 157, 86]
[64, 142, 88]
[64, 143, 91]
[64, 139, 90]
[67, 154, 88]
[66, 144, 85]
[67, 148, 86]
[65, 142, 88]
[64, 148, 88]
[64, 146, 89]
[63, 154, 91]
[67, 124, 103]
[72, 126, 105]
[73, 119, 103]
[70, 123, 102]
[71, 120, 100]
[72, 126, 99]
[73, 122, 100]
[72, 129, 103]
[72, 124, 101]
[68, 125, 102]
[67, 124, 103]
[67, 114, 101]
[70, 124, 101]
[68, 124, 99]
[68, 129, 99]
[66, 124, 99]
[67, 129, 99]
[66, 125, 98]
[67, 130, 98]
[68, 139, 97]
[72, 157, 96]
[72, 146, 94]
[73, 157, 96]
[72, 136, 92]
[71, 132, 91]
[73, 133, 92]
[70, 130, 92]
[65, 135, 96]
[62, 133, 96]
[64, 140, 93]
[67, 144, 94]
[67, 142, 90]
[68, 147, 87]
[66, 142, 86]
[63, 135, 87]
[63, 123, 91]
[65, 122, 90]
[65, 126, 91]
[68, 135, 91]
[71, 146, 91]
[72, 137, 91]
[72, 134, 93]
[73, 133, 92]
[72, 143, 93]
[68, 142, 90]
[68, 141, 87]
[67, 147, 87]
[66, 150, 92]
[66, 150, 92]
[65, 143, 91]
[66, 138, 89]
[67, 142, 90]
[72, 153, 90]
[71, 147, 90]
[70, 145, 86]
[71, 147, 90]
[69, 163, 94]
[65, 146, 94]
[64, 146, 96]
[64, 145, 97]
[68, 162, 96]
[67, 155, 92]
[67, 145, 88]
[65, 143, 91]
[64, 140, 93]
[64, 136, 92]
[66, 136, 90]
[67, 147, 92]
[67, 149, 91]
[70, 168, 91]
[72, 153, 90]
[73, 164, 92]
[73, 153, 90]
[68, 149, 91]
[65, 143, 91]
[66, 150, 92]
[65, 156, 93]
[65, 150, 92]
[63, 143, 93]
[64, 140, 93]
[66, 154, 93]
[69, 165, 93]
[71, 174, 95]
[72, 167, 93]
[67, 160, 97]
[66, 152, 94]
[67, 164, 95]
[65, 156, 93]
[64, 143, 91]
[65, 146, 89]
[64, 143, 91]
[62, 139, 92]
[62, 137, 93]
[64, 137, 91]
[63, 141, 94]
[65, 150, 92]
[67, 154, 93]
[65, 143, 91]
[65, 139, 90]
[65, 146, 89]
[66, 146, 94]
[67, 145, 93]
[66, 150, 92]
[69, 154, 91]
[67, 149, 91]
[65, 153, 90]
[64, 156, 90]
[67, 159, 90]
[67, 155, 92]
[67, 162, 96]
[64, 149, 94]
[63, 144, 92]
[66, 155, 92]
[68, 152, 92]
[67, 147, 92]
[68, 149, 91]
[67, 152, 89]
[65, 150, 92]
[62, 139, 92]
[65, 141, 92]
[68, 128, 106]
[71, 129, 103]
[67, 126, 101]
[68, 121, 101]
[70, 119, 101]
[72, 129, 103]
[72, 129, 103]
[74, 122, 100]
[74, 125, 98]
[71, 121, 99]
[65, 115, 100]
[66, 118, 104]
[67, 121, 105]
[68, 122, 100]
[66, 124, 99]
[67, 126, 101]
[65, 130, 100]
[65, 128, 98]
[67, 130, 98]
[68, 137, 99]
[68, 148, 95]
[70, 159, 96]
[72, 158, 95]
[71, 143, 93]
[73, 129, 91]
[72, 141, 94]
[68, 142, 95]
[68, 145, 93]
[65, 139, 90]
[67, 139, 92]
[69, 151, 93]
[72, 148, 93]
[71, 141, 94]
[67, 125, 92]
[62, 120, 89]
[63, 123, 91]
[63, 119, 94]
[65, 130, 96]
[65, 133, 94]
[67, 144, 94]
[68, 149, 91]
[71, 147, 90]
[68, 138, 89]
[68, 140, 91]
[68, 135, 91]
[67, 142, 90]
[64, 139, 90]
[64, 143, 91]
[64, 141, 92]
[63, 141, 94]
[65, 134, 93]
[67, 139, 92]
[68, 145, 93]
[67, 149, 91]
[70, 141, 85]
[72, 151, 88]
[68, 138, 89]
[65, 141, 92]
[63, 141, 94]
[62, 136, 94]
[67, 152, 94]
[69, 152, 92]
[70, 159, 96]
[68, 145, 93]
[67, 145, 93]
[65, 146, 94]
[65, 150, 92]
[67, 152, 89]
[68, 154, 91]
[70, 163, 94]
[69, 154, 91]
[72, 164, 92]
[73, 164, 92]
[68, 149, 91]
[67, 149, 91]
[68, 149, 91]
[68, 164, 95]
[66, 150, 95]
[64, 146, 96]
[65, 148, 93]
[66, 155, 92]
[65, 153, 95]
[68, 159, 98]
[67, 150, 95]
[67, 160, 97]
[67, 149, 96]
[67, 150, 95]
[68, 165, 94]
[68, 149, 91]
[67, 140, 91]
[65, 137, 91]
[65, 148, 93]
[64, 133, 94]
[62, 137, 97]
[63, 138, 96]
[67, 150, 95]
[68, 147, 92]
[67, 149, 91]
[69, 152, 92]
[68, 151, 93]
[68, 151, 93]
[72, 153, 90]
[70, 165, 93]
[68, 154, 91]
[68, 165, 94]
[67, 155, 92]
[68, 151, 93]
[68, 167, 96]
[66, 166, 95]
[63, 151, 93]
[62, 140, 91]
[63, 144, 92]
[65, 155, 89]
[65, 163, 89]
[66, 155, 92]
[69, 168, 91]
[67, 152, 89]
[64, 143, 91]
[64, 141, 92]
[62, 139, 92]
[66, 118, 104]
[68, 124, 103]
[65, 121, 103]
[65, 121, 103]
[68, 120, 102]
[67, 131, 103]
[72, 125, 100]
[72, 124, 101]
[71, 120, 100]
[68, 128, 100]
[67, 128, 100]
[66, 121, 101]
[65, 123, 106]
[65, 121, 103]
[65, 125, 104]
[65, 119, 105]
[63, 123, 108]
[65, 124, 101]
[65, 125, 100]
[68, 130, 98]
[68, 126, 97]
[68, 129, 99]
[70, 129, 97]
[68, 133, 96]
[62, 136, 94]
[65, 138, 94]
[68, 144, 94]
[68, 144, 94]
[67, 137, 93]
[68, 145, 93]
[68, 137, 93]
[70, 133, 94]
[68, 130, 94]
[68, 134, 95]
[68, 133, 96]
[66, 129, 95]
[67, 139, 92]
[67, 160, 89]
[69, 165, 93]
[69, 152, 92]
[73, 136, 90]
[70, 137, 91]
[66, 132, 93]
[68, 136, 94]
[66, 135, 91]
[64, 143, 91]
[63, 144, 92]
[61, 132, 91]
[62, 134, 95]
[66, 133, 92]
[67, 142, 90]
[69, 161, 87]
[69, 161, 87]
[68, 185, 84]
[68, 159, 88]
[70, 172, 89]
[68, 152, 84]
[68, 152, 84]
[63, 136, 86]
[65, 139, 90]
[66, 138, 89]
[70, 140, 89]
[68, 138, 89]
[68, 142, 90]
[66, 150, 92]
[66, 148, 93]
[67, 144, 94]
[68, 147, 92]
[69, 154, 91]
[67, 152, 89]
[70, 165, 93]
[69, 154, 91]
[72, 160, 94]
[71, 141, 94]
[68, 136, 94]
[70, 139, 90]
[66, 138, 89]
[68, 142, 90]
[64, 137, 91]
[65, 146, 94]
[64, 151, 96]
[65, 153, 95]
[64, 145, 97]
[66, 142, 97]
[68, 159, 88]
[69, 158, 89]
[69, 172, 92]
[71, 174, 95]
[70, 165, 93]
[66, 150, 92]
[65, 137, 91]
[66, 150, 95]
[64, 143, 98]
[64, 135, 96]
[67, 137, 93]
[65, 140, 93]
[62, 143, 89]
[65, 156, 88]
[67, 155, 92]
[68, 152, 92]
[67, 149, 91]
[67, 149, 91]
[69, 152, 92]
[68, 152, 92]
[67, 152, 94]
[67, 149, 91]
[69, 165, 93]
[66, 155, 92]
[64, 149, 94]
[62, 141, 94]
[63, 144, 92]
[64, 145, 86]
[63, 151, 88]
[62, 161, 92]
[64, 156, 93]
[67, 164, 95]
[67, 155, 92]
[65, 148, 88]
[64, 146, 89]
[65, 144, 87]
[68, 120, 106]
[65, 110, 104]
[67, 114, 101]
[65, 123, 102]
[68, 124, 99]
[67, 134, 101]
[71, 135, 98]
[71, 135, 98]
[71, 134, 99]
[67, 133, 102]
[67, 129, 99]
[66, 121, 101]
[67, 121, 105]
[65, 119, 105]
[68, 125, 102]
[65, 121, 103]
[64, 119, 105]
[65, 125, 104]
[67, 129, 99]
[68, 125, 98]
[67, 126, 101]
[68, 121, 101]
[70, 129, 97]
[68, 139, 97]
[63, 133, 100]
[66, 135, 102]
[68, 135, 100]
[71, 138, 96]
[68, 136, 94]
[68, 144, 94]
[68, 133, 92]
[67, 134, 95]
[67, 136, 94]
[65, 132, 95]
[68, 132, 93]
[67, 145, 93]
[69, 149, 94]
[68, 154, 91]
[69, 154, 91]
[73, 164, 92]
[74, 152, 89]
[72, 144, 87]
[68, 142, 86]
[68, 142, 90]
[66, 138, 89]
[65, 143, 91]
[63, 144, 92]
[64, 137, 91]
[66, 135, 91]
[66, 138, 89]
[67, 142, 90]
[69, 158, 89]
[69, 158, 89]
[70, 170, 90]
[69, 159, 88]
[69, 165, 93]
[68, 142, 90]
[67, 142, 90]
[64, 135, 87]
[66, 142, 86]
[68, 145, 88]
[70, 139, 86]
[70, 145, 86]
[66, 142, 86]
[65, 142, 88]
[65, 143, 91]
[67, 149, 91]
[68, 149, 91]
[66, 146, 94]
[66, 146, 94]
[67, 154, 93]
[68, 149, 91]
[69, 154, 91]
[71, 152, 87]
[68, 147, 87]
[68, 145, 88]
[68, 141, 87]
[68, 142, 90]
[65, 137, 91]
[64, 148, 95]
[64, 151, 96]
[67, 152, 94]
[68, 165, 94]
[67, 149, 91]
[70, 165, 93]
[69, 154, 91]
[71, 174, 95]
[70, 171, 97]
[70, 159, 96]
[67, 160, 97]
[64, 146, 96]
[66, 154, 93]
[67, 164, 95]
[66, 150, 92]
[65, 143, 91]
[65, 139, 90]
[64, 139, 90]
[63, 143, 93]
[64, 145, 97]
[65, 143, 96]
[65, 148, 93]
[67, 149, 91]
[68, 152, 89]
[66, 156, 88]
[66, 156, 88]
[65, 146, 89]
[65, 150, 92]
[65, 153, 90]
[64, 143, 91]
[63, 147, 90]
[64, 145, 86]
[65, 145, 86]
[65, 146, 89]
[64, 154, 91]
[66, 166, 95]
[65, 156, 93]
[67, 157, 86]
[67, 159, 85]
[66, 146, 84]
[68, 148, 86]
[65, 121, 103]
[64, 125, 104]
[67, 128, 100]
[66, 124, 99]
[68, 124, 99]
[67, 134, 101]
[68, 142, 99]
[69, 140, 100]
[70, 151, 101]
[68, 139, 101]
[67, 134, 101]
[68, 133, 102]
[69, 149, 103]
[72, 136, 101]
[73, 136, 101]
[74, 135, 100]
[71, 129, 103]
[67, 126, 107]
[65, 120, 108]
[64, 112, 105]
[66, 118, 104]
[70, 119, 101]
[70, 125, 100]
[69, 139, 101]
[67, 129, 99]
[68, 126, 101]
[68, 126, 101]
[71, 134, 99]
[68, 133, 96]
[68, 133, 96]
[65, 134, 97]
[67, 134, 95]
[68, 137, 93]
[66, 133, 92]
[67, 140, 91]
[66, 136, 90]
[68, 145, 93]
[68, 149, 94]
[68, 139, 92]
[67, 139, 92]
[73, 133, 88]
[72, 139, 90]
[68, 136, 90]
[68, 137, 93]
[67, 136, 94]
[65, 136, 92]
[68, 138, 89]
[70, 145, 86]
[68, 141, 87]
[67, 142, 90]
[66, 138, 89]
[68, 142, 90]
[68, 154, 91]
[69, 154, 91]
[69, 154, 91]
[70, 165, 93]
[64, 141, 92]
[65, 143, 91]
[65, 142, 88]
[66, 144, 85]
[66, 147, 83]
[68, 142, 86]
[68, 145, 88]
[65, 142, 88]
[65, 142, 88]
[65, 146, 89]
[65, 141, 92]
[64, 130, 90]
[63, 149, 89]
[66, 159, 90]
[66, 155, 92]
[63, 141, 94]
[66, 133, 92]
[67, 136, 94]
[67, 136, 94]
[68, 137, 93]
[67, 144, 94]
[66, 143, 96]
[65, 130, 96]
[63, 137, 97]
[67, 155, 92]
[68, 154, 91]
[69, 154, 91]
[69, 165, 93]
[69, 163, 94]
[72, 148, 93]
[73, 146, 94]
[70, 165, 96]
[68, 151, 93]
[67, 162, 96]
[65, 155, 94]
[68, 165, 94]
[70, 163, 94]
[67, 144, 94]
[65, 133, 94]
[66, 145, 95]
[69, 151, 93]
[66, 150, 92]
[63, 143, 93]
[64, 140, 93]
[63, 144, 92]
[67, 155, 92]
[68, 154, 91]
[67, 149, 91]
[69, 149, 94]
[73, 156, 88]
[72, 162, 85]
[68, 175, 89]
[64, 146, 89]
[65, 146, 89]
[67, 142, 90]
[68, 142, 86]
[68, 146, 84]
[65, 149, 87]
[64, 148, 88]
[66, 153, 90]
[68, 159, 88]
[73, 158, 87]
[71, 156, 85]
[68, 159, 85]
[67, 141, 110]
[66, 133, 107]
[67, 128, 106]
[65, 125, 104]
[62, 124, 103]
[64, 125, 104]
[65, 122, 107]
[66, 120, 102]
[68, 126, 101]
[67, 131, 103]
[69, 136, 103]
[68, 136, 103]
[68, 135, 104]
[69, 136, 103]
[73, 145, 104]
[74, 134, 101]
[74, 129, 101]
[73, 124, 99]
[68, 130, 98]
[65, 126, 99]
[67, 128, 100]
[66, 121, 101]
[68, 128, 106]
[68, 130, 104]
[65, 121, 103]
[65, 114, 101]
[66, 121, 101]
[68, 124, 99]
[68, 126, 97]
[67, 130, 98]
[68, 142, 99]
[72, 143, 96]
[68, 134, 95]
[68, 136, 94]
[68, 133, 92]
[66, 133, 92]
[67, 140, 91]
[64, 143, 91]
[64, 141, 92]
[65, 129, 89]
[65, 129, 89]
[67, 126, 91]
[67, 123, 93]
[65, 123, 93]
[64, 137, 95]
[66, 136, 90]
[71, 147, 90]
[74, 146, 89]
[68, 142, 90]
[67, 145, 88]
[68, 145, 88]
[66, 141, 87]
[68, 145, 88]
[72, 156, 88]
[69, 152, 92]
[70, 165, 93]
[67, 159, 90]
[64, 146, 89]
[64, 144, 87]
[64, 146, 89]
[65, 142, 88]
[64, 143, 91]
[64, 143, 91]
[65, 139, 90]
[67, 142, 90]
[68, 142, 86]
[67, 148, 86]
[65, 137, 84]
[65, 145, 86]
[65, 146, 89]
[64, 139, 90]
[63, 144, 92]
[64, 143, 91]
[66, 141, 87]
[67, 147, 87]
[68, 149, 91]
[68, 142, 95]
[67, 141, 96]
[67, 150, 95]
[66, 148, 93]
[68, 162, 96]
[69, 151, 93]
[69, 165, 93]
[68, 154, 91]
[67, 144, 94]
[72, 148, 93]
[74, 149, 91]
[72, 162, 93]
[69, 154, 91]
[69, 163, 94]
[68, 167, 96]
[68, 166, 97]
[68, 149, 94]
[66, 150, 92]
[65, 143, 91]
[68, 154, 91]
[69, 154, 91]
[70, 165, 93]
[68, 144, 94]
[65, 148, 93]
[65, 156, 93]
[67, 155, 92]
[67, 159, 90]
[70, 170, 90]
[73, 153, 90]
[72, 146, 91]
[72, 164, 92]
[70, 168, 91]
[69, 165, 93]
[67, 149, 91]
[68, 152, 89]
[68, 158, 89]
[68, 154, 91]
[68, 145, 88]
[65, 144, 87]
[65, 148, 88]
[67, 147, 87]
[71, 152, 87]
[70, 145, 86]
[68, 148, 86]
[64, 118, 106]
[67, 126, 107]
[68, 130, 104]
[66, 131, 105]
[64, 124, 101]
[63, 127, 104]
[63, 117, 100]
[65, 117, 98]
[68, 121, 101]
[68, 138, 102]
[70, 149, 103]
[67, 133, 102]
[66, 118, 104]
[68, 120, 106]
[67, 125, 102]
[68, 121, 101]
[71, 120, 100]
[70, 116, 97]
[67, 117, 98]
[65, 123, 102]
[64, 123, 106]
[66, 117, 105]
[68, 117, 105]
[70, 120, 104]
[68, 121, 101]
[68, 121, 101]
[65, 128, 102]
[63, 116, 101]
[61, 114, 101]
[61, 115, 100]
[65, 120, 96]
[66, 126, 97]
[65, 131, 99]
[64, 128, 98]
[66, 130, 94]
[67, 136, 94]
[68, 142, 95]
[66, 143, 96]
[67, 136, 94]
[67, 136, 94]
[66, 132, 93]
[68, 132, 93]
[68, 133, 92]
[67, 139, 92]
[68, 132, 93]
[67, 139, 92]
[65, 139, 90]
[68, 145, 93]
[68, 133, 92]
[67, 136, 94]
[66, 132, 93]
[68, 139, 92]
[69, 154, 91]
[73, 156, 88]
[75, 170, 90]
[72, 164, 92]
[70, 163, 94]
[65, 148, 93]
[64, 139, 90]
[65, 141, 92]
[64, 137, 91]
[64, 146, 89]
[62, 140, 91]
[67, 140, 91]
[68, 139, 92]
[66, 135, 91]
[64, 141, 92]
[65, 139, 90]
[67, 142, 90]
[66, 136, 90]
[68, 139, 92]
[66, 135, 91]
[65, 136, 92]
[65, 136, 92]
[67, 140, 91]
[70, 136, 88]
[74, 149, 91]
[73, 146, 94]
[70, 158, 97]
[69, 146, 96]
[69, 159, 96]
[69, 152, 92]
[69, 159, 96]
[67, 150, 95]
[68, 160, 97]
[67, 150, 95]
[70, 161, 98]
[69, 163, 97]
[72, 153, 90]
[72, 167, 90]
[72, 164, 92]
[70, 169, 98]
[70, 174, 98]
[70, 168, 94]
[70, 165, 93]
[69, 165, 93]
[68, 154, 91]
[65, 143, 91]
[64, 137, 91]
[63, 143, 93]
[61, 139, 92]
[64, 151, 93]
[66, 155, 92]
[69, 165, 93]
[72, 167, 90]
[71, 152, 87]
[66, 148, 93]
[65, 145, 95]
[65, 150, 92]
[66, 150, 92]
[65, 143, 91]
[65, 146, 89]
[68, 141, 87]
[65, 146, 89]
[64, 142, 88]
[65, 146, 89]
[67, 145, 88]
[67, 154, 88]
[67, 145, 88]
[65, 143, 91]
[67, 121, 105]
[66, 117, 105]
[68, 120, 106]
[65, 122, 107]
[64, 130, 100]
[64, 128, 102]
[63, 115, 102]
[65, 110, 104]
[68, 117, 105]
[67, 126, 107]
[69, 142, 108]
[68, 130, 104]
[68, 125, 102]
[66, 124, 99]
[68, 125, 98]
[65, 126, 99]
[68, 128, 100]
[66, 122, 100]
[65, 121, 103]
[64, 121, 103]
[64, 121, 103]
[67, 130, 104]
[67, 121, 105]
[70, 116, 103]
[70, 123, 102]
[68, 121, 101]
[65, 119, 105]
[64, 121, 103]
[59, 111, 101]
[61, 114, 101]
[66, 122, 100]
[66, 122, 100]
[64, 129, 101]
[64, 126, 99]
[64, 128, 98]
[67, 133, 96]
[68, 132, 93]
[67, 134, 95]
[66, 130, 94]
[67, 134, 95]
[67, 134, 95]
[68, 129, 95]
[68, 129, 95]
[68, 134, 95]
[68, 135, 91]
[67, 140, 91]
[65, 137, 91]
[64, 141, 92]
[63, 144, 92]
[64, 142, 88]
[67, 142, 90]
[68, 141, 87]
[69, 158, 89]
[72, 158, 87]
[73, 171, 88]
[72, 169, 89]
[68, 159, 88]
[65, 155, 89]
[62, 145, 88]
[64, 146, 89]
[64, 142, 88]
[64, 146, 89]
[64, 139, 90]
[67, 145, 88]
[67, 148, 86]
[65, 144, 87]
[64, 139, 90]
[64, 141, 92]
[63, 143, 93]
[65, 142, 88]
[65, 139, 90]
[64, 132, 95]
[64, 130, 96]
[65, 134, 93]
[68, 136, 90]
[67, 147, 92]
[73, 151, 91]
[72, 153, 90]
[70, 165, 93]
[69, 154, 91]
[69, 158, 97]
[69, 148, 95]
[70, 159, 96]
[67, 152, 94]
[67, 152, 94]
[68, 164, 98]
[68, 162, 96]
[69, 165, 93]
[69, 163, 94]
[69, 151, 93]
[69, 149, 94]
[69, 161, 98]
[70, 163, 97]
[69, 163, 97]
[69, 165, 93]
[68, 165, 94]
[66, 155, 92]
[64, 140, 93]
[64, 134, 93]
[63, 138, 96]
[64, 146, 96]
[66, 155, 92]
[66, 165, 96]
[67, 152, 94]
[68, 151, 93]
[70, 165, 93]
[67, 147, 92]
[64, 146, 96]
[64, 150, 97]
[67, 150, 95]
[67, 149, 91]
[65, 143, 91]
[68, 141, 87]
[66, 150, 92]
[67, 149, 91]
[68, 147, 92]
[68, 136, 90]
[67, 142, 90]
[65, 144, 87]
[62, 149, 89]
[70, 123, 102]
[68, 120, 102]
[67, 124, 103]
[65, 127, 108]
[64, 122, 107]
[62, 123, 108]
[59, 130, 106]
[62, 124, 103]
[66, 121, 101]
[67, 130, 104]
[70, 144, 106]
[67, 130, 104]
[67, 125, 102]
[70, 120, 104]
[66, 118, 104]
[68, 125, 102]
[68, 128, 100]
[66, 121, 101]
[65, 114, 101]
[65, 114, 101]
[67, 110, 104]
[65, 110, 104]
[67, 124, 103]
[68, 122, 100]
[66, 121, 101]
[65, 123, 106]
[67, 120, 106]
[65, 119, 105]
[66, 124, 99]
[67, 129, 99]
[67, 128, 100]
[68, 128, 100]
[68, 130, 98]
[66, 126, 97]
[64, 130, 100]
[64, 125, 100]
[62, 116, 97]
[63, 119, 94]
[65, 133, 94]
[68, 130, 94]
[72, 143, 96]
[72, 145, 95]
[73, 157, 96]
[72, 150, 92]
[69, 161, 95]
[67, 152, 94]
[64, 148, 95]
[64, 151, 93]
[58, 152, 92]
[60, 132, 91]
[65, 134, 93]
[66, 136, 90]
[68, 140, 91]
[68, 147, 92]
[67, 164, 95]
[66, 154, 93]
[66, 161, 98]
[66, 152, 94]
[65, 146, 94]
[64, 148, 95]
[65, 153, 95]
[66, 154, 93]
[63, 144, 92]
[64, 138, 94]
[63, 140, 95]
[64, 137, 91]
[63, 147, 90]
[64, 139, 90]
[66, 133, 92]
[67, 144, 94]
[71, 143, 93]
[71, 146, 91]
[72, 151, 88]
[71, 147, 90]
[66, 136, 90]
[68, 139, 92]
[68, 139, 92]
[67, 150, 95]
[68, 149, 94]
[72, 160, 94]
[73, 150, 92]
[70, 165, 93]
[69, 159, 96]
[67, 146, 98]
[68, 160, 97]
[67, 154, 93]
[66, 152, 94]
[66, 163, 97]
[64, 140, 93]
[62, 140, 95]
[64, 140, 93]
[64, 136, 92]
[68, 149, 94]
[67, 152, 94]
[66, 155, 92]
[67, 169, 92]
[67, 165, 94]
[64, 149, 94]
[65, 143, 96]
[67, 154, 93]
[68, 159, 88]
[68, 169, 92]
[67, 160, 97]
[65, 151, 96]
[65, 140, 93]
[67, 142, 90]
[67, 142, 90]
[65, 143, 91]
[67, 149, 91]
[68, 154, 91]
[68, 164, 95]
[65, 150, 92]
[66, 150, 92]
[68, 173, 81]
[73, 172, 80]
[73, 175, 86]
[68, 154, 88]
[68, 145, 88]
[63, 144, 92]
[58, 146, 91]
[74, 133, 102]
[74, 125, 104]
[73, 143, 105]
[69, 136, 103]
[65, 132, 104]
[64, 125, 104]
[64, 125, 104]
[61, 116, 103]
[64, 123, 106]
[66, 120, 102]
[69, 135, 104]
[67, 130, 104]
[66, 120, 102]
[68, 124, 103]
[68, 124, 103]
[67, 125, 102]
[67, 125, 102]
[67, 115, 100]
[65, 116, 99]
[66, 112, 98]
[63, 111, 101]
[64, 102, 103]
[65, 102, 103]
[65, 111, 99]
[68, 125, 98]
[66, 124, 99]
[67, 130, 98]
[68, 121, 101]
[66, 120, 102]
[70, 123, 102]
[71, 130, 102]
[67, 133, 102]
[68, 133, 102]
[68, 133, 102]
[67, 129, 99]
[63, 118, 99]
[65, 114, 96]
[65, 123, 89]
[65, 135, 81]
[70, 129, 93]
[72, 143, 93]
[73, 146, 94]
[74, 157, 94]
[72, 150, 92]
[70, 161, 95]
[67, 154, 93]
[67, 160, 97]
[64, 145, 97]
[62, 136, 94]
[63, 140, 95]
[65, 136, 92]
[67, 139, 92]
[67, 133, 96]
[67, 141, 96]
[65, 153, 95]
[66, 150, 95]
[66, 161, 98]
[66, 155, 92]
[67, 169, 92]
[66, 150, 92]
[68, 158, 89]
[65, 158, 87]
[65, 150, 92]
[64, 151, 93]
[64, 139, 90]
[63, 143, 93]
[63, 143, 93]
[65, 139, 90]
[69, 154, 91]
[69, 152, 92]
[70, 159, 96]
[73, 146, 94]
[75, 150, 90]
[74, 144, 90]
[68, 136, 90]
[68, 139, 92]
[64, 133, 94]
[66, 145, 95]
[68, 159, 98]
[72, 150, 92]
[72, 153, 90]
[72, 151, 91]
[69, 152, 92]
[69, 161, 95]
[69, 159, 96]
[68, 148, 95]
[67, 159, 98]
[66, 150, 95]
[63, 146, 96]
[63, 141, 94]
[64, 130, 96]
[63, 135, 98]
[64, 142, 99]
[66, 150, 95]
[67, 160, 97]
[67, 154, 93]
[69, 165, 93]
[67, 154, 93]
[69, 163, 94]
[68, 154, 91]
[69, 158, 89]
[69, 165, 93]
[66, 150, 92]
[65, 141, 92]
[66, 133, 92]
[65, 129, 89]
[68, 138, 89]
[68, 152, 89]
[69, 154, 91]
[68, 154, 91]
[67, 165, 94]
[65, 150, 92]
[64, 146, 96]
[65, 140, 93]
[67, 142, 90]
[68, 140, 91]
[72, 151, 91]
[66, 155, 92]
[61, 140, 91]
[58, 152, 94]
[73, 135, 102]
[74, 140, 106]
[74, 140, 106]
[74, 133, 102]
[72, 129, 103]
[68, 125, 102]
[68, 126, 101]
[66, 121, 101]
[68, 125, 102]
[66, 121, 101]
[69, 136, 103]
[68, 134, 101]
[68, 134, 101]
[67, 134, 101]
[68, 121, 101]
[67, 125, 102]
[68, 121, 101]
[67, 125, 102]
[68, 124, 103]
[64, 112, 105]
[65, 115, 100]
[64, 113, 104]
[62, 103, 104]
[63, 109, 103]
[64, 105, 100]
[71, 113, 99]
[73, 121, 97]
[70, 126, 99]
[66, 122, 100]
[70, 123, 102]
[73, 115, 102]
[72, 123, 102]
[70, 121, 99]
[68, 125, 102]
[68, 125, 102]
[65, 123, 102]
[68, 134, 95]
[68, 132, 93]
[72, 134, 93]
[71, 118, 95]
[73, 132, 93]
[71, 132, 91]
[70, 135, 89]
[71, 144, 92]
[68, 139, 97]
[68, 137, 99]
[66, 136, 101]
[63, 133, 100]
[62, 134, 95]
[64, 138, 94]
[65, 137, 95]
[65, 135, 96]
[65, 142, 97]
[64, 143, 98]
[63, 138, 96]
[64, 146, 96]
[63, 140, 95]
[63, 141, 94]
[64, 139, 90]
[68, 154, 91]
[69, 154, 91]
[67, 152, 89]
[65, 146, 89]
[64, 141, 92]
[64, 146, 96]
[66, 148, 93]
[67, 142, 90]
[64, 141, 92]
[63, 141, 94]
[66, 146, 94]
[68, 152, 92]
[71, 146, 91]
[70, 140, 89]
[68, 141, 87]
[66, 138, 89]
[65, 146, 94]
[65, 137, 95]
[67, 134, 95]
[66, 132, 93]
[67, 136, 94]
[66, 138, 89]
[71, 147, 90]
[69, 149, 94]
[70, 158, 97]
[65, 151, 96]
[65, 146, 94]
[64, 151, 93]
[68, 163, 86]
[70, 176, 87]
[71, 156, 85]
[66, 141, 87]
[66, 150, 92]
[65, 155, 94]
[67, 154, 93]
[66, 145, 95]
[67, 144, 94]
[72, 150, 92]
[72, 164, 92]
[69, 165, 93]
[70, 165, 93]
[70, 165, 93]
[71, 147, 90]
[70, 149, 84]
[68, 146, 84]
[68, 147, 87]
[68, 154, 88]
[68, 149, 91]
[67, 149, 91]
[66, 174, 91]
[66, 162, 88]
[65, 161, 90]
[65, 150, 92]
[64, 142, 88]
[63, 147, 90]
[64, 146, 89]
[62, 143, 89]
[64, 142, 88]
[65, 153, 90]
[64, 156, 93]
[64, 156, 93]
[72, 138, 109]
[72, 130, 106]
[72, 120, 104]
[73, 119, 103]
[73, 118, 104]
[70, 120, 104]
[68, 121, 105]
[66, 120, 102]
[68, 124, 103]
[66, 120, 102]
[69, 135, 104]
[69, 132, 106]
[69, 135, 104]
[68, 134, 101]
[68, 121, 101]
[65, 126, 103]
[65, 126, 103]
[65, 121, 103]
[65, 123, 106]
[65, 114, 101]
[67, 117, 98]
[66, 125, 98]
[64, 118, 99]
[64, 115, 102]
[65, 108, 102]
[66, 111, 99]
[68, 118, 104]
[68, 117, 105]
[66, 117, 105]
[70, 124, 101]
[71, 124, 97]
[74, 134, 97]
[74, 134, 97]
[68, 129, 99]
[67, 130, 98]
[65, 126, 99]
[67, 128, 100]
[66, 124, 99]
[65, 118, 97]
[71, 118, 95]
[73, 119, 92]
[71, 129, 93]
[70, 125, 96]
[68, 137, 99]
[68, 130, 98]
[65, 135, 96]
[62, 131, 97]
[63, 140, 95]
[64, 148, 95]
[66, 146, 94]
[68, 132, 93]
[65, 135, 96]
[64, 142, 99]
[65, 141, 98]
[65, 141, 98]
[63, 138, 96]
[64, 134, 93]
[63, 138, 96]
[65, 133, 94]
[67, 147, 92]
[70, 165, 93]
[67, 152, 89]
[65, 146, 89]
[64, 143, 91]
[64, 134, 93]
[67, 145, 93]
[67, 147, 92]
[68, 147, 92]
[62, 140, 91]
[65, 143, 91]
[67, 147, 92]
[71, 146, 91]
[67, 145, 88]
[68, 142, 86]
[64, 145, 86]
[65, 153, 90]
[65, 137, 91]
[67, 145, 93]
[68, 136, 90]
[67, 140, 91]
[66, 136, 90]
[72, 153, 90]
[69, 154, 91]
[68, 165, 94]
[67, 165, 94]
[66, 155, 92]
[66, 166, 95]
[68, 154, 91]
[70, 163, 94]
[72, 153, 90]
[67, 145, 88]
[64, 141, 92]
[66, 146, 94]
[65, 148, 93]
[64, 139, 90]
[67, 154, 88]
[69, 154, 91]
[72, 171, 88]
[72, 167, 90]
[72, 153, 90]
[67, 147, 92]
[68, 145, 93]
[68, 136, 90]
[70, 140, 89]
[68, 149, 91]
[68, 152, 89]
[67, 152, 89]
[65, 150, 92]
[66, 166, 95]
[66, 159, 90]
[66, 159, 90]
[64, 151, 93]
[64, 149, 94]
[66, 148, 93]
[65, 134, 93]
[65, 141, 92]
[65, 139, 90]
[65, 155, 89]
[66, 159, 90]
[65, 160, 91]
[68, 128, 106]
[67, 126, 107]
[67, 120, 106]
[68, 124, 103]
[66, 120, 102]
[68, 121, 105]
[67, 126, 101]
[63, 116, 101]
[63, 123, 108]
[65, 118, 106]
[68, 118, 104]
[67, 126, 107]
[67, 120, 106]
[68, 120, 106]
[66, 118, 104]
[65, 125, 104]
[64, 121, 103]
[65, 128, 102]
[68, 129, 99]
[66, 124, 99]
[67, 126, 101]
[65, 121, 103]
[65, 123, 102]
[64, 126, 103]
[64, 123, 102]
[63, 111, 101]
[61, 108, 99]
[64, 123, 102]
[66, 124, 99]
[70, 129, 97]
[72, 135, 98]
[74, 137, 95]
[74, 134, 97]
[68, 134, 101]
[65, 126, 99]
[64, 128, 102]
[62, 125, 102]
[63, 117, 100]
[63, 117, 100]
[66, 122, 100]
[67, 126, 101]
[70, 120, 100]
[68, 125, 98]
[65, 135, 96]
[63, 141, 94]
[65, 132, 95]
[65, 137, 95]
[65, 142, 97]
[65, 141, 98]
[67, 141, 96]
[68, 136, 94]
[65, 137, 95]
[66, 135, 91]
[65, 129, 89]
[64, 127, 92]
[65, 136, 92]
[64, 134, 93]
[66, 146, 94]
[67, 147, 92]
[67, 142, 90]
[68, 134, 95]
[67, 147, 97]
[66, 147, 97]
[67, 139, 97]
[67, 145, 93]
[68, 147, 92]
[66, 145, 95]
[66, 150, 92]
[66, 138, 89]
[68, 140, 91]
[65, 140, 93]
[66, 145, 95]
[68, 132, 93]
[67, 137, 93]
[65, 143, 91]
[65, 142, 88]
[68, 145, 88]
[68, 154, 91]
[69, 151, 93]
[66, 143, 96]
[69, 165, 93]
[66, 155, 92]
[68, 164, 95]
[68, 154, 91]
[69, 154, 91]
[70, 165, 93]
[65, 160, 91]
[68, 165, 94]
[69, 166, 95]
[70, 161, 95]
[68, 152, 92]
[67, 142, 90]
[66, 133, 92]
[67, 145, 93]
[67, 147, 92]
[68, 149, 91]
[67, 149, 91]
[66, 150, 92]
[67, 142, 90]
[68, 154, 88]
[71, 147, 90]
[68, 149, 91]
[71, 146, 91]
[72, 146, 91]
[72, 140, 89]
[68, 152, 89]
[67, 152, 89]
[65, 155, 89]
[69, 172, 89]
[67, 164, 87]
[65, 156, 88]
[65, 150, 92]
[68, 152, 92]
[68, 152, 92]
[72, 162, 93]
[74, 150, 90]
[73, 164, 92]
[69, 152, 92]
[66, 146, 94]
[66, 148, 93]
[67, 133, 102]
[68, 133, 102]
[68, 135, 104]
[68, 126, 107]
[67, 120, 106]
[66, 117, 105]
[64, 119, 105]
[63, 112, 105]
[63, 124, 107]
[65, 121, 103]
[65, 125, 104]
[65, 123, 102]
[62, 125, 102]
[64, 125, 100]
[65, 125, 104]
[66, 120, 102]
[68, 117, 105]
[68, 126, 107]
[66, 118, 104]
[68, 125, 102]
[67, 125, 102]
[66, 117, 105]
[68, 121, 101]
[65, 126, 103]
[62, 124, 103]
[63, 117, 100]
[61, 116, 99]
[65, 123, 102]
[68, 126, 101]
[68, 128, 100]
[70, 125, 100]
[70, 124, 101]
[68, 130, 98]
[65, 128, 98]
[66, 126, 97]
[65, 129, 101]
[65, 130, 100]
[64, 125, 100]
[64, 118, 99]
[65, 123, 102]
[64, 126, 99]
[67, 130, 98]
[66, 126, 97]
[65, 129, 101]
[65, 130, 100]
[66, 129, 95]
[68, 126, 97]
[68, 137, 99]
[68, 139, 97]
[65, 135, 96]
[65, 131, 99]
[67, 130, 98]
[68, 126, 97]
[65, 125, 92]
[65, 118, 97]
[65, 125, 100]
[65, 140, 93]
[66, 150, 92]
[67, 142, 90]
[65, 141, 92]
[63, 140, 95]
[65, 140, 93]
[66, 150, 92]
[66, 150, 92]
[68, 145, 93]
[67, 142, 95]
[64, 143, 98]
[63, 141, 94]
[64, 137, 91]
[67, 142, 90]
[67, 142, 90]
[66, 150, 92]
[65, 143, 91]
[64, 141, 92]
[64, 137, 91]
[65, 141, 92]
[68, 149, 91]
[67, 149, 91]
[69, 152, 92]
[68, 151, 93]
[67, 155, 92]
[65, 156, 88]
[68, 151, 93]
[68, 149, 91]
[73, 164, 92]
[72, 153, 90]
[69, 152, 92]
[68, 152, 92]
[69, 152, 92]
[69, 163, 94]
[68, 152, 92]
[65, 141, 92]
[67, 142, 90]
[67, 154, 88]
[69, 158, 89]
[67, 149, 91]
[65, 150, 92]
[66, 153, 90]
[67, 159, 90]
[72, 156, 88]
[74, 159, 85]
[73, 175, 86]
[73, 162, 85]
[73, 169, 89]
[72, 169, 89]
[68, 157, 86]
[69, 163, 86]
[68, 159, 88]
[69, 154, 91]
[69, 165, 93]
[70, 168, 91]
[67, 152, 89]
[68, 149, 91]
[68, 158, 89]
[72, 158, 87]
[76, 168, 88]
[74, 168, 88]
[74, 155, 87]
[72, 153, 90]
[68, 142, 90]
[73, 135, 102]
[71, 131, 101]
[68, 134, 101]
[67, 128, 100]
[67, 125, 102]
[68, 120, 106]
[67, 124, 103]
[68, 121, 101]
[66, 120, 102]
[65, 126, 103]
[62, 123, 104]
[63, 113, 104]
[62, 120, 106]
[63, 115, 102]
[62, 124, 103]
[66, 124, 99]
[67, 126, 101]
[68, 121, 101]
[66, 121, 101]
[70, 124, 101]
[68, 124, 103]
[71, 119, 101]
[70, 128, 98]
[68, 134, 95]
[68, 126, 101]
[67, 131, 103]
[66, 120, 102]
[67, 125, 102]
[68, 134, 101]
[68, 128, 100]
[65, 129, 101]
[61, 119, 101]
[63, 116, 101]
[61, 120, 100]
[65, 131, 99]
[67, 134, 101]
[69, 138, 102]
[67, 134, 101]
[68, 128, 100]
[65, 123, 102]
[62, 124, 103]
[67, 131, 103]
[67, 134, 101]
[68, 129, 99]
[67, 130, 98]
[70, 125, 96]
[73, 122, 96]
[72, 134, 99]
[72, 135, 98]
[68, 135, 100]
[68, 139, 101]
[68, 140, 100]
[68, 137, 99]
[73, 141, 98]
[74, 137, 95]
[68, 141, 96]
[65, 138, 94]
[63, 126, 93]
[62, 131, 97]
[64, 132, 95]
[62, 136, 94]
[66, 145, 95]
[66, 142, 97]
[67, 150, 95]
[70, 158, 97]
[68, 146, 96]
[66, 143, 96]
[65, 140, 93]
[65, 141, 92]
[65, 137, 91]
[64, 141, 92]
[65, 145, 95]
[65, 153, 95]
[65, 148, 93]
[64, 137, 95]
[62, 138, 96]
[63, 140, 95]
[62, 139, 92]
[67, 150, 95]
[68, 151, 93]
[72, 164, 92]
[72, 156, 88]
[69, 158, 89]
[67, 149, 91]
[66, 138, 89]
[67, 139, 92]
[66, 141, 87]
[65, 143, 91]
[65, 150, 92]
[68, 154, 91]
[69, 165, 93]
[69, 159, 88]
[67, 165, 94]
[64, 151, 93]
[64, 154, 91]
[66, 150, 92]
[66, 150, 92]
[67, 149, 91]
[69, 163, 94]
[69, 154, 91]
[74, 168, 88]
[70, 174, 91]
[70, 172, 92]
[69, 168, 91]
[74, 166, 89]
[72, 169, 89]
[69, 168, 91]
[66, 152, 94]
[66, 161, 98]
[66, 152, 94]
[66, 150, 92]
[65, 150, 92]
[65, 134, 93]
[67, 145, 93]
[72, 153, 90]
[74, 152, 89]
[73, 167, 90]
[74, 152, 89]
[74, 161, 92]
[72, 147, 90]
[73, 141, 107]
[68, 126, 107]
[67, 120, 106]
[67, 120, 106]
[67, 128, 106]
[68, 133, 102]
[68, 130, 104]
[67, 120, 106]
[67, 121, 105]
[64, 118, 106]
[64, 118, 106]
[61, 113, 106]
[61, 113, 106]
[64, 112, 105]
[68, 117, 105]
[66, 122, 100]
[66, 122, 100]
[68, 125, 102]
[67, 131, 103]
[68, 128, 100]
[70, 129, 97]
[70, 124, 97]
[73, 124, 99]
[70, 124, 101]
[68, 125, 102]
[68, 130, 104]
[67, 124, 103]
[71, 130, 102]
[68, 135, 100]
[68, 130, 98]
[64, 126, 99]
[61, 118, 102]
[61, 118, 102]
[61, 119, 101]
[64, 125, 100]
[67, 133, 102]
[68, 133, 102]
[67, 131, 103]
[68, 122, 100]
[65, 128, 102]
[64, 126, 103]
[68, 136, 103]
[69, 146, 105]
[68, 134, 101]
[68, 128, 100]
[70, 122, 98]
[70, 122, 98]
[71, 134, 99]
[68, 142, 99]
[68, 135, 100]
[69, 140, 100]
[67, 135, 100]
[68, 130, 104]
[73, 135, 102]
[72, 133, 100]
[68, 137, 99]
[67, 130, 98]
[64, 121, 97]
[62, 129, 99]
[64, 132, 95]
[64, 142, 99]
[66, 138, 100]
[68, 139, 97]
[68, 146, 96]
[69, 156, 98]
[69, 151, 93]
[69, 152, 92]
[65, 140, 93]
[65, 138, 94]
[64, 136, 92]
[63, 143, 93]
[65, 143, 96]
[65, 147, 99]
[65, 148, 98]
[65, 145, 95]
[62, 143, 93]
[59, 147, 92]
[63, 143, 93]
[63, 140, 95]
[68, 149, 94]
[69, 151, 93]
[72, 160, 94]
[72, 150, 92]
[67, 147, 92]
[68, 138, 89]
[67, 142, 90]
[64, 141, 92]
[64, 141, 92]
[65, 153, 95]
[67, 155, 92]
[68, 158, 89]
[70, 168, 91]
[67, 164, 95]
[65, 150, 92]
[64, 154, 91]
[67, 155, 92]
[69, 170, 90]
[68, 161, 87]
[69, 165, 93]
[68, 154, 91]
[70, 168, 91]
[68, 169, 92]
[68, 171, 91]
[69, 178, 89]
[73, 164, 84]
[70, 172, 89]
[67, 155, 92]
[65, 163, 97]
[62, 154, 96]
[64, 149, 94]
[64, 145, 97]
[64, 138, 94]
[66, 138, 89]
[67, 149, 91]
[69, 154, 91]
[72, 151, 91]
[74, 152, 89]
[73, 164, 92]
[73, 164, 92]
[74, 155, 87]
[67, 126, 107]
[68, 124, 109]
[64, 116, 108]
[65, 126, 109]
[68, 141, 110]
[68, 131, 107]
[68, 135, 104]
[65, 126, 103]
[64, 123, 106]
[65, 118, 106]
[63, 123, 108]
[64, 119, 105]
[65, 123, 106]
[66, 120, 102]
[73, 125, 98]
[72, 135, 98]
[68, 137, 99]
[72, 135, 102]
[73, 148, 102]
[71, 134, 99]
[68, 131, 103]
[70, 121, 99]
[73, 128, 96]
[70, 129, 97]
[67, 130, 98]
[66, 136, 101]
[66, 136, 101]
[68, 140, 100]
[70, 149, 103]
[66, 132, 104]
[65, 123, 102]
[61, 118, 102]
[63, 127, 104]
[65, 126, 99]
[68, 126, 97]
[67, 129, 99]
[68, 124, 99]
[65, 126, 103]
[65, 128, 102]
[65, 125, 100]
[65, 129, 101]
[66, 135, 102]
[66, 138, 100]
[66, 138, 100]
[67, 130, 98]
[67, 129, 99]
[68, 124, 99]
[67, 133, 102]
[68, 137, 99]
[68, 141, 96]
[73, 128, 96]
[72, 138, 100]
[72, 134, 99]
[72, 138, 96]
[73, 126, 93]
[70, 129, 97]
[66, 126, 97]
[70, 132, 95]
[68, 126, 97]
[65, 131, 99]
[66, 125, 98]
[67, 133, 96]
[72, 134, 93]
[70, 136, 92]
[68, 132, 93]
[68, 134, 95]
[64, 131, 99]
[64, 128, 98]
[62, 131, 97]
[66, 142, 97]
[68, 146, 96]
[72, 150, 92]
[70, 163, 94]
[69, 159, 96]
[66, 149, 96]
[66, 146, 94]
[66, 136, 90]
[70, 140, 89]
[68, 142, 90]
[68, 154, 91]
[69, 159, 96]
[68, 139, 97]
[68, 141, 96]
[67, 144, 94]
[68, 152, 92]
[69, 154, 91]
[68, 165, 94]
[66, 155, 92]
[67, 165, 94]
[68, 154, 91]
[69, 154, 91]
[70, 168, 91]
[68, 159, 88]
[70, 165, 93]
[69, 168, 91]
[72, 156, 88]
[72, 167, 90]
[72, 164, 92]
[69, 165, 93]
[67, 155, 92]
[65, 150, 92]
[66, 150, 92]
[69, 165, 93]
[70, 168, 94]
[72, 164, 92]
[68, 171, 91]
[66, 172, 92]
[64, 156, 93]
[65, 165, 96]
[65, 155, 94]
[66, 153, 90]
[67, 145, 88]
[74, 155, 87]
[72, 158, 87]
[73, 156, 88]
[72, 167, 90]
[70, 165, 93]
[69, 158, 89]
[69, 165, 93]
[69, 152, 92]
[66, 117, 105]
[67, 119, 107]
[68, 118, 108]
[65, 122, 107]
[66, 133, 107]
[65, 127, 108]
[64, 125, 104]
[63, 115, 102]
[64, 121, 103]
[65, 119, 105]
[65, 119, 105]
[65, 122, 107]
[65, 122, 107]
[68, 118, 104]
[72, 120, 104]
[72, 123, 102]
[73, 117, 100]
[72, 131, 101]
[68, 133, 102]
[68, 128, 100]
[68, 130, 98]
[71, 124, 97]
[72, 125, 100]
[74, 131, 99]
[68, 128, 100]
[65, 129, 101]
[64, 126, 99]
[64, 129, 101]
[62, 128, 100]
[64, 128, 102]
[64, 124, 101]
[61, 119, 101]
[63, 130, 102]
[65, 125, 100]
[65, 125, 100]
[65, 131, 99]
[64, 126, 99]
[65, 128, 102]
[64, 126, 103]
[64, 123, 102]
[62, 125, 102]
[64, 125, 100]
[62, 128, 100]
[64, 129, 101]
[68, 139, 101]
[68, 138, 102]
[69, 142, 99]
[67, 137, 99]
[72, 132, 95]
[71, 127, 94]
[70, 125, 96]
[71, 131, 101]
[74, 135, 100]
[73, 149, 101]
[73, 141, 98]
[70, 129, 97]
[70, 125, 96]
[70, 128, 98]
[70, 122, 98]
[68, 128, 100]
[67, 126, 101]
[70, 120, 100]
[71, 120, 100]
[72, 129, 97]
[68, 134, 95]
[68, 132, 93]
[62, 131, 97]
[63, 125, 94]
[62, 131, 97]
[66, 138, 100]
[72, 145, 95]
[73, 164, 95]
[75, 166, 92]
[70, 165, 93]
[67, 149, 96]
[67, 142, 95]
[74, 149, 91]
[75, 146, 89]
[74, 144, 90]
[73, 150, 92]
[74, 155, 87]
[73, 164, 92]
[70, 163, 94]
[68, 146, 96]
[70, 161, 95]
[68, 154, 91]
[70, 163, 94]
[68, 151, 93]
[69, 152, 92]
[69, 168, 91]
[69, 168, 91]
[69, 154, 91]
[72, 164, 92]
[69, 161, 87]
[69, 172, 89]
[72, 156, 88]
[74, 161, 92]
[72, 153, 90]
[70, 165, 93]
[66, 148, 93]
[67, 155, 92]
[67, 159, 90]
[68, 152, 92]
[69, 166, 95]
[69, 165, 93]
[66, 150, 92]
[65, 153, 90]
[63, 156, 90]
[66, 170, 93]
[65, 150, 92]
[66, 150, 92]
[71, 147, 90]
[73, 167, 90]
[74, 150, 90]
[74, 157, 94]
[73, 153, 90]
[69, 154, 91]
[68, 154, 88]
[68, 152, 89]
[67, 152, 89]
[68, 130, 104]
[67, 125, 102]
[65, 119, 105]
[65, 122, 107]
[66, 120, 102]
[67, 124, 103]
[67, 111, 103]
[66, 118, 104]
[66, 118, 104]
[65, 123, 106]
[64, 129, 109]
[66, 131, 105]
[68, 133, 102]
[67, 126, 101]
[68, 129, 99]
[65, 120, 96]
[64, 108, 97]
[66, 113, 97]
[66, 114, 96]
[66, 126, 97]
[68, 124, 99]
[66, 121, 101]
[66, 121, 101]
[68, 128, 100]
[64, 125, 100]
[67, 128, 100]
[65, 129, 101]
[63, 118, 99]
[63, 121, 97]
[61, 121, 99]
[61, 120, 100]
[63, 117, 100]
[63, 121, 97]
[62, 128, 100]
[62, 126, 101]
[66, 136, 101]
[65, 138, 100]
[68, 139, 101]
[70, 147, 104]
[68, 136, 103]
[67, 134, 101]
[65, 128, 102]
[64, 121, 103]
[63, 115, 102]
[65, 123, 102]
[66, 132, 104]
[67, 131, 103]
[70, 126, 99]
[73, 126, 97]
[68, 124, 99]
[65, 126, 103]
[64, 124, 101]
[63, 131, 101]
[65, 138, 100]
[68, 156, 100]
[66, 141, 98]
[69, 142, 99]
[72, 138, 100]
[74, 148, 100]
[72, 141, 98]
[69, 150, 102]
[67, 140, 102]
[68, 140, 100]
[70, 126, 99]
[74, 131, 99]
[70, 129, 97]
[68, 133, 96]
[67, 133, 96]
[66, 129, 95]
[67, 133, 96]
[73, 145, 95]
[73, 146, 94]
[73, 157, 96]
[73, 146, 94]
[68, 144, 94]
[68, 149, 94]
[74, 149, 91]
[72, 162, 93]
[68, 137, 93]
[67, 144, 94]
[70, 159, 96]
[73, 148, 93]
[70, 158, 97]
[69, 146, 96]
[69, 146, 96]
[67, 144, 94]
[69, 161, 95]
[69, 152, 92]
[70, 163, 94]
[68, 152, 92]
[67, 154, 93]
[66, 150, 92]
[68, 149, 91]
[68, 154, 91]
[68, 159, 88]
[70, 168, 91]
[68, 148, 95]
[69, 161, 95]
[69, 165, 93]
[68, 154, 91]
[70, 165, 93]
[69, 170, 90]
[70, 168, 91]
[68, 158, 89]
[69, 159, 88]
[66, 155, 89]
[67, 159, 90]
[67, 160, 89]
[69, 161, 87]
[67, 159, 85]
[69, 163, 86]
[68, 158, 89]
[69, 152, 92]
[67, 145, 93]
[68, 149, 91]
[70, 144, 87]
[68, 142, 90]
[68, 141, 87]
[67, 142, 90]
[71, 147, 90]
[66, 131, 105]
[65, 128, 102]
[64, 125, 104]
[64, 123, 102]
[67, 124, 103]
[66, 121, 101]
[65, 115, 100]
[68, 118, 104]
[68, 120, 102]
[66, 135, 102]
[65, 143, 102]
[66, 134, 103]
[68, 135, 104]
[71, 131, 101]
[70, 126, 99]
[65, 117, 98]
[65, 112, 98]
[64, 110, 95]
[65, 114, 96]
[67, 116, 99]
[67, 126, 101]
[68, 120, 102]
[68, 121, 101]
[65, 128, 102]
[67, 128, 100]
[66, 121, 101]
[65, 129, 101]
[64, 125, 100]
[63, 117, 100]
[61, 114, 105]
[65, 114, 101]
[65, 115, 100]
[63, 116, 101]
[64, 121, 103]
[64, 123, 102]
[65, 134, 103]
[66, 136, 105]
[67, 140, 102]
[69, 142, 99]
[69, 155, 99]
[68, 142, 99]
[68, 130, 98]
[68, 125, 98]
[65, 124, 101]
[62, 128, 100]
[65, 131, 99]
[67, 137, 99]
[72, 128, 98]
[68, 124, 99]
[68, 130, 98]
[67, 130, 98]
[64, 131, 99]
[64, 129, 101]
[64, 138, 102]
[64, 136, 103]
[68, 138, 102]
[69, 138, 102]
[73, 148, 102]
[74, 139, 97]
[72, 154, 98]
[70, 150, 102]
[67, 141, 101]
[66, 136, 101]
[70, 129, 97]
[74, 139, 97]
[73, 138, 100]
[70, 126, 99]
[68, 128, 100]
[68, 125, 98]
[67, 130, 98]
[73, 149, 101]
[73, 143, 96]
[74, 154, 96]
[71, 140, 95]
[67, 134, 95]
[68, 141, 96]
[68, 141, 96]
[66, 142, 97]
[65, 132, 95]
[67, 145, 93]
[68, 149, 94]
[69, 148, 95]
[69, 159, 96]
[68, 149, 91]
[67, 147, 92]
[71, 143, 93]
[70, 159, 96]
[69, 149, 94]
[70, 158, 97]
[68, 145, 97]
[65, 143, 96]
[66, 148, 93]
[66, 153, 90]
[68, 154, 91]
[68, 154, 91]
[70, 168, 94]
[69, 165, 93]
[67, 155, 92]
[68, 169, 92]
[69, 154, 91]
[70, 165, 93]
[69, 168, 91]
[70, 170, 90]
[72, 156, 88]
[67, 149, 91]
[68, 149, 91]
[68, 149, 91]
[68, 154, 91]
[68, 154, 91]
[68, 147, 92]
[67, 147, 92]
[66, 152, 94]
[67, 154, 93]
[67, 152, 89]
[66, 142, 86]
[68, 145, 88]
[67, 147, 87]
[68, 146, 84]
[67, 148, 86]
[68, 154, 88]
[61, 116, 103]
[63, 112, 105]
[58, 112, 105]
[60, 114, 105]
[63, 124, 107]
[65, 121, 103]
[67, 134, 101]
[68, 135, 100]
[65, 125, 100]
[66, 132, 104]
[66, 131, 105]
[67, 128, 100]
[66, 124, 99]
[68, 130, 98]
[68, 133, 96]
[66, 126, 97]
[66, 120, 102]
[65, 119, 105]
[65, 121, 103]
[65, 123, 102]
[68, 124, 99]
[66, 134, 103]
[64, 124, 101]
[64, 129, 101]
[64, 126, 99]
[67, 137, 99]
[65, 126, 99]
[65, 129, 101]
[65, 128, 98]
[67, 128, 100]
[68, 125, 98]
[67, 129, 99]
[65, 129, 101]
[65, 123, 102]
[65, 121, 103]
[66, 132, 104]
[66, 134, 103]
[64, 126, 103]
[67, 139, 103]
[68, 138, 102]
[69, 149, 103]
[71, 134, 99]
[66, 129, 95]
[68, 139, 97]
[67, 143, 100]
[66, 136, 101]
[66, 124, 99]
[68, 128, 100]
[70, 126, 99]
[70, 124, 97]
[70, 129, 97]
[68, 137, 99]
[67, 140, 102]
[64, 128, 102]
[65, 128, 102]
[67, 140, 102]
[68, 140, 100]
[71, 134, 99]
[72, 141, 98]
[71, 135, 98]
[67, 130, 98]
[70, 128, 98]
[70, 125, 96]
[68, 133, 96]
[68, 130, 98]
[72, 143, 96]
[72, 141, 94]
[68, 130, 98]
[68, 128, 100]
[66, 122, 100]
[67, 128, 100]
[68, 137, 99]
[68, 124, 99]
[67, 126, 101]
[67, 130, 98]
[68, 134, 95]
[65, 128, 98]
[64, 130, 96]
[66, 126, 97]
[68, 134, 95]
[71, 141, 94]
[68, 141, 96]
[70, 155, 99]
[72, 145, 95]
[74, 141, 92]
[72, 147, 90]
[73, 162, 93]
[72, 151, 91]
[69, 159, 96]
[69, 149, 94]
[66, 150, 95]
[66, 145, 95]
[68, 133, 92]
[67, 140, 91]
[67, 147, 92]
[65, 148, 93]
[66, 154, 93]
[65, 156, 93]
[68, 169, 92]
[67, 159, 90]
[68, 164, 95]
[68, 151, 93]
[69, 154, 91]
[72, 162, 85]
[68, 142, 90]
[65, 139, 90]
[66, 138, 89]
[67, 152, 89]
[67, 148, 86]
[64, 149, 87]
[64, 146, 89]
[62, 140, 91]
[68, 135, 91]
[67, 140, 91]
[65, 139, 90]
[65, 130, 88]
[66, 141, 87]
[68, 154, 88]
[72, 169, 89]
[72, 160, 86]
[63, 117, 100]
[63, 116, 101]
[61, 118, 102]
[61, 118, 102]
[62, 126, 101]
[67, 134, 101]
[67, 135, 100]
[68, 135, 100]
[64, 126, 103]
[64, 123, 106]
[64, 122, 107]
[65, 114, 101]
[67, 124, 103]
[68, 120, 102]
[68, 129, 99]
[66, 126, 97]
[65, 121, 103]
[64, 125, 104]
[64, 119, 105]
[63, 126, 105]
[66, 134, 103]
[66, 135, 102]
[66, 129, 107]
[65, 122, 107]
[66, 118, 104]
[65, 126, 103]
[65, 124, 101]
[65, 128, 102]
[65, 125, 100]
[67, 126, 101]
[68, 121, 101]
[67, 125, 102]
[68, 129, 99]
[68, 139, 101]
[69, 150, 102]
[69, 142, 99]
[68, 142, 99]
[64, 131, 99]
[65, 130, 96]
[67, 130, 98]
[67, 128, 100]
[65, 128, 102]
[68, 124, 99]
[67, 131, 103]
[65, 126, 103]
[67, 126, 101]
[68, 126, 101]
[70, 122, 98]
[68, 129, 99]
[68, 124, 99]
[67, 129, 99]
[66, 125, 98]
[64, 129, 101]
[66, 134, 103]
[65, 130, 100]
[65, 131, 99]
[68, 129, 99]
[66, 125, 98]
[68, 124, 99]
[67, 128, 100]
[66, 121, 101]
[68, 126, 101]
[66, 126, 97]
[64, 131, 99]
[64, 131, 99]
[66, 126, 97]
[66, 126, 97]
[68, 130, 98]
[68, 124, 99]
[65, 128, 102]
[65, 123, 106]
[66, 118, 104]
[65, 130, 100]
[64, 128, 98]
[67, 130, 98]
[67, 133, 96]
[67, 130, 98]
[65, 128, 98]
[68, 126, 97]
[70, 129, 97]
[73, 125, 98]
[73, 141, 98]
[74, 161, 92]
[73, 153, 90]
[73, 151, 91]
[74, 159, 93]
[73, 150, 92]
[71, 144, 92]
[68, 149, 94]
[69, 148, 95]
[69, 149, 94]
[67, 147, 92]
[68, 142, 90]
[70, 141, 85]
[68, 154, 88]
[67, 147, 87]
[67, 152, 89]
[67, 155, 92]
[67, 155, 92]
[68, 171, 91]
[69, 163, 86]
[68, 159, 88]
[70, 165, 93]
[68, 158, 89]
[67, 142, 90]
[65, 130, 88]
[66, 136, 90]
[68, 141, 87]
[68, 147, 83]
[65, 155, 84]
[64, 153, 85]
[66, 146, 84]
[70, 141, 85]
[68, 145, 88]
[68, 141, 87]
[67, 142, 90]
[67, 149, 91]
[68, 158, 89]
[73, 158, 87]
[74, 174, 85]
[63, 127, 104]
[64, 125, 100]
[62, 128, 100]
[65, 130, 100]
[68, 120, 102]
[67, 121, 105]
[68, 125, 102]
[67, 131, 103]
[68, 124, 99]
[65, 129, 101]
[65, 121, 103]
[67, 124, 103]
[67, 121, 105]
[68, 120, 102]
[68, 126, 101]
[68, 122, 100]
[68, 121, 105]
[65, 121, 103]
[65, 121, 103]
[67, 121, 105]
[70, 120, 104]
[73, 135, 102]
[72, 136, 101]
[64, 126, 103]
[65, 125, 104]
[65, 121, 103]
[66, 122, 100]
[66, 132, 104]
[65, 128, 102]
[65, 131, 99]
[65, 130, 100]
[64, 125, 100]
[62, 129, 99]
[65, 138, 100]
[67, 140, 102]
[72, 135, 102]
[70, 144, 106]
[67, 131, 103]
[63, 133, 100]
[64, 123, 102]
[63, 126, 105]
[64, 121, 103]
[63, 126, 105]
[65, 121, 103]
[64, 128, 102]
[65, 120, 96]
[67, 130, 98]
[68, 126, 97]
[68, 129, 95]
[65, 131, 99]
[64, 125, 100]
[63, 130, 102]
[63, 129, 103]
[67, 129, 99]
[64, 126, 99]
[64, 129, 101]
[64, 135, 104]
[65, 135, 102]
[59, 132, 104]
[61, 128, 100]
[64, 128, 98]
[65, 130, 100]
[67, 128, 100]
[66, 136, 101]
[64, 129, 101]
[62, 130, 102]
[64, 131, 99]
[66, 132, 93]
[68, 130, 94]
[65, 130, 100]
[63, 118, 99]
[61, 122, 98]
[63, 133, 100]
[64, 128, 98]
[65, 131, 99]
[67, 139, 97]
[73, 130, 94]
[72, 133, 94]
[72, 136, 92]
[68, 129, 95]
[66, 125, 98]
[72, 135, 98]
[74, 149, 99]
[73, 143, 96]
[74, 142, 95]
[72, 150, 100]
[72, 150, 100]
[71, 138, 96]
[72, 140, 95]
[72, 148, 93]
[72, 162, 93]
[69, 154, 91]
[67, 142, 90]
[68, 142, 90]
[70, 145, 86]
[70, 144, 87]
[71, 136, 88]
[68, 148, 86]
[68, 142, 90]
[67, 147, 92]
[70, 165, 93]
[67, 159, 90]
[68, 169, 92]
[68, 158, 89]
[72, 154, 86]
[72, 149, 84]
[73, 144, 85]
[73, 158, 87]
[73, 169, 89]
[69, 161, 87]
[65, 153, 90]
[65, 148, 93]
[66, 150, 92]
[67, 152, 89]
[70, 141, 85]
[68, 147, 87]
[68, 147, 87]
[64, 142, 88]
[65, 139, 90]
[67, 145, 88]
[64, 124, 101]
[64, 126, 103]
[64, 138, 102]
[65, 130, 100]
[66, 121, 101]
[67, 121, 105]
[68, 120, 102]
[67, 128, 106]
[67, 124, 103]
[68, 121, 105]
[66, 118, 104]
[67, 124, 103]
[67, 121, 105]
[68, 121, 105]
[68, 117, 105]
[70, 120, 104]
[68, 124, 103]
[68, 122, 100]
[68, 124, 103]
[66, 118, 104]
[67, 126, 101]
[72, 136, 101]
[68, 139, 101]
[68, 126, 101]
[65, 129, 101]
[64, 118, 99]
[68, 122, 100]
[67, 131, 103]
[67, 133, 102]
[68, 134, 101]
[67, 125, 102]
[64, 119, 105]
[64, 119, 105]
[64, 135, 104]
[65, 129, 101]
[67, 133, 102]
[68, 137, 99]
[68, 129, 99]
[65, 126, 99]
[64, 128, 102]
[63, 130, 102]
[64, 125, 100]
[62, 126, 101]
[64, 130, 100]
[64, 125, 100]
[67, 128, 100]
[68, 130, 98]
[66, 129, 95]
[65, 132, 95]
[65, 134, 97]
[64, 139, 101]
[63, 139, 101]
[62, 126, 101]
[65, 130, 100]
[64, 126, 99]
[63, 131, 101]
[65, 141, 103]
[66, 141, 101]
[59, 132, 104]
[60, 118, 102]
[63, 121, 97]
[67, 128, 100]
[68, 137, 99]
[68, 141, 96]
[64, 135, 96]
[64, 134, 97]
[67, 130, 98]
[67, 137, 99]
[68, 133, 96]
[68, 133, 96]
[63, 121, 97]
[63, 118, 99]
[62, 126, 101]
[64, 125, 100]
[64, 125, 100]
[67, 135, 100]
[73, 125, 98]
[72, 128, 98]
[68, 129, 99]
[68, 124, 99]
[68, 125, 98]
[67, 130, 98]
[73, 150, 100]
[73, 141, 98]
[74, 149, 99]
[72, 141, 98]
[74, 152, 97]
[72, 141, 94]
[74, 140, 93]
[73, 145, 95]
[73, 143, 96]
[72, 155, 97]
[69, 148, 95]
[67, 136, 94]
[68, 140, 91]
[70, 139, 86]
[68, 141, 87]
[68, 142, 86]
[68, 148, 86]
[67, 159, 85]
[69, 176, 87]
[67, 160, 89]
[69, 159, 88]
[70, 176, 90]
[73, 171, 88]
[75, 155, 84]
[74, 159, 85]
[72, 160, 86]
[74, 166, 89]
[72, 169, 89]
[68, 158, 89]
[65, 150, 92]
[68, 169, 92]
[67, 154, 88]
[66, 142, 86]
[68, 152, 84]
[68, 150, 85]
[64, 145, 86]
[62, 145, 88]
[67, 152, 89]
[66, 122, 100]
[67, 131, 103]
[69, 136, 103]
[67, 134, 101]
[68, 125, 102]
[64, 116, 101]
[65, 114, 101]
[66, 117, 105]
[67, 125, 102]
[68, 133, 102]
[72, 130, 106]
[71, 125, 106]
[67, 119, 107]
[68, 118, 104]
[66, 120, 102]
[68, 121, 101]
[67, 125, 102]
[68, 124, 99]
[66, 120, 102]
[63, 115, 102]
[64, 123, 102]
[62, 125, 102]
[65, 125, 104]
[65, 115, 100]
[68, 125, 98]
[66, 122, 100]
[68, 124, 103]
[70, 121, 99]
[70, 124, 97]
[70, 129, 97]
[70, 125, 96]
[64, 121, 97]
[64, 136, 92]
[65, 128, 98]
[65, 130, 96]
[65, 131, 99]
[64, 128, 102]
[64, 123, 102]
[65, 123, 102]
[66, 125, 98]
[66, 129, 95]
[64, 130, 100]
[62, 123, 104]
[64, 129, 101]
[65, 130, 96]
[65, 131, 99]
[62, 128, 100]
[64, 131, 99]
[67, 133, 96]
[68, 141, 96]
[67, 134, 95]
[68, 141, 96]
[65, 130, 100]
[66, 124, 99]
[65, 129, 101]
[67, 143, 100]
[64, 138, 102]
[64, 129, 101]
[65, 130, 100]
[65, 120, 96]
[68, 142, 90]
[71, 138, 96]
[73, 139, 99]
[72, 138, 100]
[69, 149, 103]
[71, 135, 98]
[74, 133, 98]
[73, 141, 98]
[73, 150, 100]
[74, 142, 95]
[68, 142, 95]
[68, 133, 96]
[68, 126, 97]
[65, 120, 96]
[68, 126, 97]
[66, 126, 97]
[70, 127, 94]
[68, 136, 94]
[68, 136, 90]
[67, 133, 96]
[68, 140, 100]
[69, 142, 99]
[67, 137, 99]
[70, 129, 97]
[73, 130, 94]
[71, 127, 94]
[73, 128, 96]
[75, 138, 94]
[75, 140, 93]
[74, 149, 99]
[73, 149, 101]
[74, 137, 99]
[72, 138, 96]
[68, 133, 96]
[65, 134, 93]
[65, 137, 91]
[68, 138, 89]
[67, 145, 88]
[69, 159, 88]
[73, 160, 86]
[72, 171, 88]
[69, 163, 86]
[72, 164, 84]
[73, 181, 83]
[73, 170, 81]
[74, 174, 85]
[72, 177, 88]
[72, 175, 89]
[73, 175, 89]
[73, 173, 87]
[74, 163, 83]
[71, 160, 83]
[68, 159, 85]
[68, 148, 86]
[68, 152, 89]
[67, 149, 91]
[68, 152, 89]
[71, 152, 87]
[67, 157, 86]
[69, 165, 85]
[65, 122, 107]
[65, 118, 106]
[68, 126, 101]
[67, 134, 101]
[66, 122, 100]
[68, 126, 101]
[68, 126, 101]
[68, 121, 101]
[66, 125, 98]
[68, 137, 99]
[68, 135, 100]
[70, 126, 99]
[66, 124, 99]
[67, 115, 100]
[66, 118, 104]
[68, 126, 107]
[67, 120, 106]
[70, 119, 101]
[68, 122, 100]
[64, 117, 100]
[63, 116, 101]
[63, 117, 100]
[59, 112, 100]
[61, 113, 102]
[65, 114, 101]
[66, 121, 101]
[68, 125, 98]
[70, 126, 99]
[73, 120, 98]
[71, 122, 98]
[70, 116, 97]
[64, 117, 100]
[64, 118, 99]
[65, 128, 98]
[65, 131, 99]
[63, 117, 100]
[63, 115, 102]
[59, 116, 101]
[61, 115, 100]
[61, 120, 100]
[64, 130, 100]
[64, 125, 100]
[62, 128, 100]
[64, 130, 100]
[62, 128, 100]
[64, 131, 99]
[63, 133, 100]
[65, 128, 98]
[72, 138, 96]
[74, 140, 93]
[74, 137, 95]
[71, 135, 98]
[66, 126, 97]
[68, 129, 99]
[69, 140, 100]
[69, 142, 99]
[68, 146, 96]
[64, 134, 97]
[65, 128, 98]
[70, 125, 96]
[68, 136, 94]
[68, 141, 96]
[67, 141, 96]
[71, 143, 93]
[74, 140, 93]
[71, 140, 95]
[66, 129, 95]
[68, 130, 98]
[68, 137, 99]
[71, 135, 98]
[71, 135, 98]
[70, 132, 95]
[70, 129, 97]
[71, 125, 96]
[68, 129, 99]
[68, 126, 97]
[68, 130, 98]
[65, 126, 99]
[65, 125, 100]
[68, 130, 98]
[68, 137, 99]
[68, 129, 99]
[66, 125, 98]
[68, 133, 96]
[70, 130, 92]
[72, 133, 94]
[72, 135, 98]
[74, 134, 97]
[74, 137, 95]
[72, 138, 96]
[74, 138, 94]
[73, 135, 91]
[71, 130, 92]
[70, 132, 95]
[68, 126, 97]
[67, 133, 96]
[72, 145, 95]
[73, 146, 94]
[74, 157, 94]
[72, 153, 90]
[69, 165, 93]
[69, 159, 88]
[68, 159, 88]
[73, 156, 88]
[74, 157, 86]
[73, 175, 89]
[72, 162, 85]
[70, 172, 89]
[72, 158, 87]
[73, 171, 88]
[74, 172, 86]
[73, 166, 83]
[74, 168, 88]
[72, 147, 90]
[68, 155, 87]
[67, 155, 87]
[73, 160, 86]
[73, 171, 88]
[74, 166, 89]
[73, 153, 90]
[68, 121, 101]
[65, 123, 106]
[63, 118, 99]
[66, 125, 98]
[68, 128, 100]
[72, 133, 100]
[68, 128, 100]
[68, 125, 102]
[68, 121, 105]
[66, 118, 104]
[68, 120, 102]
[68, 126, 101]
[70, 126, 99]
[68, 122, 100]
[68, 139, 101]
[69, 139, 101]
[65, 129, 101]
[67, 129, 99]
[67, 133, 96]
[67, 122, 94]
[68, 130, 98]
[65, 128, 98]
[62, 129, 99]
[59, 117, 100]
[58, 115, 102]
[64, 116, 101]
[66, 122, 100]
[67, 120, 96]
[69, 118, 91]
[67, 120, 96]
[65, 118, 97]
[63, 118, 99]
[59, 112, 100]
[59, 118, 99]
[64, 124, 101]
[62, 123, 104]
[61, 114, 101]
[59, 118, 99]
[61, 122, 98]
[61, 118, 97]
[63, 123, 95]
[66, 125, 98]
[66, 129, 95]
[67, 139, 92]
[67, 140, 91]
[71, 144, 92]
[67, 136, 94]
[68, 134, 95]
[71, 127, 94]
[72, 132, 95]
[73, 123, 95]
[70, 129, 97]
[68, 130, 98]
[68, 130, 98]
[68, 137, 99]
[67, 139, 97]
[68, 126, 97]
[67, 130, 98]
[65, 128, 98]
[65, 130, 96]
[65, 134, 97]
[65, 130, 96]
[68, 126, 97]
[67, 133, 96]
[68, 141, 96]
[69, 155, 99]
[69, 150, 102]
[68, 137, 99]
[67, 130, 98]
[68, 137, 99]
[68, 142, 99]
[69, 146, 96]
[69, 142, 99]
[68, 137, 99]
[68, 129, 95]
[67, 129, 99]
[67, 125, 102]
[66, 124, 99]
[71, 122, 98]
[72, 126, 99]
[70, 129, 97]
[65, 126, 99]
[65, 126, 99]
[68, 126, 97]
[70, 127, 94]
[71, 140, 95]
[72, 148, 102]
[72, 136, 101]
[68, 129, 99]
[68, 130, 98]
[66, 126, 97]
[68, 133, 96]
[68, 130, 94]
[67, 137, 99]
[68, 149, 94]
[69, 148, 95]
[72, 141, 98]
[73, 150, 100]
[69, 146, 96]
[65, 137, 95]
[65, 137, 95]
[64, 133, 94]
[67, 136, 94]
[66, 135, 91]
[73, 164, 84]
[74, 169, 80]
[74, 165, 82]
[73, 160, 86]
[72, 164, 92]
[72, 158, 87]
[70, 170, 90]
[69, 161, 87]
[68, 177, 88]
[68, 161, 87]
[68, 152, 89]
[67, 149, 91]
[70, 165, 93]
[73, 148, 93]
[73, 141, 98]
[74, 152, 97]
[68, 125, 98]
[67, 129, 99]
[64, 128, 98]
[64, 121, 97]
[68, 125, 98]
[72, 135, 98]
[66, 126, 97]
[68, 126, 101]
[65, 126, 103]
[66, 121, 101]
[67, 128, 100]
[68, 125, 98]
[68, 126, 97]
[68, 134, 101]
[68, 142, 99]
[70, 151, 101]
[66, 143, 100]
[64, 129, 101]
[65, 130, 100]
[70, 124, 97]
[68, 125, 98]
[65, 126, 99]
[64, 134, 97]
[61, 121, 99]
[59, 116, 97]
[63, 121, 97]
[65, 120, 96]
[65, 120, 96]
[65, 122, 94]
[67, 123, 93]
[66, 126, 97]
[63, 120, 98]
[61, 115, 100]
[60, 118, 102]
[61, 125, 102]
[64, 131, 99]
[61, 122, 98]
[63, 120, 98]
[61, 122, 98]
[63, 121, 97]
[66, 130, 94]
[66, 126, 97]
[67, 137, 99]
[65, 131, 99]
[67, 130, 98]
[71, 135, 98]
[67, 135, 100]
[71, 134, 99]
[71, 125, 96]
[70, 132, 95]
[70, 125, 96]
[70, 129, 97]
[68, 130, 94]
[67, 134, 95]
[65, 130, 96]
[65, 131, 99]
[65, 131, 99]
[64, 121, 97]
[64, 132, 95]
[64, 128, 98]
[62, 131, 97]
[64, 135, 96]
[66, 130, 94]
[67, 139, 97]
[70, 155, 99]
[68, 142, 99]
[69, 155, 102]
[70, 155, 99]
[72, 145, 95]
[72, 146, 94]
[69, 146, 96]
[70, 155, 99]
[68, 140, 100]
[68, 128, 100]
[66, 129, 95]
[68, 137, 93]
[68, 136, 94]
[66, 130, 94]
[70, 134, 93]
[74, 137, 95]
[70, 128, 98]
[66, 126, 97]
[68, 134, 95]
[70, 129, 93]
[71, 125, 96]
[71, 138, 96]
[72, 155, 97]
[71, 140, 95]
[68, 136, 94]
[68, 132, 93]
[66, 129, 95]
[65, 131, 99]
[66, 129, 95]
[65, 135, 96]
[67, 133, 96]
[69, 146, 96]
[69, 145, 97]
[70, 151, 101]
[66, 141, 101]
[65, 130, 100]
[64, 131, 99]
[66, 126, 97]
[68, 126, 97]
[68, 129, 95]
[74, 137, 95]
[72, 140, 95]
[74, 143, 91]
[72, 147, 90]
[73, 156, 88]
[72, 158, 87]
[68, 152, 89]
[66, 150, 92]
[65, 153, 90]
[64, 149, 94]
[64, 134, 93]
[65, 137, 95]
[68, 142, 99]
[69, 138, 102]
[74, 145, 102]
[73, 153, 102]
[67, 134, 101]
[70, 129, 97]
[68, 126, 97]
[65, 110, 100]
[67, 110, 104]
[65, 114, 101]
[68, 124, 99]
[65, 126, 99]
[62, 124, 103]
[65, 122, 107]
[68, 121, 101]
[67, 131, 103]
[68, 135, 104]
[68, 131, 103]
[67, 131, 103]
[68, 130, 104]
[68, 124, 103]
[66, 121, 101]
[67, 117, 98]
[63, 114, 98]
[64, 107, 98]
[62, 113, 99]
[63, 120, 98]
[62, 129, 99]
[62, 131, 97]
[63, 121, 97]
[59, 113, 99]
[63, 114, 98]
[63, 116, 97]
[65, 128, 98]
[64, 130, 96]
[65, 129, 101]
[63, 131, 101]
[64, 126, 99]
[66, 124, 99]
[67, 133, 102]
[70, 128, 98]
[68, 130, 98]
[63, 133, 100]
[65, 128, 98]
[68, 130, 98]
[71, 125, 96]
[71, 127, 94]
[68, 133, 96]
[63, 135, 98]
[65, 130, 96]
[68, 130, 98]
[71, 125, 96]
[73, 123, 95]
[70, 127, 94]
[66, 132, 93]
[67, 122, 94]
[68, 130, 98]
[68, 146, 96]
[69, 158, 97]
[68, 142, 95]
[67, 134, 95]
[65, 137, 95]
[67, 139, 92]
[68, 149, 94]
[68, 149, 94]
[68, 159, 98]
[65, 130, 96]
[66, 138, 100]
[68, 130, 98]
[67, 130, 98]
[67, 130, 98]
[68, 135, 100]
[70, 151, 101]
[72, 145, 95]
[70, 158, 97]
[72, 145, 95]
[71, 135, 98]
[68, 141, 96]
[70, 133, 94]
[70, 132, 95]
[72, 132, 95]
[75, 145, 93]
[73, 157, 96]
[74, 134, 97]
[73, 123, 95]
[72, 129, 97]
[71, 125, 96]
[73, 132, 93]
[71, 132, 91]
[74, 140, 93]
[74, 138, 94]
[72, 132, 95]
[68, 126, 97]
[70, 129, 97]
[68, 126, 97]
[64, 125, 94]
[64, 123, 95]
[65, 130, 96]
[67, 141, 96]
[69, 148, 95]
[69, 158, 97]
[66, 147, 97]
[65, 144, 101]
[66, 138, 100]
[68, 145, 97]
[68, 136, 94]
[66, 136, 90]
[68, 137, 93]
[68, 133, 92]
[71, 144, 92]
[73, 157, 96]
[74, 145, 93]
[73, 135, 91]
[72, 144, 92]
[70, 158, 97]
[66, 147, 97]
[65, 147, 99]
[66, 138, 100]
[64, 128, 98]
[64, 128, 102]
[65, 134, 103]
[68, 136, 103]
[68, 135, 104]
[69, 138, 102]
[68, 134, 101]
[72, 126, 99]
[68, 126, 101]
[67, 117, 98]
[65, 117, 98]
[65, 125, 100]
[65, 130, 100]
[65, 124, 101]
[65, 128, 102]
[66, 124, 99]
[66, 125, 98]
[68, 134, 101]
[67, 137, 99]
[68, 130, 98]
[66, 125, 98]
[64, 120, 98]
[67, 128, 100]
[68, 125, 98]
[67, 120, 96]
[64, 121, 97]
[62, 110, 97]
[64, 116, 101]
[65, 123, 102]
[65, 126, 99]
[68, 126, 101]
[65, 117, 98]
[65, 110, 95]
[65, 114, 96]
[66, 125, 98]
[65, 128, 98]
[67, 133, 96]
[65, 120, 96]
[65, 118, 97]
[64, 120, 98]
[67, 130, 98]
[68, 122, 100]
[73, 122, 96]
[68, 130, 98]
[66, 124, 99]
[65, 126, 103]
[66, 125, 98]
[70, 121, 93]
[68, 134, 95]
[68, 126, 97]
[64, 131, 99]
[62, 129, 99]
[65, 131, 99]
[70, 118, 95]
[70, 116, 97]
[66, 112, 98]
[63, 112, 100]
[63, 120, 98]
[65, 131, 99]
[68, 142, 99]
[73, 141, 98]
[72, 150, 100]
[68, 133, 96]
[67, 134, 95]
[68, 133, 96]
[71, 141, 94]
[72, 145, 95]
[68, 139, 97]
[68, 126, 97]
[65, 134, 97]
[65, 128, 98]
[67, 130, 98]
[67, 120, 96]
[66, 126, 97]
[66, 126, 97]
[68, 141, 96]
[72, 145, 95]
[73, 145, 95]
[74, 147, 92]
[74, 140, 93]
[70, 126, 99]
[70, 114, 98]
[71, 127, 94]
[74, 127, 92]
[72, 141, 94]
[74, 140, 93]
[71, 127, 94]
[70, 132, 95]
[70, 127, 94]
[70, 129, 97]
[71, 125, 96]
[70, 129, 93]
[70, 129, 93]
[71, 140, 95]
[70, 134, 93]
[72, 133, 94]
[68, 130, 98]
[66, 126, 97]
[65, 134, 97]
[65, 130, 96]
[68, 142, 99]
[69, 142, 99]
[67, 137, 99]
[65, 142, 97]
[66, 145, 95]
[67, 142, 95]
[67, 134, 95]
[68, 134, 95]
[68, 132, 93]
[70, 136, 92]
[70, 132, 91]
[68, 142, 95]
[73, 148, 93]
[73, 148, 93]
[74, 138, 94]
[71, 134, 99]
[69, 139, 101]
[68, 148, 105]
[68, 136, 103]
[69, 144, 106]
[69, 142, 108]
[66, 137, 104]
[67, 147, 106]
[68, 138, 102]
[69, 135, 104]
[69, 144, 106]
[73, 148, 102]
[71, 133, 100]
[70, 124, 101]
[72, 125, 100]
[71, 121, 99]
[72, 124, 101]
[70, 119, 101]
[68, 125, 102]
[68, 126, 101]
[66, 125, 98]
[66, 125, 98]
[68, 131, 103]
[68, 125, 102]
[65, 126, 103]
[61, 114, 101]
[62, 112, 100]
[66, 121, 101]
[65, 119, 105]
[67, 120, 106]
[66, 117, 105]
[66, 125, 98]
[70, 128, 98]
[72, 128, 98]
[70, 122, 98]
[68, 128, 100]
[70, 122, 98]
[70, 129, 97]
[68, 125, 98]
[66, 124, 99]
[68, 128, 100]
[68, 128, 100]
[71, 116, 97]
[70, 109, 94]
[66, 118, 93]
[61, 112, 96]
[65, 117, 98]
[71, 122, 98]
[71, 121, 99]
[73, 122, 96]
[70, 129, 97]
[70, 129, 97]
[68, 128, 100]
[64, 128, 102]
[64, 126, 99]
[67, 143, 100]
[68, 142, 99]
[67, 135, 100]
[71, 134, 99]
[72, 138, 96]
[68, 141, 96]
[67, 130, 98]
[62, 128, 100]
[65, 125, 100]
[68, 135, 100]
[71, 138, 96]
[74, 137, 95]
[72, 129, 97]
[70, 127, 94]
[70, 129, 97]
[70, 127, 94]
[73, 128, 96]
[70, 129, 97]
[68, 130, 98]
[67, 129, 99]
[68, 125, 98]
[67, 129, 99]
[67, 130, 98]
[70, 125, 96]
[68, 130, 98]
[66, 126, 97]
[64, 135, 96]
[67, 134, 95]
[73, 132, 93]
[72, 141, 94]
[73, 126, 93]
[72, 129, 97]
[73, 122, 96]
[71, 133, 100]
[68, 124, 99]
[68, 129, 99]
[68, 130, 98]
[65, 130, 96]
[64, 132, 95]
[65, 130, 96]
[68, 133, 96]
[67, 134, 95]
[73, 146, 94]
[73, 145, 95]
[75, 134, 97]
[75, 137, 95]
[72, 129, 97]
[68, 137, 99]
[69, 146, 96]
[67, 141, 96]
[70, 151, 101]
[68, 142, 99]
[70, 158, 97]
[68, 146, 96]
[69, 146, 96]
[72, 154, 98]
[73, 145, 95]
[70, 134, 93]
[71, 125, 96]
[72, 132, 95]
[73, 126, 93]
[68, 137, 99]
[72, 139, 99]
[72, 148, 102]
[68, 136, 103]
[70, 144, 106]
[72, 130, 106]
[72, 143, 109]
[70, 144, 110]
[70, 148, 107]
[70, 144, 106]
[69, 140, 109]
[69, 145, 109]
[73, 155, 105]
[70, 155, 107]
[70, 147, 104]
[74, 145, 102]
[71, 130, 102]
[68, 126, 97]
[68, 128, 100]
[70, 121, 99]
[72, 124, 101]
[70, 120, 104]
[68, 124, 103]
[68, 121, 101]
[67, 124, 103]
[66, 122, 100]
[68, 126, 101]
[68, 126, 97]
[65, 130, 100]
[64, 116, 101]
[65, 115, 100]
[68, 125, 98]
[65, 128, 98]
[65, 131, 99]
[66, 125, 98]
[68, 126, 101]
[70, 124, 101]
[73, 128, 96]
[70, 124, 97]
[68, 126, 101]
[66, 121, 101]
[68, 126, 101]
[65, 117, 98]
[68, 128, 100]
[66, 124, 99]
[68, 128, 100]
[71, 124, 97]
[71, 118, 95]
[66, 115, 95]
[62, 109, 98]
[65, 113, 97]
[70, 125, 96]
[73, 126, 93]
[71, 127, 94]
[73, 128, 96]
[72, 135, 98]
[68, 130, 98]
[66, 126, 97]
[66, 138, 100]
[68, 140, 100]
[68, 142, 99]
[72, 139, 99]
[73, 141, 98]
[74, 134, 97]
[71, 138, 96]
[66, 132, 93]
[65, 135, 96]
[65, 128, 98]
[71, 135, 98]
[74, 134, 97]
[72, 140, 95]
[73, 127, 92]
[72, 134, 93]
[70, 127, 94]
[68, 137, 99]
[68, 135, 100]
[69, 142, 99]
[68, 139, 97]
[67, 137, 99]
[68, 137, 99]
[67, 137, 99]
[71, 135, 98]
[71, 140, 95]
[68, 126, 97]
[68, 129, 99]
[64, 126, 99]
[65, 128, 102]
[66, 124, 99]
[68, 137, 99]
[67, 137, 99]
[72, 138, 96]
[73, 150, 100]
[73, 143, 96]
[71, 135, 98]
[68, 134, 95]
[66, 132, 93]
[67, 120, 96]
[66, 124, 99]
[65, 125, 100]
[68, 125, 98]
[67, 139, 97]
[69, 142, 99]
[72, 135, 98]
[72, 133, 100]
[74, 134, 97]
[71, 127, 94]
[68, 137, 99]
[68, 135, 100]
[67, 137, 99]
[68, 135, 100]
[68, 139, 101]
[68, 138, 102]
[68, 135, 100]
[72, 150, 100]
[72, 141, 98]
[74, 142, 95]
[72, 144, 92]
[72, 139, 90]
[74, 143, 91]
[74, 146, 101]
[73, 135, 102]
[72, 143, 105]
[72, 131, 105]
[69, 140, 109]
[70, 139, 110]
[69, 138, 111]
[72, 127, 108]
[69, 139, 110]
[70, 140, 109]
[68, 131, 107]
[70, 144, 106]
[68, 136, 103]
[70, 152, 104]
[69, 149, 106]
[70, 142, 108]
[68, 135, 100]
[68, 128, 100]
[68, 126, 101]
[65, 130, 100]
[65, 128, 98]
[67, 133, 96]
[67, 130, 98]
[68, 131, 103]
[68, 139, 101]
[69, 139, 101]
[71, 134, 99]
[71, 131, 101]
[68, 128, 100]
[70, 126, 99]
[74, 129, 101]
[72, 134, 99]
[71, 120, 100]
[68, 128, 100]
[67, 130, 98]
[68, 125, 98]
[68, 125, 98]
[70, 128, 98]
[70, 128, 98]
[67, 122, 94]
[64, 108, 97]
[64, 118, 99]
[63, 118, 99]
[64, 120, 98]
[64, 109, 96]
[65, 118, 97]
[68, 125, 98]
[70, 126, 99]
[70, 125, 96]
[70, 121, 93]
[65, 114, 92]
[65, 119, 92]
[65, 120, 96]
[67, 117, 98]
[71, 117, 96]
[71, 125, 96]
[73, 123, 95]
[73, 130, 94]
[71, 129, 93]
[68, 133, 96]
[68, 139, 97]
[67, 137, 99]
[72, 148, 102]
[73, 139, 99]
[73, 141, 98]
[74, 144, 94]
[73, 149, 101]
[68, 134, 101]
[66, 129, 95]
[68, 134, 95]
[68, 142, 95]
[67, 133, 96]
[68, 133, 96]
[71, 130, 92]
[67, 134, 95]
[68, 142, 95]
[68, 126, 97]
[67, 129, 99]
[65, 117, 98]
[64, 121, 97]
[66, 126, 97]
[68, 137, 99]
[70, 132, 95]
[70, 129, 97]
[70, 128, 98]
[71, 134, 99]
[67, 130, 98]
[67, 134, 95]
[68, 136, 94]
[67, 133, 96]
[69, 145, 97]
[73, 158, 95]
[75, 147, 92]
[74, 154, 96]
[73, 141, 98]
[71, 141, 94]
[70, 136, 92]
[70, 132, 91]
[70, 130, 92]
[70, 133, 94]
[68, 133, 96]
[66, 125, 98]
[67, 128, 100]
[69, 138, 102]
[74, 148, 100]
[73, 141, 98]
[74, 133, 98]
[72, 131, 101]
[74, 130, 100]
[72, 136, 101]
[72, 149, 101]
[72, 135, 98]
[74, 131, 99]
[72, 129, 103]
[69, 138, 102]
[68, 129, 99]
[66, 126, 97]
[71, 133, 100]
[73, 135, 102]
[74, 137, 99]
[74, 148, 100]
[72, 135, 102]
[72, 141, 107]
[72, 134, 103]
[70, 146, 105]
[69, 136, 103]
[67, 136, 105]
[68, 132, 106]
[68, 135, 104]
[69, 135, 104]
[69, 142, 108]
[68, 131, 103]
[70, 146, 105]
[68, 136, 103]
[68, 136, 103]
[68, 147, 106]
[66, 126, 97]
[68, 129, 99]
[68, 129, 99]
[67, 134, 101]
[68, 134, 101]
[67, 129, 99]
[68, 126, 97]
[67, 135, 100]
[70, 146, 105]
[73, 135, 102]
[74, 137, 99]
[68, 129, 99]
[70, 124, 97]
[72, 126, 105]
[74, 133, 102]
[73, 138, 100]
[73, 143, 96]
[68, 129, 99]
[70, 121, 99]
[70, 126, 99]
[68, 129, 99]
[65, 116, 99]
[64, 106, 99]
[66, 110, 100]
[66, 112, 98]
[62, 109, 98]
[64, 128, 98]
[65, 128, 98]
[67, 128, 100]
[66, 122, 100]
[68, 122, 100]
[71, 131, 101]
[73, 123, 95]
[70, 130, 92]
[65, 114, 92]
[63, 117, 96]
[62, 110, 97]
[65, 113, 97]
[65, 113, 97]
[70, 117, 96]
[72, 129, 97]
[73, 117, 94]
[71, 125, 96]
[68, 129, 95]
[65, 128, 98]
[65, 131, 99]
[68, 134, 101]
[72, 134, 99]
[73, 141, 98]
[74, 134, 97]
[71, 135, 98]
[69, 142, 99]
[70, 151, 101]
[66, 138, 100]
[65, 128, 98]
[67, 133, 96]
[68, 136, 94]
[70, 133, 94]
[70, 133, 94]
[68, 134, 95]
[67, 133, 96]
[67, 120, 96]
[64, 110, 95]
[65, 122, 94]
[65, 132, 95]
[68, 139, 97]
[66, 129, 95]
[67, 130, 98]
[67, 129, 99]
[72, 141, 98]
[69, 155, 99]
[68, 139, 97]
[67, 134, 101]
[72, 139, 99]
[73, 143, 96]
[76, 152, 97]
[73, 143, 96]
[73, 150, 100]
[68, 129, 99]
[67, 130, 98]
[67, 130, 98]
[66, 126, 97]
[70, 124, 97]
[68, 129, 99]
[68, 124, 99]
[67, 128, 100]
[68, 136, 103]
[72, 136, 101]
[73, 148, 102]
[74, 145, 102]
[73, 146, 103]
[71, 133, 100]
[73, 138, 100]
[73, 138, 100]
[73, 141, 98]
[74, 138, 94]
[74, 131, 99]
[72, 134, 99]
[66, 126, 97]
[65, 130, 100]
[65, 125, 104]
[66, 122, 100]
[66, 122, 100]
[68, 133, 102]
[68, 136, 103]
[69, 135, 104]
[72, 134, 103]
[72, 146, 103]
[74, 140, 106]
[72, 130, 106]
[68, 135, 104]
[70, 144, 106]
[70, 140, 109]
[68, 131, 107]
[69, 131, 107]
[68, 131, 107]
[70, 140, 109]
[68, 135, 104]
[69, 145, 97]
[68, 147, 106]
[73, 121, 97]
[70, 126, 99]
[68, 124, 99]
[65, 126, 103]
[63, 126, 105]
[66, 131, 105]
[68, 132, 106]
[69, 138, 102]
[69, 139, 101]
[71, 130, 102]
[67, 125, 102]
[67, 116, 99]
[66, 110, 100]
[65, 110, 104]
[67, 121, 105]
[68, 134, 101]
[67, 128, 100]
[68, 135, 100]
[68, 129, 99]
[65, 129, 101]
[64, 130, 100]
[64, 128, 98]
[64, 110, 95]
[65, 115, 95]
[69, 114, 94]
[70, 125, 96]
[70, 132, 95]
[71, 138, 96]
[69, 140, 100]
[68, 134, 101]
[67, 135, 100]
[69, 139, 101]
[70, 151, 101]
[67, 135, 100]
[66, 124, 99]
[68, 128, 100]
[65, 115, 95]
[63, 119, 94]
[65, 118, 93]
[66, 126, 97]
[68, 130, 98]
[64, 118, 99]
[68, 125, 98]
[66, 126, 97]
[66, 129, 95]
[68, 130, 98]
[70, 125, 96]
[70, 133, 94]
[68, 130, 94]
[65, 135, 96]
[68, 129, 95]
[67, 144, 94]
[67, 142, 95]
[66, 141, 98]
[64, 126, 99]
[67, 133, 96]
[71, 130, 92]
[72, 132, 95]
[72, 129, 97]
[68, 129, 95]
[68, 139, 97]
[67, 137, 99]
[67, 129, 99]
[67, 120, 96]
[67, 129, 99]
[70, 124, 97]
[68, 129, 99]
[67, 137, 99]
[68, 130, 98]
[72, 129, 97]
[71, 124, 97]
[70, 129, 97]
[68, 130, 98]
[66, 125, 98]
[70, 121, 99]
[72, 134, 99]
[73, 150, 100]
[69, 139, 101]
[68, 130, 104]
[67, 134, 101]
[67, 137, 99]
[71, 133, 100]
[72, 131, 101]
[72, 139, 99]
[74, 149, 99]
[73, 154, 101]
[75, 159, 101]
[76, 158, 102]
[77, 153, 100]
[74, 148, 100]
[70, 149, 103]
[68, 133, 102]
[68, 133, 102]
[72, 130, 102]
[72, 130, 102]
[68, 125, 102]
[66, 120, 102]
[71, 129, 103]
[71, 126, 105]
[68, 124, 103]
[68, 131, 103]
[67, 133, 102]
[69, 136, 103]
[72, 131, 105]
[69, 135, 104]
[70, 146, 105]
[69, 138, 102]
[71, 131, 101]
[74, 134, 101]
[73, 144, 108]
[73, 147, 106]
[73, 147, 106]
[70, 144, 106]
[70, 146, 105]
[70, 146, 105]
[68, 135, 104]
[68, 145, 107]
[66, 131, 105]
[67, 130, 104]
[66, 131, 105]
[70, 124, 97]
[70, 126, 99]
[68, 124, 99]
[67, 134, 101]
[66, 134, 103]
[67, 134, 101]
[69, 150, 102]
[69, 140, 100]
[68, 131, 103]
[67, 121, 105]
[66, 121, 101]
[62, 114, 98]
[61, 109, 98]
[64, 118, 99]
[65, 120, 96]
[66, 138, 100]
[68, 142, 99]
[68, 137, 99]
[68, 126, 97]
[64, 130, 100]
[64, 128, 98]
[67, 130, 98]
[65, 114, 96]
[69, 114, 94]
[73, 126, 93]
[71, 130, 92]
[72, 133, 94]
[73, 143, 96]
[72, 150, 100]
[69, 142, 99]
[70, 158, 97]
[69, 146, 96]
[70, 151, 101]
[67, 135, 100]
[68, 129, 99]
[70, 129, 97]
[68, 126, 97]
[67, 120, 96]
[68, 126, 97]
[66, 126, 97]
[68, 129, 99]
[66, 124, 99]
[68, 130, 98]
[66, 126, 97]
[72, 129, 97]
[70, 133, 94]
[73, 129, 91]
[68, 136, 94]
[66, 129, 95]
[65, 130, 100]
[68, 124, 99]
[71, 134, 99]
[72, 143, 96]
[66, 138, 100]
[65, 130, 100]
[65, 120, 96]
[73, 128, 96]
[71, 125, 96]
[70, 125, 96]
[68, 130, 98]
[68, 139, 101]
[68, 135, 100]
[68, 129, 99]
[65, 120, 96]
[66, 126, 97]
[68, 126, 97]
[67, 129, 99]
[69, 140, 100]
[73, 145, 104]
[72, 131, 101]
[73, 126, 97]
[72, 129, 97]
[67, 122, 94]
[67, 122, 94]
[70, 124, 97]
[72, 134, 99]
[75, 134, 97]
[71, 140, 95]
[68, 139, 97]
[67, 135, 100]
[68, 131, 103]
[72, 134, 99]
[74, 137, 99]
[73, 139, 99]
[73, 139, 99]
[75, 151, 101]
[75, 156, 103]
[76, 149, 103]
[77, 144, 103]
[74, 142, 104]
[72, 129, 103]
[68, 133, 102]
[67, 124, 103]
[68, 121, 105]
[66, 117, 105]
[68, 120, 106]
[68, 120, 106]
[68, 128, 106]
[72, 130, 102]
[71, 134, 99]
[69, 139, 101]
[69, 138, 102]
[68, 135, 104]
[72, 135, 102]
[69, 146, 105]
[69, 138, 102]
[69, 140, 100]
[71, 134, 99]
[74, 145, 102]
[73, 145, 104]
[73, 147, 106]
[75, 143, 107]
[75, 143, 107]
[72, 146, 103]
[69, 139, 101]
[70, 147, 104]
[67, 136, 105]
[69, 142, 108]
[67, 126, 107]
[67, 128, 106]
[73, 139, 99]
[72, 136, 101]
[68, 129, 99]
[66, 126, 97]
[69, 140, 100]
[68, 139, 101]
[67, 135, 100]
[68, 134, 101]
[67, 133, 96]
[67, 123, 93]
[61, 110, 97]
[62, 113, 99]
[59, 113, 99]
[63, 114, 98]
[68, 124, 99]
[67, 129, 99]
[68, 137, 99]
[68, 133, 96]
[66, 126, 97]
[68, 126, 101]
[68, 133, 102]
[67, 128, 100]
[68, 130, 98]
[70, 125, 96]
[70, 133, 94]
[67, 123, 93]
[68, 129, 95]
[68, 126, 101]
[73, 146, 103]
[74, 137, 99]
[73, 139, 99]
[70, 128, 98]
[70, 132, 95]
[72, 132, 95]
[72, 129, 97]
[74, 137, 95]
[72, 140, 95]
[68, 133, 96]
[65, 131, 99]
[65, 126, 99]
[67, 129, 99]
[70, 124, 97]
[72, 132, 95]
[72, 138, 96]
[76, 149, 99]
[74, 139, 97]
[70, 129, 97]
[68, 130, 98]
[67, 128, 100]
[68, 135, 100]
[68, 125, 98]
[71, 134, 99]
[68, 137, 99]
[68, 130, 98]
[63, 122, 92]
[62, 102, 90]
[72, 109, 91]
[71, 122, 92]
[68, 130, 94]
[68, 137, 99]
[68, 137, 99]
[71, 135, 98]
[68, 133, 96]
[70, 127, 94]
[68, 126, 97]
[71, 135, 98]
[72, 138, 100]
[72, 138, 100]
[72, 148, 102]
[72, 139, 99]
[73, 141, 98]
[72, 128, 98]
[73, 121, 97]
[71, 125, 96]
[74, 123, 95]
[76, 131, 99]
[76, 134, 101]
[78, 137, 97]
[74, 146, 101]
[74, 129, 101]
[74, 128, 102]
[72, 130, 102]
[72, 133, 100]
[74, 134, 97]
[71, 133, 100]
[68, 131, 103]
[72, 134, 103]
[72, 141, 107]
[73, 135, 102]
[74, 129, 101]
[68, 130, 104]
[68, 128, 106]
[71, 125, 106]
[68, 126, 107]
[66, 120, 102]
[65, 129, 101]
[68, 134, 101]
[68, 138, 102]
[71, 130, 102]
[74, 130, 100]
[74, 135, 100]
[72, 138, 100]
[70, 123, 102]
[70, 119, 105]
[71, 125, 106]
[71, 126, 105]
[68, 130, 104]
[68, 128, 106]
[72, 135, 102]
[72, 136, 101]
[73, 134, 103]
[73, 144, 108]
[73, 148, 105]
[76, 150, 102]
[73, 150, 104]
[75, 151, 101]
[68, 139, 101]
[72, 146, 103]
[68, 132, 106]
[68, 128, 106]
[74, 134, 101]
[72, 138, 100]
[67, 129, 99]
[68, 121, 101]
[67, 125, 102]
[68, 131, 103]
[67, 128, 100]
[68, 126, 97]
[70, 129, 97]
[70, 113, 99]
[68, 126, 101]
[66, 124, 99]
[66, 125, 98]
[66, 124, 99]
[68, 124, 99]
[71, 131, 101]
[72, 138, 100]
[72, 138, 100]
[69, 140, 100]
[65, 130, 100]
[67, 126, 101]
[66, 134, 103]
[66, 134, 103]
[68, 129, 99]
[68, 126, 97]
[63, 117, 96]
[65, 128, 98]
[66, 122, 100]
[67, 135, 100]
[70, 129, 97]
[70, 129, 97]
[70, 114, 98]
[70, 118, 95]
[70, 125, 96]
[71, 125, 96]
[71, 133, 100]
[68, 137, 99]
[68, 130, 98]
[67, 130, 98]
[65, 128, 98]
[65, 131, 99]
[66, 126, 97]
[70, 129, 97]
[73, 145, 95]
[74, 142, 95]
[73, 154, 98]
[69, 148, 95]
[71, 141, 94]
[67, 141, 96]
[67, 136, 94]
[68, 129, 95]
[67, 128, 100]
[71, 124, 97]
[70, 132, 95]
[66, 122, 90]
[65, 120, 91]
[69, 114, 94]
[71, 122, 98]
[71, 124, 97]
[72, 135, 98]
[74, 134, 97]
[72, 129, 97]
[73, 122, 96]
[72, 126, 99]
[74, 134, 97]
[72, 141, 98]
[72, 149, 101]
[68, 137, 99]
[72, 150, 100]
[72, 141, 98]
[72, 135, 98]
[72, 135, 98]
[72, 128, 98]
[73, 126, 97]
[74, 124, 99]
[75, 137, 99]
[76, 139, 97]
[78, 147, 99]
[76, 134, 101]
[74, 145, 102]
[73, 124, 99]
[72, 125, 100]
[73, 120, 98]
[68, 122, 100]
[67, 126, 101]
[68, 121, 101]
[70, 123, 102]
[73, 134, 103]
[74, 144, 103]
[73, 138, 100]
[74, 146, 101]
[73, 151, 103]
[74, 148, 100]
[72, 136, 101]
[68, 125, 102]
[65, 125, 104]
[66, 120, 102]
[71, 130, 102]
[72, 124, 101]
[72, 123, 102]
[73, 122, 100]
[72, 130, 102]
[74, 145, 102]
[73, 139, 99]
[74, 152, 97]
[73, 141, 98]
[72, 123, 102]
[68, 125, 102]
[67, 126, 101]
[71, 130, 102]
[74, 144, 103]
[73, 138, 100]
[74, 134, 101]
[73, 143, 105]
[73, 147, 106]
[74, 142, 104]
[73, 143, 105]
[74, 130, 104]
[73, 134, 103]
[70, 147, 104]
[67, 130, 98]
[68, 129, 99]
[70, 121, 99]
[73, 124, 99]
[71, 124, 97]
[73, 128, 96]
[73, 122, 96]
[70, 126, 99]
[74, 130, 100]
[72, 130, 102]
[74, 130, 100]
[71, 134, 99]
[73, 141, 98]
[75, 133, 98]
[72, 126, 99]
[68, 125, 102]
[67, 125, 102]
[68, 130, 104]
[71, 130, 102]
[72, 126, 99]
[66, 126, 97]
[68, 137, 99]
[67, 137, 99]
[70, 128, 98]
[68, 125, 98]
[65, 118, 97]
[66, 113, 97]
[66, 125, 98]
[68, 130, 98]
[68, 129, 95]
[71, 123, 91]
[69, 116, 92]
[67, 120, 96]
[67, 117, 98]
[68, 130, 98]
[70, 125, 96]
[72, 135, 98]
[74, 134, 97]
[67, 130, 98]
[64, 131, 99]
[64, 120, 98]
[65, 114, 96]
[65, 120, 96]
[66, 126, 97]
[67, 129, 99]
[68, 135, 100]
[69, 150, 102]
[72, 143, 96]
[68, 137, 99]
[65, 131, 99]
[65, 120, 96]
[65, 120, 96]
[71, 127, 94]
[72, 133, 94]
[72, 129, 97]
[70, 125, 96]
[71, 125, 96]
[72, 129, 97]
[68, 126, 97]
[68, 130, 98]
[71, 135, 98]
[72, 134, 99]
[74, 131, 99]
[72, 129, 97]
[74, 138, 94]
[73, 145, 95]
[74, 138, 94]
[72, 132, 95]
[72, 135, 98]
[69, 142, 99]
[72, 138, 100]
[71, 134, 99]
[67, 128, 100]
[68, 121, 101]
[66, 120, 102]
[71, 130, 102]
[73, 135, 102]
[73, 138, 100]
[74, 137, 99]
[74, 145, 102]
[72, 125, 100]
[67, 116, 99]
[71, 110, 97]
[71, 122, 98]
[73, 123, 95]
[72, 129, 97]
[73, 121, 97]
[72, 126, 105]
[72, 126, 105]
[75, 131, 99]
[75, 138, 98]
[76, 135, 100]
[77, 146, 105]
[74, 140, 106]
[74, 130, 104]
[72, 125, 106]
[73, 119, 103]
[71, 119, 101]
[73, 121, 97]
[72, 131, 101]
[74, 145, 102]
[73, 135, 102]
[74, 134, 101]
[73, 146, 103]
[74, 146, 101]
[73, 145, 104]
[74, 128, 102]
[72, 129, 103]
[73, 135, 102]
[72, 134, 103]
[72, 139, 108]
[72, 129, 107]
[73, 143, 105]
[73, 148, 93]
[73, 141, 98]
[75, 153, 100]
[76, 148, 100]
[77, 156, 103]
[75, 159, 104]
[70, 149, 106]
[67, 128, 106]
[68, 125, 102]
[71, 121, 99]
[72, 125, 100]
[73, 126, 97]
[73, 130, 90]
[73, 121, 97]
[70, 128, 98]
[74, 139, 97]
[73, 141, 98]
[72, 131, 101]
[71, 130, 102]
[72, 128, 98]
[72, 129, 97]
[72, 126, 99]
[68, 124, 99]
[68, 126, 97]
[67, 130, 98]
[73, 128, 96]
[72, 129, 97]
[73, 123, 95]
[68, 130, 98]
[71, 135, 98]
[70, 128, 98]
[66, 126, 97]
[65, 117, 98]
[65, 117, 98]
[66, 122, 100]
[70, 128, 98]
[71, 129, 93]
[73, 135, 91]
[68, 130, 94]
[68, 130, 98]
[70, 125, 96]
[70, 128, 98]
[70, 122, 98]
[73, 125, 98]
[71, 134, 99]
[67, 137, 99]
[66, 141, 98]
[68, 129, 95]
[65, 115, 95]
[63, 117, 96]
[64, 121, 97]
[68, 130, 98]
[67, 130, 98]
[69, 139, 101]
[67, 134, 101]
[67, 130, 98]
[68, 130, 98]
[66, 115, 95]
[65, 118, 97]
[71, 125, 96]
[71, 127, 94]
[73, 123, 95]
[70, 129, 97]
[70, 125, 96]
[71, 135, 98]
[68, 125, 98]
[71, 135, 98]
[72, 141, 98]
[72, 141, 98]
[68, 137, 99]
[70, 129, 97]
[74, 134, 97]
[73, 141, 98]
[74, 131, 99]
[72, 131, 101]
[70, 125, 100]
[68, 131, 103]
[69, 144, 106]
[68, 128, 106]
[66, 117, 105]
[64, 123, 106]
[67, 126, 101]
[68, 142, 99]
[67, 134, 101]
[71, 133, 100]
[73, 150, 100]
[75, 142, 95]
[71, 125, 96]
[67, 120, 96]
[71, 125, 96]
[71, 124, 97]
[74, 117, 100]
[74, 124, 99]
[73, 128, 96]
[70, 128, 98]
[71, 120, 100]
[72, 124, 101]
[73, 124, 99]
[75, 137, 99]
[75, 137, 99]
[74, 144, 103]
[73, 146, 103]
[74, 129, 101]
[73, 117, 100]
[72, 123, 102]
[73, 143, 105]
[74, 134, 101]
[73, 145, 104]
[72, 135, 102]
[72, 148, 102]
[72, 141, 98]
[74, 139, 97]
[73, 149, 101]
[74, 135, 100]
[72, 131, 101]
[69, 136, 103]
[69, 136, 103]
[69, 144, 106]
[68, 128, 106]
[68, 128, 106]
[72, 134, 103]
[73, 136, 101]
[76, 150, 102]
[77, 151, 101]
[78, 158, 100]
[75, 158, 102]
[70, 146, 105]
[73, 148, 102]
[69, 138, 102]
[67, 133, 102]
[68, 134, 101]
[70, 125, 100]
[70, 114, 98]
[70, 122, 98]
[70, 121, 99]
[73, 125, 98]
[71, 130, 102]
[67, 131, 103]
[68, 125, 102]
[68, 122, 100]
[65, 114, 101]
[66, 118, 104]
[68, 120, 102]
[66, 122, 100]
[70, 128, 98]
[73, 128, 96]
[71, 125, 96]
[74, 137, 95]
[74, 137, 95]
[74, 132, 93]
[71, 127, 94]
[65, 118, 97]
[67, 110, 104]
[65, 110, 104]
[66, 122, 100]
[72, 138, 96]
[72, 141, 94]
[70, 134, 93]
[68, 134, 95]
[67, 133, 96]
[71, 134, 99]
[69, 151, 101]
[69, 140, 100]
[68, 128, 100]
[65, 130, 100]
[66, 126, 97]
[68, 137, 99]
[70, 127, 94]
[70, 132, 95]
[67, 123, 93]
[67, 122, 94]
[65, 115, 95]
[63, 117, 96]
[63, 117, 96]
[65, 120, 96]
[68, 128, 100]
[66, 125, 98]
[66, 126, 97]
[70, 125, 96]
[71, 124, 97]
[72, 135, 98]
[72, 135, 98]
[68, 137, 99]
[68, 126, 97]
[65, 134, 97]
[67, 137, 99]
[68, 142, 99]
[69, 151, 101]
[69, 138, 102]
[67, 133, 102]
[65, 128, 102]
[67, 128, 100]
[67, 135, 100]
[68, 129, 99]
[67, 134, 101]
[69, 138, 102]
[67, 139, 103]
[67, 139, 103]
[69, 144, 106]
[66, 129, 107]
[65, 131, 105]
[67, 141, 101]
[69, 151, 101]
[69, 150, 102]
[69, 138, 102]
[68, 128, 106]
[71, 129, 103]
[72, 126, 99]
[70, 126, 99]
[70, 120, 100]
[72, 125, 100]
[74, 134, 97]
[75, 139, 97]
[74, 146, 101]
[68, 134, 101]
[67, 128, 100]
[72, 125, 100]
[73, 118, 99]
[71, 130, 102]
[68, 136, 103]
[68, 131, 103]
[70, 146, 105]
[71, 131, 101]
[74, 134, 101]
[73, 138, 100]
[74, 137, 99]
[73, 148, 102]
[72, 145, 104]
[72, 144, 108]
[74, 129, 105]
[73, 143, 105]
[73, 148, 102]
[72, 138, 100]
[70, 144, 106]
[69, 135, 104]
[67, 126, 107]
[66, 127, 108]
[65, 125, 104]
[68, 135, 100]
[70, 149, 103]
[69, 136, 103]
[70, 147, 104]
[72, 138, 100]
[74, 138, 98]
[72, 135, 98]
[74, 129, 101]
[72, 135, 102]
[73, 149, 101]
[72, 135, 102]
[70, 144, 106]
[71, 129, 103]
[70, 119, 101]
[70, 123, 102]
[71, 120, 100]
[70, 124, 101]
[66, 121, 101]
[68, 124, 103]
[70, 120, 100]
[70, 125, 100]
[66, 124, 99]
[67, 116, 99]
[65, 116, 99]
[65, 124, 101]
[66, 125, 98]
[70, 129, 97]
[73, 124, 99]
[71, 122, 98]
[72, 132, 95]
[75, 137, 95]
[73, 123, 95]
[70, 128, 98]
[67, 130, 98]
[67, 120, 96]
[68, 129, 95]
[66, 125, 98]
[72, 146, 103]
[73, 135, 102]
[69, 140, 100]
[68, 137, 99]
[67, 137, 99]
[69, 145, 97]
[67, 139, 97]
[71, 135, 98]
[70, 132, 95]
[67, 122, 94]
[68, 129, 99]
[66, 122, 100]
[68, 130, 98]
[70, 132, 95]
[71, 129, 93]
[70, 129, 97]
[68, 126, 97]
[63, 116, 97]
[63, 116, 97]
[62, 112, 96]
[64, 123, 95]
[65, 130, 96]
[65, 130, 96]
[67, 134, 95]
[68, 139, 97]
[73, 143, 96]
[73, 150, 100]
[71, 135, 98]
[68, 130, 98]
[68, 129, 99]
[66, 124, 99]
[67, 130, 98]
[67, 130, 98]
[72, 143, 96]
[68, 137, 99]
[66, 135, 102]
[66, 126, 97]
[67, 130, 98]
[68, 124, 99]
[67, 126, 101]
[70, 146, 105]
[68, 135, 104]
[69, 144, 106]
[70, 147, 104]
[70, 146, 105]
[67, 137, 104]
[69, 147, 104]
[72, 149, 101]
[70, 150, 102]
[70, 149, 103]
[72, 135, 102]
[71, 130, 102]
[72, 138, 100]
[71, 135, 98]
[66, 120, 102]
[68, 130, 104]
[73, 143, 105]
[74, 130, 104]
[73, 141, 107]
[72, 134, 103]
[71, 133, 100]
[74, 130, 100]
[72, 128, 98]
[68, 133, 102]
[67, 130, 104]
[66, 127, 108]
[65, 123, 106]
[65, 125, 104]
[67, 128, 100]
[68, 137, 99]
[73, 149, 101]
[73, 141, 98]
[74, 149, 99]
[72, 154, 98]
[72, 149, 101]
[72, 150, 100]
[68, 142, 99]
[72, 135, 102]
[67, 130, 104]
[68, 130, 104]
[67, 124, 103]
[65, 126, 103]
[66, 121, 101]
[70, 125, 100]
[74, 133, 102]
[73, 134, 103]
[69, 139, 101]
[68, 133, 102]
[66, 124, 99]
[70, 128, 98]
[70, 124, 97]
[68, 129, 99]
[69, 149, 103]
[69, 139, 101]
[72, 138, 100]
[73, 149, 101]
[76, 149, 99]
[75, 134, 97]
[71, 124, 97]
[73, 122, 100]
[71, 122, 98]
[73, 125, 98]
[70, 124, 97]
[72, 131, 101]
[68, 125, 102]
[68, 125, 102]
[65, 124, 101]
[65, 128, 102]
[67, 126, 101]
[70, 121, 99]
[71, 124, 97]
[72, 128, 98]
[72, 131, 101]
[68, 134, 101]
[68, 126, 97]
[67, 130, 98]
[68, 125, 98]
[70, 128, 98]
[68, 126, 97]
[67, 129, 99]
[69, 142, 99]
[68, 145, 97]
[68, 153, 102]
[68, 138, 102]
[68, 138, 102]
[68, 134, 101]
[67, 126, 101]
[70, 124, 97]
[73, 130, 94]
[70, 127, 94]
[68, 126, 97]
[67, 135, 100]
[69, 150, 102]
[71, 134, 99]
[72, 135, 98]
[73, 141, 98]
[72, 148, 102]
[69, 139, 101]
[70, 128, 98]
[70, 129, 97]
[67, 122, 94]
[66, 126, 97]
[65, 130, 100]
[67, 134, 101]
[69, 147, 104]
[69, 138, 102]
[67, 131, 103]
[68, 128, 100]
[68, 130, 98]
[65, 128, 98]
[66, 125, 98]
[70, 128, 98]
[73, 128, 96]
[72, 135, 98]
[74, 134, 97]
[72, 138, 100]
[72, 139, 99]
[72, 134, 99]
[74, 138, 98]
[73, 138, 100]
[74, 142, 104]
[73, 134, 103]
[73, 148, 102]
[72, 135, 102]
[70, 144, 106]
[72, 135, 102]
[74, 157, 104]
[76, 153, 100]
[76, 158, 102]
[76, 148, 100]
[74, 146, 101]
[74, 130, 100]
[74, 137, 99]
[74, 135, 100]
[72, 125, 100]
[74, 133, 98]
[74, 146, 101]
[74, 133, 102]
[74, 133, 102]
[72, 130, 102]
[73, 118, 99]
[72, 124, 101]
[73, 122, 100]
[72, 135, 102]
[70, 144, 106]
[67, 133, 107]
[63, 124, 107]
[64, 122, 107]
[67, 132, 108]
[73, 131, 105]
[77, 146, 101]
[77, 153, 100]
[74, 144, 103]
[74, 135, 100]
[73, 139, 99]
[72, 150, 100]
[69, 151, 101]
[69, 142, 99]
[68, 139, 101]
[70, 144, 106]
[68, 117, 105]
[67, 120, 106]
[68, 121, 105]
[66, 121, 101]
[69, 136, 103]
[72, 135, 102]
[69, 144, 106]
[68, 130, 104]
[68, 134, 101]
[67, 137, 99]
[68, 135, 100]
[67, 137, 99]
[68, 139, 101]
[69, 142, 99]
[69, 139, 101]
[73, 148, 102]
[73, 150, 100]
[74, 137, 95]
[73, 121, 97]
[72, 124, 101]
[73, 120, 98]
[73, 122, 100]
[68, 122, 100]
[70, 125, 100]
[68, 130, 98]
[68, 130, 98]
[66, 125, 98]
[68, 128, 100]
[68, 125, 98]
[68, 128, 100]
[71, 122, 98]
[72, 126, 99]
[70, 125, 100]
[68, 125, 102]
[65, 124, 101]
[67, 128, 100]
[68, 137, 99]
[71, 135, 98]
[66, 124, 99]
[68, 125, 102]
[67, 124, 103]
[66, 131, 105]
[65, 140, 104]
[65, 138, 100]
[67, 135, 100]
[67, 134, 101]
[67, 128, 100]
[68, 125, 98]
[66, 126, 97]
[68, 122, 100]
[68, 120, 102]
[67, 124, 103]
[68, 125, 98]
[67, 129, 99]
[67, 137, 99]
[69, 142, 99]
[68, 140, 100]
[72, 150, 100]
[73, 154, 98]
[74, 134, 97]
[67, 128, 100]
[68, 124, 99]
[67, 126, 101]
[66, 138, 100]
[67, 141, 101]
[66, 136, 101]
[65, 129, 101]
[65, 131, 99]
[68, 126, 97]
[67, 130, 98]
[66, 126, 97]
[70, 129, 97]
[74, 134, 97]
[72, 135, 98]
[73, 148, 102]
[74, 137, 99]
[74, 139, 97]
[72, 135, 98]
[73, 141, 98]
[74, 137, 95]
[73, 141, 98]
[74, 139, 97]
[73, 146, 103]
[72, 139, 99]
[71, 134, 99]
[72, 139, 99]
[73, 138, 100]
[73, 148, 102]
[74, 148, 100]
[75, 137, 99]
[76, 146, 101]
[75, 137, 99]
[75, 134, 101]
[75, 129, 101]
[76, 133, 102]
[75, 133, 102]
[76, 134, 101]
[74, 149, 99]
[73, 125, 98]
[72, 133, 100]
[71, 119, 101]
[73, 122, 100]
[74, 133, 102]
[69, 138, 102]
[69, 147, 104]
[67, 139, 103]
[65, 132, 104]
[65, 131, 105]
[68, 143, 109]
[74, 145, 102]
[78, 154, 103]
[76, 150, 102]
[77, 146, 101]
[74, 144, 103]
[72, 146, 103]
[69, 135, 104]
[68, 131, 107]
[70, 149, 106]
[68, 135, 104]
[68, 141, 110]
[67, 120, 106]
[67, 120, 106]
[68, 120, 106]
[66, 120, 102]
[68, 138, 102]
[69, 139, 101]
[68, 137, 99]
[67, 135, 100]
[68, 135, 100]
[67, 134, 101]
[67, 134, 101]
[69, 142, 99]
[72, 138, 100]
[74, 146, 101]
[72, 138, 100]
[68, 133, 102]
[67, 133, 102]
[71, 131, 101]
[71, 122, 98]
[72, 124, 101]
[73, 118, 99]
[70, 129, 97]
[68, 125, 102]
[67, 114, 101]
[65, 108, 102]
[67, 114, 101]
[66, 115, 95]
[64, 120, 98]
[67, 121, 105]
[65, 119, 105]
[65, 123, 106]
[66, 120, 102]
[67, 125, 102]
[68, 121, 101]
[68, 125, 102]
[67, 133, 102]
[73, 149, 101]
[74, 138, 98]
[73, 141, 98]
[68, 130, 98]
[68, 115, 106]
[65, 109, 105]
[65, 114, 96]
[65, 126, 99]
[65, 131, 99]
[65, 126, 99]
[68, 129, 99]
[64, 118, 99]
[64, 120, 98]
[64, 118, 99]
[65, 118, 97]
[65, 120, 96]
[65, 120, 96]
[64, 125, 100]
[64, 125, 104]
[66, 120, 102]
[72, 135, 102]
[73, 141, 98]
[73, 146, 94]
[74, 149, 99]
[70, 146, 105]
[69, 136, 103]
[69, 151, 101]
[69, 142, 99]
[64, 136, 103]
[65, 135, 102]
[66, 136, 101]
[68, 137, 99]
[66, 126, 97]
[70, 129, 97]
[68, 126, 97]
[67, 133, 96]
[67, 130, 98]
[72, 135, 98]
[71, 135, 98]
[68, 129, 99]
[70, 124, 97]
[72, 133, 100]
[73, 139, 99]
[74, 134, 97]
[73, 126, 97]
[73, 128, 96]
[70, 128, 98]
[71, 134, 99]
[74, 135, 100]
[73, 150, 104]
[74, 137, 99]
[72, 138, 100]
[71, 122, 98]
[72, 128, 98]
[73, 124, 99]
[73, 138, 100]
[73, 138, 100]
[74, 130, 100]
[72, 131, 101]
[75, 131, 99]
[74, 146, 101]
[74, 128, 102]
[72, 120, 104]
[72, 129, 103]
[74, 146, 101]
[74, 139, 97]
[74, 137, 99]
[72, 138, 100]
[70, 150, 102]
[69, 139, 101]
[70, 144, 106]
[68, 135, 104]
[69, 147, 104]
[73, 150, 104]
[75, 147, 104]
[73, 146, 103]
[73, 148, 102]
[74, 145, 102]
[72, 146, 103]
[69, 150, 102]
[70, 150, 102]
[68, 139, 101]
[69, 144, 106]
[68, 126, 107]
[68, 130, 104]
[67, 126, 101]
[67, 125, 102]
[68, 120, 102]
[66, 120, 102]
[68, 121, 101]
[66, 124, 99]
[68, 130, 98]
[68, 130, 98]
[70, 125, 96]
[70, 127, 94]
[71, 141, 94]
[73, 148, 102]
[74, 131, 99]
[70, 124, 101]
[68, 124, 103]
[67, 125, 102]
[70, 121, 99]
[68, 122, 100]
[70, 123, 102]
[70, 124, 101]
[70, 122, 98]
[70, 125, 100]
[70, 126, 99]
[66, 124, 99]
[67, 115, 100]
[66, 108, 102]
[64, 115, 102]
[66, 122, 100]
[65, 125, 100]
[64, 124, 101]
[62, 124, 103]
[67, 125, 102]
[66, 124, 99]
[68, 125, 98]
[68, 133, 102]
[74, 135, 100]
[76, 137, 99]
[74, 128, 96]
[68, 130, 94]
[65, 119, 92]
[66, 118, 93]
[66, 115, 95]
[64, 106, 99]
[63, 112, 100]
[65, 123, 102]
[68, 125, 98]
[67, 130, 98]
[68, 126, 97]
[66, 125, 98]
[68, 129, 99]
[70, 125, 96]
[72, 128, 98]
[68, 126, 97]
[65, 130, 100]
[66, 121, 101]
[71, 122, 98]
[72, 135, 98]
[73, 141, 98]
[73, 141, 98]
[70, 151, 101]
[73, 141, 98]
[74, 149, 99]
[71, 135, 98]
[66, 126, 97]
[66, 136, 101]
[67, 134, 101]
[71, 130, 102]
[71, 121, 99]
[72, 129, 97]
[70, 124, 97]
[67, 134, 101]
[67, 134, 101]
[71, 133, 100]
[68, 125, 98]
[68, 130, 98]
[70, 125, 96]
[72, 129, 97]
[72, 126, 99]
[74, 131, 99]
[74, 149, 99]
[75, 142, 95]
[72, 150, 100]
[69, 139, 101]
[72, 138, 100]
[72, 153, 102]
[70, 149, 103]
[68, 134, 101]
[70, 119, 101]
[71, 129, 103]
[73, 148, 102]
[72, 138, 100]
[73, 136, 101]
[71, 133, 100]
[68, 135, 100]
[73, 141, 98]
[72, 135, 98]
[73, 125, 98]
[72, 123, 102]
[74, 134, 101]
[74, 137, 99]
[75, 153, 100]
[73, 150, 100]
[74, 133, 98]
[74, 145, 102]
[72, 138, 100]
[70, 140, 109]
[68, 130, 104]
[72, 146, 103]
[72, 138, 100]
[73, 148, 102]
[73, 141, 98]
[74, 148, 100]
[72, 138, 100]
[69, 140, 100]
[69, 150, 102]
[69, 147, 104]
[72, 138, 100]
[68, 136, 103]
[68, 130, 104]
[66, 121, 101]
[65, 126, 103]
[65, 123, 102]
[70, 128, 98]
[71, 124, 97]
[70, 121, 99]
[72, 126, 99]
[72, 135, 98]
[74, 137, 95]
[72, 144, 92]
[71, 151, 88]
[71, 147, 90]
[72, 130, 102]
[74, 128, 102]
[72, 133, 100]
[71, 133, 100]
[68, 134, 101]
[65, 129, 101]
[64, 124, 101]
[67, 125, 102]
[67, 126, 101]
[66, 136, 101]
[64, 130, 100]
[67, 126, 101]
[73, 120, 98]
[72, 126, 99]
[70, 125, 96]
[68, 129, 99]
[68, 126, 101]
[68, 125, 102]
[64, 128, 102]
[65, 124, 101]
[66, 122, 100]
[71, 130, 102]
[70, 124, 97]
[70, 128, 98]
[70, 125, 96]
[72, 129, 97]
[73, 128, 96]
[71, 122, 98]
[70, 121, 99]
[70, 116, 97]
[65, 109, 96]
[66, 113, 97]
[66, 126, 97]
[65, 128, 98]
[65, 128, 98]
[67, 130, 98]
[67, 130, 98]
[70, 129, 97]
[70, 125, 96]
[74, 134, 97]
[73, 127, 92]
[68, 134, 95]
[66, 126, 97]
[67, 128, 100]
[68, 122, 100]
[72, 135, 98]
[74, 134, 97]
[70, 129, 97]
[73, 124, 99]
[71, 125, 96]
[73, 122, 96]
[70, 128, 98]
[70, 129, 97]
[66, 124, 99]
[65, 128, 102]
[68, 130, 98]
[68, 137, 99]
[68, 137, 99]
[67, 128, 100]
[65, 128, 102]
[66, 122, 100]
[70, 128, 98]
[72, 128, 98]
[70, 124, 97]
[68, 122, 100]
[70, 123, 102]
[72, 129, 103]
[72, 134, 99]
[73, 141, 98]
[75, 151, 101]
[75, 158, 105]
[73, 148, 105]
[73, 146, 103]
[70, 147, 104]
[69, 139, 101]
[65, 126, 103]
[67, 121, 105]
[67, 131, 103]
[73, 139, 99]
[72, 148, 102]
[72, 136, 101]
[71, 133, 100]
[67, 129, 99]
[70, 129, 97]
[71, 125, 96]
[75, 134, 97]
[75, 137, 99]
[74, 137, 99]
[74, 135, 100]
[74, 144, 103]
[73, 143, 105]
[74, 135, 100]
[74, 148, 100]
[72, 141, 98]
[69, 151, 101]
[69, 142, 99]
[72, 150, 100]
[72, 135, 98]
[73, 126, 97]
[72, 134, 99]
[74, 138, 98]
[72, 143, 96]
[67, 141, 96]
[68, 137, 99]
[69, 150, 102]
[72, 138, 100]
[70, 144, 106]
[68, 130, 104]
[68, 121, 105]
[67, 124, 103]
[68, 125, 102]
[72, 133, 100]
[73, 143, 96]
[74, 144, 94]
[74, 134, 97]
[72, 140, 95]
[74, 140, 93]
[73, 150, 92]
[72, 162, 93]
[69, 152, 92]
[73, 146, 103]
[74, 137, 99]
[73, 134, 103]
[68, 130, 104]
[68, 134, 101]
[65, 134, 103]
[64, 125, 100]
[64, 129, 101]
[67, 133, 102]
[65, 131, 105]
[64, 123, 106]
[67, 119, 107]
[71, 116, 103]
[73, 122, 100]
[73, 121, 97]
[70, 125, 100]
[68, 126, 101]
[66, 124, 99]
[67, 128, 100]
[66, 122, 100]
[70, 124, 97]
[72, 129, 97]
[73, 128, 96]
[70, 117, 96]
[67, 129, 99]
[68, 126, 97]
[68, 126, 97]
[67, 118, 97]
[70, 118, 95]
[70, 124, 97]
[71, 113, 99]
[70, 114, 98]
[68, 122, 100]
[67, 133, 102]
[67, 139, 97]
[67, 129, 99]
[66, 124, 99]
[67, 126, 101]
[68, 121, 101]
[72, 124, 101]
[73, 126, 97]
[68, 137, 99]
[67, 135, 100]
[67, 137, 99]
[72, 135, 98]
[73, 141, 98]
[72, 135, 98]
[73, 130, 94]
[73, 128, 96]
[71, 125, 96]
[70, 125, 96]
[68, 130, 98]
[67, 133, 96]
[65, 130, 96]
[66, 125, 98]
[67, 135, 100]
[68, 129, 99]
[67, 129, 99]
[65, 128, 102]
[66, 122, 100]
[68, 124, 99]
[72, 129, 97]
[71, 125, 96]
[71, 135, 98]
[67, 130, 98]
[68, 139, 97]
[71, 134, 99]
[73, 136, 101]
[73, 149, 101]
[74, 148, 100]
[74, 160, 105]
[76, 156, 103]
[75, 156, 103]
[72, 146, 103]
[68, 131, 103]
[65, 126, 103]
[64, 126, 103]
[67, 124, 103]
[73, 135, 102]
[73, 139, 99]
[69, 138, 102]
[68, 131, 103]
[67, 131, 103]
[70, 124, 101]
[72, 124, 101]
[75, 137, 99]
[73, 139, 99]
[74, 139, 97]
[72, 138, 100]
[73, 145, 104]
[72, 133, 100]
[74, 134, 97]
[73, 149, 101]
[69, 139, 101]
[70, 147, 104]
[67, 131, 103]
[73, 148, 102]
[72, 135, 98]
[72, 135, 98]
[74, 133, 98]
[74, 149, 99]
[74, 144, 94]
[73, 146, 94]
[71, 138, 96]
[72, 149, 101]
[72, 136, 101]
[69, 138, 102]
[72, 136, 101]
[68, 128, 100]
[70, 125, 100]
[70, 123, 102]
[72, 130, 102]
[73, 149, 101]
[74, 139, 97]
[74, 149, 99]
[71, 140, 95]
[71, 143, 93]
[72, 150, 92]
[73, 153, 90]
[72, 156, 88]
H	tG3.21822G67.9668
MS	tG12.7029G136.558
V	tG5.07964G96.6012
